9.77491000000000 787.1
9.77501000000000 832.7
9.77493000000000 826.1
9.77498000000000 828.2
9.77492000000000 813.4
9.77496000000000 853.0
9.77493000000000 773.1
9.77489000000000 883.7
9.77496000000000 812.8
9.77501000000000 748.7
9.77489000000000 797.5
9.77489000000000 798.2
9.77499000000000 826.4
9.77489000000000 805.6
9.77492000000000 855.9
9.77496000000000 765.6
9.77489000000000 824.1
9.77489000000000 847.7
9.77501000000000 875.0
9.77496000000000 785.4
9.77496000000000 743.4
9.77496000000000 812.4
9.77490000000000 820.1
9.77496000000000 826.7
9.77496000000000 847.7
9.77491000000000 809.5
9.77493000000000 807.9
9.77501000000000 805.5
9.77499000000000 775.6
9.77496000000000 836.4
9.77496000000000 787.2
9.77491000000000 807.4
9.77495000000000 808.8
9.77496000000000 801.0
9.77491000000000 745.7
9.77496000000000 813.6
9.77499000000000 795.8
9.77492000000000 840.8
9.77495000000000 778.6
9.77489000000000 787.7
9.77499000000000 826.7
9.77490000000000 777.7
9.77489000000000 778.3
9.77498000000000 784.3
9.77493000000000 823.5
9.77489000000000 806.0
9.77496000000000 792.6
9.77491000000000 777.7
9.77489000000000 813.7
9.77496000000000 803.9
9.77501000000000 761.9
9.77489000000000 866.1
9.77499000000000 853.9
9.77491000000000 862.9
9.77493000000000 834.8
9.77489000000000 715.8
9.77496000000000 785.9
9.77492000000000 778.3
9.77491000000000 776.6
9.77499000000000 800.0
9.77489000000000 840.0
9.77495000000000 813.5
9.77489000000000 747.5
9.77489000000000 791.0
9.77489000000000 774.6
9.77499000000000 875.3
9.77489000000000 800.1
9.77489000000000 785.1
9.77501000000000 812.3
9.77491000000000 815.2
9.77496000000000 856.2
9.77501000000000 784.0
9.77491000000000 782.8
9.77499000000000 816.5
9.77496000000000 833.0
9.77489000000000 835.0
9.77489000000000 810.6
9.77489000000000 830.7
9.77495000000000 809.4
9.77489000000000 818.8
9.77500000000000 757.7
9.77494000000000 853.4
9.77489000000000 778.4
9.77498000000000 750.5
9.77490000000000 827.6
9.77496000000000 836.0
9.77501000000000 767.1
9.77499000000000 787.2
9.77489000000000 826.7
9.77496000000000 813.8
9.77499000000000 826.8
9.77496000000000 857.1
9.77501000000000 816.6
9.77489000000000 838.9
9.77489000000000 812.6
9.77496000000000 836.9
9.77489000000000 789.0
9.77499000000000 823.0
9.77493000000000 797.4
9.77491000000000 852.8
9.77496000000000 867.4
9.77491000000000 876.8
9.77499000000000 789.8
9.77499000000000 832.7
9.77496000000000 831.1
9.77496000000000 783.1
9.77489000000000 793.7
9.77493000000000 748.4
9.77496000000000 783.2
9.77489000000000 787.0
9.77496000000000 790.2
9.77496000000000 823.5
9.77516000000000 752.5
9.77499000000000 825.8
9.77499000000000 822.8
9.77489000000000 802.3
9.77496000000000 833.5
9.77496000000000 836.5
9.77494000000000 825.2
9.77489000000000 862.7
9.77489000000000 829.1
9.77494000000000 793.6
9.77496000000000 816.9
9.77489000000000 825.1
9.77491000000000 795.9
9.77496000000000 805.0
9.77489000000000 768.1
9.77492000000000 822.0
9.77489000000000 785.3
9.77501000000000 767.2
9.77489000000000 846.1
9.77501000000000 880.8
9.77489000000000 849.8
9.77489000000000 814.0
9.77489000000000 762.8
9.77489000000000 834.1
9.77501000000000 762.5
9.77496000000000 771.7
9.77489000000000 799.9
9.77501000000000 747.6
9.77495000000000 767.8
9.77499000000000 785.5
9.77496000000000 827.0
9.77501000000000 823.4
9.77498000000000 822.2
9.77496000000000 797.7
9.77498000000000 870.8
9.77496000000000 802.5
9.77492000000000 821.4
9.77496000000000 794.4
9.77489000000000 843.1
9.77490000000000 836.5
9.77499000000000 792.6
9.77493000000000 837.4
9.77489000000000 791.2
9.77501000000000 837.6
9.77489000000000 795.4
9.77501000000000 755.3
9.77489000000000 784.8
9.77499000000000 852.6
9.77489000000000 767.8
9.77499000000000 826.6
9.77489000000000 754.6
9.77496000000000 771.7
9.77491000000000 816.8
9.77491000000000 804.1
9.77489000000000 759.2
9.77489000000000 809.0
9.77489000000000 839.1
9.77491000000000 783.3
9.77518000000000 827.3
9.77495000000000 799.2
9.77489000000000 747.8
9.77491000000000 754.5
9.77499000000000 809.1
9.77490000000000 814.9
9.77501000000000 879.8
9.77491000000000 854.5
9.77496000000000 810.5
9.77496000000000 783.7
9.77496000000000 825.8
9.77496000000000 835.8
9.77491000000000 770.7
9.77501000000000 791.2
9.77489000000000 757.8
9.77491000000000 807.8
9.77489000000000 795.3
9.77493000000000 767.6
9.77491000000000 849.0
9.77493000000000 811.7
9.77491000000000 887.4
9.77490000000000 833.0
9.77496000000000 863.7
9.77489000000000 754.0
9.77489000000000 781.9
9.77496000000000 823.2
9.77491000000000 819.3
9.77491000000000 823.0
9.77501000000000 773.5
9.77493000000000 794.1
9.77491000000000 818.1
9.77499000000000 801.2
9.77492000000000 820.8
9.77489000000000 811.0
9.77496000000000 831.6
9.77489000000000 811.9
9.77489000000000 895.1
9.77489000000000 832.0
9.77499000000000 829.7
9.77496000000000 790.7
9.77499000000000 868.9
9.77490000000000 705.0
9.77496000000000 777.8
9.77499000000000 793.3
9.77496000000000 769.0
9.77491000000000 837.7
9.77498000000000 794.1
9.77496000000000 790.8
9.77491000000000 770.2
9.77489000000000 819.9
9.77501000000000 859.4
9.77491000000000 786.5
9.77489000000000 855.8
9.77492000000000 802.9
9.77492000000000 883.0
9.77491000000000 788.4
9.77496000000000 806.0
9.77499000000000 780.1
9.77499000000000 805.1
9.77496000000000 776.1
9.77489000000000 785.5
9.77489000000000 843.6
9.77496000000000 845.3
9.77491000000000 817.9
9.77492000000000 798.2
9.77499000000000 817.3
9.77494000000000 834.3
9.77496000000000 801.0
9.77489000000000 773.9
9.77489000000000 843.3
9.77491000000000 830.7
9.77491000000000 808.1
9.77489000000000 782.4
9.77496000000000 832.4
9.77490000000000 766.8
9.77489000000000 792.8
9.77499000000000 819.9
9.77496000000000 837.6
9.77489000000000 756.8
9.77489000000000 865.3
9.77499000000000 769.6
9.77496000000000 777.7
9.77489000000000 818.6
9.77496000000000 812.2
9.77491000000000 781.6
9.77493000000000 758.5
9.77489000000000 758.3
9.77501000000000 818.5
9.77499000000000 776.8
9.77491000000000 811.1
9.77491000000000 839.4
9.77499000000000 830.3
9.77496000000000 783.4
9.77496000000000 791.2
9.77501000000000 818.8
9.77489000000000 811.6
9.77499000000000 781.9
9.77491000000000 802.2
9.77489000000000 825.0
9.77489000000000 817.8
9.77496000000000 809.2
9.77489000000000 852.4
9.77496000000000 805.9
9.77489000000000 805.9
9.77495000000000 789.7
9.77496000000000 847.5
9.77489000000000 815.1
9.77494000000000 807.1
9.77492000000000 844.9
9.77501000000000 721.5
9.77491000000000 739.1
9.77491000000000 798.7
9.77489000000000 819.7
9.77496000000000 855.1
9.77489000000000 819.9
9.77496000000000 799.3
9.77489000000000 814.6
9.77496000000000 778.0
9.77494000000000 794.1
9.77501000000000 802.2
9.77491000000000 793.3
9.77496000000000 783.0
9.77496000000000 840.4
9.77496000000000 800.0
9.77493000000000 779.3
9.77498000000000 817.5
9.77496000000000 775.6
9.77495000000000 834.9
9.77496000000000 742.8
9.77494000000000 768.8
9.77495000000000 876.7
9.77496000000000 857.8
9.77496000000000 845.8
9.77501000000000 808.5
9.77499000000000 847.5
9.77494000000000 796.2
9.77501000000000 819.6
9.77491000000000 737.4
9.77494000000000 833.8
9.77501000000000 829.7
9.77499000000000 822.4
9.77496000000000 786.6
9.77496000000000 802.3
9.77501000000000 812.4
9.77489000000000 808.4
9.77489000000000 817.4
9.77499000000000 795.0
9.77489000000000 757.0
9.77489000000000 769.8
9.77491000000000 830.8
9.77496000000000 863.3
9.77499000000000 781.1
9.77496000000000 826.0
9.77501000000000 799.6
9.77496000000000 797.1
9.77491000000000 862.1
9.77499000000000 792.2
9.77489000000000 784.0
9.77492000000000 791.1
9.77489000000000 820.8
9.77501000000000 820.2
9.77489000000000 815.8
9.77489000000000 814.4
9.77489000000000 720.4
9.77489000000000 812.0
9.77496000000000 790.9
9.77501000000000 823.1
9.77499000000000 805.1
9.77495000000000 843.6
9.77493000000000 860.6
9.77501000000000 829.5
9.77491000000000 753.8
9.77496000000000 791.3
9.77499000000000 809.3
9.77496000000000 764.9
9.77491000000000 779.0
9.77492000000000 845.5
9.77501000000000 807.7
9.77499000000000 814.1
9.77489000000000 757.7
9.77491000000000 765.0
9.77489000000000 810.0
9.77490000000000 792.3
9.77493000000000 783.9
9.77496000000000 835.3
9.77501000000000 801.7
9.77495000000000 759.5
9.77489000000000 795.8
9.77489000000000 817.6
9.77501000000000 807.5
9.77496000000000 828.1
9.77491000000000 843.0
9.77496000000000 824.9
9.77489000000000 814.5
9.77493000000000 884.9
9.77496000000000 826.9
9.77489000000000 836.6
9.77491000000000 771.1
9.77489000000000 803.6
9.77499000000000 763.0
9.77489000000000 812.9
9.77495000000000 762.3
9.77495000000000 819.1
9.77496000000000 771.1
9.77501000000000 823.4
9.77501000000000 781.1
9.77489000000000 821.5
9.77498000000000 841.6
9.77491000000000 821.5
9.77489000000000 827.0
9.77489000000000 828.8
9.77496000000000 766.7
9.77496000000000 815.2
9.77491000000000 765.8
9.77489000000000 858.2
9.77494000000000 823.3
9.77501000000000 839.0
9.77507000000000 769.1
9.77499000000000 842.0
9.77501000000000 784.6
9.77493000000000 790.0
9.77493000000000 791.8
9.77496000000000 820.7
9.77491000000000 867.9
9.77489000000000 819.0
9.77496000000000 769.9
9.77496000000000 809.8
9.77489000000000 845.3
9.77499000000000 804.3
9.77501000000000 777.6
9.77496000000000 758.4
9.77507000000000 759.0
9.77509000000000 775.7
9.77496000000000 789.0
9.77501000000000 877.3
9.77493000000000 830.8
9.77495000000000 810.1
9.77499000000000 847.8
9.77489000000000 798.5
9.77498000000000 795.6
9.77496000000000 794.2
9.77489000000000 844.2
9.77496000000000 791.5
9.77489000000000 822.4
9.77492000000000 852.7
9.77489000000000 793.3
9.77495000000000 798.3
9.77501000000000 791.1
9.77491000000000 807.5
9.77518000000000 781.4
9.77499000000000 804.2
9.77496000000000 869.7
9.77496000000000 806.5
9.77496000000000 845.0
9.77491000000000 785.2
9.77496000000000 775.9
9.77496000000000 816.0
9.77499000000000 738.9
9.77489000000000 840.5
9.77518000000000 812.3
9.77489000000000 871.1
9.77496000000000 855.5
9.77491000000000 809.1
9.77491000000000 794.2
9.77492000000000 819.7
9.77490000000000 780.0
9.77489000000000 819.8
9.77489000000000 825.1
9.77489000000000 857.7
9.77498000000000 779.3
9.77491000000000 782.5
9.77490000000000 818.7
9.77489000000000 771.4
9.77499000000000 787.2
9.77496000000000 804.9
9.77493000000000 752.1
9.77491000000000 805.2
9.77492000000000 823.6
9.77496000000000 851.3
9.77489000000000 806.8
9.77496000000000 832.8
9.77489000000000 832.5
9.77489000000000 734.1
9.77501000000000 795.9
9.77496000000000 771.4
9.77495000000000 828.0
9.77499000000000 830.3
9.77494000000000 768.5
9.77491000000000 806.9
9.77496000000000 806.1
9.77489000000000 779.0
9.77496000000000 822.9
9.77496000000000 845.8
9.77491000000000 763.8
9.77496000000000 736.5
9.77501000000000 761.8
9.77491000000000 846.5
9.77495000000000 825.5
9.77492000000000 796.8
9.77494000000000 800.1
9.77499000000000 804.5
9.77490000000000 750.0
9.77495000000000 840.3
9.77489000000000 781.3
9.77490000000000 796.3
9.77496000000000 809.0
9.77495000000000 852.8
9.77490000000000 803.5
9.77495000000000 772.4
9.77492000000000 758.5
9.77496000000000 798.2
9.77496000000000 764.0
9.77489000000000 778.6
9.77496000000000 820.1
9.77491000000000 823.2
9.77496000000000 807.0
9.77498000000000 846.4
9.77518000000000 804.8
9.77491000000000 773.7
9.77489000000000 830.4
9.77501000000000 778.5
9.77489000000000 822.8
9.77501000000000 798.7
9.77499000000000 756.4
9.77491000000000 842.9
9.77499000000000 786.8
9.77518000000000 828.7
9.77496000000000 794.4
9.77496000000000 808.5
9.77496000000000 799.3
9.77499000000000 825.9
9.77491000000000 838.6
9.77493000000000 868.3
9.77499000000000 782.9
9.77492000000000 807.5
9.77489000000000 790.0
9.77501000000000 870.0
9.77491000000000 755.0
9.77499000000000 837.4
9.77496000000000 741.5
9.77489000000000 821.2
9.77491000000000 772.8
9.77495000000000 833.1
9.77501000000000 802.8
9.77493000000000 868.4
9.77496000000000 770.5
9.77489000000000 838.5
9.77501000000000 783.5
9.77496000000000 853.0
9.77493000000000 849.1
9.77493000000000 779.5
9.77489000000000 788.1
9.77499000000000 842.8
9.77491000000000 829.5
9.77501000000000 780.1
9.77496000000000 733.9
9.77496000000000 778.9
9.77499000000000 811.7
9.77489000000000 807.0
9.77489000000000 816.8
9.77501000000000 826.5
9.77491000000000 786.2
9.77489000000000 869.7
9.77489000000000 790.3
9.77489000000000 766.3
9.77499000000000 781.7
9.77490000000000 843.8
9.77491000000000 815.5
9.77489000000000 877.7
9.77489000000000 856.5
9.77491000000000 847.3
9.77501000000000 771.4
9.77499000000000 856.8
9.77496000000000 819.6
9.77496000000000 824.6
9.77499000000000 849.0
9.77489000000000 728.5
9.77499000000000 762.9
9.77489000000000 792.8
9.77496000000000 781.3
9.77496000000000 836.3
9.77496000000000 825.2
9.77496000000000 789.1
9.77496000000000 795.6
9.77495000000000 786.9
9.77496000000000 787.9
9.77499000000000 787.4
9.77499000000000 801.6
9.77496000000000 785.0
9.77499000000000 781.7
9.77499000000000 748.7
9.77489000000000 821.4
9.77496000000000 804.6
9.77496000000000 813.7
9.77489000000000 805.4
9.77489000000000 811.0
9.77496000000000 823.9
9.77499000000000 802.7
9.77489000000000 764.3
9.77501000000000 799.3
9.77491000000000 815.8
9.77491000000000 863.6
9.77493000000000 820.3
9.77490000000000 856.4
9.77489000000000 835.0
9.77495000000000 826.0
9.77491000000000 787.8
9.77501000000000 790.5
9.77489000000000 832.9
9.77498000000000 794.7
9.77496000000000 810.1
9.77507000000000 781.0
9.77491000000000 795.6
9.77496000000000 837.7
9.77496000000000 763.2
9.77489000000000 842.0
9.77492000000000 762.4
9.77492000000000 769.4
9.77495000000000 802.3
9.77489000000000 812.5
9.77494000000000 780.0
9.77489000000000 766.9
9.77496000000000 774.3
9.77492000000000 878.9
9.77489000000000 827.0
9.77496000000000 764.1
9.77496000000000 805.0
9.77493000000000 832.4
9.77496000000000 782.4
9.77489000000000 834.4
9.77489000000000 851.6
9.77498000000000 762.7
9.77496000000000 833.4
9.77496000000000 825.6
9.77496000000000 795.1
9.77495000000000 807.1
9.77496000000000 819.6
9.77491000000000 767.7
9.77489000000000 846.8
9.77496000000000 787.6
9.77499000000000 767.6
9.77495000000000 851.4
9.77495000000000 820.6
9.77499000000000 809.3
9.77492000000000 803.6
9.77499000000000 717.1
9.77496000000000 810.6
9.77490000000000 867.8
9.77491000000000 826.3
9.77501000000000 836.1
9.77501000000000 798.7
9.77496000000000 739.9
9.77498000000000 860.7
9.77496000000000 782.5
9.77489000000000 832.2
9.77493000000000 808.3
9.77501000000000 843.8
9.77496000000000 817.2
9.77499000000000 794.0
9.77489000000000 837.5
9.77492000000000 788.8
9.77496000000000 818.9
9.77489000000000 885.4
9.77501000000000 886.4
9.77496000000000 803.8
9.77507000000000 815.4
9.77490000000000 786.9
9.77489000000000 807.7
9.77499000000000 815.8
9.77495000000000 757.1
9.77496000000000 801.4
9.77489000000000 819.1
9.77496000000000 821.9
9.77492000000000 852.4
9.77498000000000 791.2
9.77498000000000 801.4
9.77489000000000 800.4
9.77501000000000 792.6
9.77501000000000 800.2
9.77489000000000 774.5
9.77490000000000 823.3
9.77499000000000 827.1
9.77489000000000 828.0
9.77491000000000 821.4
9.77493000000000 800.0
9.77489000000000 771.4
9.77501000000000 815.1
9.77501000000000 837.8
9.77490000000000 767.2
9.77489000000000 747.1
9.77491000000000 792.5
9.77489000000000 792.3
9.77489000000000 836.0
9.77490000000000 777.3
9.77499000000000 793.9
9.77489000000000 798.4
9.77489000000000 774.1
9.77491000000000 760.1
9.77496000000000 814.7
9.77492000000000 824.6
9.77496000000000 868.6
9.77493000000000 821.7
9.77496000000000 821.6
9.77489000000000 826.9
9.77492000000000 826.1
9.77489000000000 783.4
9.77489000000000 802.5
9.77493000000000 839.7
9.77501000000000 795.7
9.77489000000000 799.7
9.77501000000000 809.9
9.77491000000000 791.8
9.77496000000000 848.0
9.77496000000000 847.3
9.77491000000000 745.3
9.77489000000000 800.3
9.77495000000000 793.8
9.77501000000000 802.2
9.77489000000000 835.6
9.77496000000000 821.1
9.77496000000000 814.5
9.77495000000000 847.1
9.77489000000000 834.1
9.77489000000000 798.6
9.77493000000000 849.7
9.77498000000000 759.6
9.77489000000000 845.7
9.77499000000000 815.4
9.77490000000000 784.4
9.77489000000000 823.6
9.77489000000000 735.0
9.77493000000000 754.0
9.77495000000000 797.2
9.77495000000000 840.3
9.77493000000000 815.1
9.77501000000000 851.8
9.77491000000000 823.7
9.77499000000000 792.7
9.77498000000000 763.1
9.77489000000000 824.0
9.77496000000000 818.1
9.77501000000000 818.5
9.77496000000000 862.1
9.77496000000000 790.0
9.77489000000000 842.1
9.77489000000000 785.5
9.77501000000000 808.1
9.77489000000000 829.6
9.77501000000000 807.2
9.77489000000000 835.1
9.77489000000000 787.0
9.77491000000000 863.2
9.77496000000000 854.8
9.77496000000000 873.1
9.77499000000000 838.4
9.77501000000000 804.4
9.77499000000000 847.4
9.77491000000000 796.8
9.77496000000000 746.0
9.77489000000000 804.6
9.77501000000000 813.2
9.77489000000000 808.9
9.77491000000000 839.5
9.77499000000000 829.6
9.77496000000000 829.6
9.77501000000000 780.3
9.77489000000000 824.1
9.77496000000000 834.0
9.77496000000000 828.2
9.77489000000000 743.3
9.77493000000000 812.2
9.77489000000000 837.8
9.77493000000000 835.2
9.77496000000000 820.6
9.77501000000000 796.5
9.77496000000000 833.7
9.77489000000000 796.2
9.77496000000000 820.6
9.77496000000000 789.2
9.77496000000000 754.4
9.77489000000000 805.2
9.77501000000000 807.6
9.77501000000000 812.5
9.77491000000000 838.1
9.77499000000000 791.5
9.77501000000000 795.6
9.77496000000000 826.8
9.77491000000000 832.2
9.77490000000000 776.7
9.77495000000000 856.8
9.77495000000000 830.4
9.77499000000000 820.6
9.77489000000000 762.6
9.77499000000000 776.5
9.77489000000000 795.4
9.77496000000000 822.3
9.77499000000000 788.4
9.77499000000000 770.8
9.77496000000000 835.4
9.77489000000000 784.6
9.77489000000000 800.5
9.77491000000000 815.2
9.77489000000000 857.5
9.77493000000000 821.3
9.77490000000000 832.8
9.77501000000000 754.1
9.77496000000000 752.6
9.77496000000000 795.6
9.77491000000000 848.0
9.77489000000000 758.9
9.77496000000000 736.8
9.77489000000000 841.0
9.77491000000000 845.6
9.77491000000000 778.3
9.77489000000000 781.4
9.77492000000000 772.7
9.77501000000000 774.5
9.77491000000000 840.6
9.77492000000000 772.3
9.77496000000000 782.9
9.77499000000000 803.9
9.77496000000000 868.3
9.77491000000000 824.0
9.77490000000000 804.3
9.77495000000000 782.8
9.77489000000000 776.2
9.77489000000000 816.0
9.77493000000000 788.0
9.77489000000000 790.7
9.77498000000000 811.3
9.77489000000000 761.0
9.77495000000000 756.2
9.77496000000000 776.4
9.77496000000000 823.4
9.77489000000000 749.6
9.77491000000000 819.8
9.77493000000000 799.4
9.77489000000000 835.3
9.77494000000000 797.8
9.77489000000000 768.5
9.77489000000000 840.7
9.77499000000000 814.6
9.77489000000000 781.0
9.77489000000000 816.3
9.77492000000000 814.4
9.77489000000000 806.2
9.77489000000000 796.3
9.77501000000000 742.5
9.77496000000000 817.0
9.77495000000000 874.8
9.77499000000000 790.7
9.77496000000000 827.6
9.77496000000000 776.4
9.77496000000000 790.4
9.77496000000000 826.1
9.77493000000000 766.0
9.77489000000000 817.5
9.77498000000000 818.1
9.77489000000000 794.3
9.77499000000000 813.4
9.77501000000000 846.6
9.77496000000000 819.8
9.77489000000000 866.3
9.77489000000000 815.5
9.77491000000000 807.6
9.77501000000000 806.6
9.77491000000000 838.1
9.77498000000000 795.2
9.77496000000000 835.9
9.77499000000000 802.1
9.77499000000000 786.3
9.77501000000000 825.3
9.77489000000000 803.6
9.77499000000000 756.6
9.77489000000000 883.6
9.77500000000000 804.9
9.77496000000000 857.8
9.77491000000000 871.7
9.77496000000000 791.6
9.77491000000000 780.5
9.77496000000000 845.8
9.77493000000000 788.7
9.77493000000000 795.6
9.77498000000000 791.8
9.77489000000000 826.4
9.77496000000000 874.2
9.77489000000000 811.3
9.77498000000000 791.2
9.77489000000000 789.3
9.77495000000000 782.3
9.77489000000000 842.2
9.77489000000000 867.1
9.77495000000000 780.9
9.77490000000000 806.3
9.77489000000000 824.8
9.77489000000000 825.1
9.77491000000000 806.4
9.77489000000000 733.3
9.77496000000000 797.3
9.77489000000000 887.4
9.77489000000000 826.8
9.77489000000000 781.6
9.77491000000000 780.3
9.77501000000000 791.0
9.77496000000000 773.5
9.77491000000000 783.4
9.77489000000000 854.8
9.77489000000000 854.5
9.77491000000000 804.0
9.77518000000000 774.6
9.77499000000000 860.7
9.77491000000000 787.3
9.77491000000000 774.1
9.77499000000000 798.5
9.77493000000000 801.6
9.77495000000000 739.4
9.77499000000000 871.7
9.77496000000000 819.3
9.77501000000000 828.8
9.77493000000000 876.9
9.77496000000000 853.4
9.77496000000000 803.6
9.77489000000000 798.1
9.77496000000000 750.5
9.77489000000000 781.1
9.77501000000000 836.6
9.77491000000000 805.1
9.77496000000000 874.4
9.77489000000000 847.4
9.77489000000000 805.5
9.77491000000000 802.4
9.77491000000000 862.2
9.77495000000000 825.2
9.77496000000000 764.3
9.77501000000000 838.9
9.77489000000000 793.5
9.77501000000000 875.2
9.77491000000000 832.8
9.77496000000000 804.9
9.77501000000000 792.0
9.77491000000000 844.2
9.77491000000000 796.4
9.77490000000000 803.7
9.77496000000000 809.9
9.77490000000000 835.4
9.77501000000000 766.1
9.77491000000000 791.7
9.77501000000000 809.2
9.77499000000000 813.4
9.77489000000000 819.0
9.77491000000000 793.0
9.77496000000000 786.4
9.77501000000000 782.9
9.77489000000000 769.8
9.77496000000000 775.2
9.77489000000000 815.8
9.77491000000000 773.2
9.77489000000000 785.1
9.77489000000000 823.2
9.77489000000000 803.8
9.77489000000000 775.3
9.77492000000000 817.4
9.77489000000000 784.9
9.77495000000000 832.8
9.77491000000000 755.7
9.77501000000000 759.7
9.77494000000000 773.1
9.77491000000000 815.3
9.77496000000000 802.1
9.77489000000000 863.0
9.77499000000000 872.4
9.77498000000000 764.6
9.77501000000000 819.2
9.77496000000000 781.8
9.77501000000000 725.0
9.77489000000000 804.8
9.77501000000000 806.4
9.77499000000000 828.7
9.77494000000000 788.0
9.77495000000000 837.9
9.77492000000000 774.4
9.77491000000000 806.9
9.77489000000000 815.7
9.77489000000000 801.0
9.77489000000000 814.5
9.77489000000000 801.0
9.77493000000000 716.2
9.77501000000000 826.4
9.77499000000000 746.0
9.77496000000000 797.8
9.77501000000000 833.8
9.77489000000000 818.8
9.77492000000000 804.9
9.77489000000000 801.6
9.77489000000000 771.0
9.77495000000000 822.3
9.77489000000000 776.2
9.77490000000000 737.2
9.77489000000000 761.4
9.77496000000000 847.3
9.77498000000000 770.0
9.77492000000000 807.8
9.77489000000000 821.5
9.77490000000000 753.9
9.77489000000000 836.1
9.77501000000000 810.2
9.77499000000000 829.6
9.77501000000000 856.2
9.77496000000000 766.0
9.77491000000000 798.3
9.77493000000000 809.6
9.77489000000000 840.1
9.77489000000000 771.0
9.77495000000000 845.1
9.77496000000000 793.4
9.77496000000000 841.5
9.77496000000000 820.9
9.77489000000000 845.3
9.77496000000000 849.4
9.77496000000000 783.9
9.77501000000000 816.9
9.77492000000000 845.5
9.77501000000000 809.7
9.77496000000000 813.9
9.77489000000000 803.0
9.77493000000000 831.7
9.77496000000000 841.7
9.77496000000000 817.8
9.77496000000000 765.9
9.77499000000000 817.4
