9.79236000000000 225.1
9.79236000000000 225.1
9.79236000000000 225.1
9.79090000000000 229.8
9.79090000000000 229.8
9.79090000000000 229.8
9.79090000000000 229.8
9.79480000000000 241.8
9.79480000000000 241.8
9.79480000000000 241.8
9.78650000000000 244.8
9.78650000000000 244.8
9.78650000000000 244.8
9.78650000000000 244.8
9.78710000000000 241.9
9.78710000000000 241.9
9.78710000000000 241.9
9.78957000000000 239.0
9.78957000000000 239.0
9.78957000000000 239.0
9.79480000000000 233.0
9.79480000000000 233.0
9.79480000000000 233.0
9.79480000000000 233.0
9.78538000000000 221.0
9.78538000000000 221.0
9.78538000000000 221.0
9.79246000000000 214.8
9.79246000000000 214.8
9.79246000000000 214.8
9.79029000000000 234.6
9.79029000000000 234.6
9.79029000000000 234.6
9.79029000000000 234.6
9.79090000000000 231.9
9.79090000000000 231.9
9.79090000000000 231.9
9.79331000000000 253.7
9.79331000000000 253.7
9.79331000000000 253.7
9.79331000000000 253.7
9.79242000000000 217.0
9.79242000000000 217.0
9.79242000000000 217.0
9.78530000000000 246.4
9.78530000000000 246.4
9.78530000000000 246.4
9.79242000000000 221.9
9.79242000000000 221.9
9.79242000000000 221.9
9.79242000000000 221.9
9.79029000000000 218.2
9.79029000000000 218.2
9.79029000000000 218.2
9.79104000000000 243.9
9.79104000000000 243.9
9.79104000000000 243.9
9.78957000000000 208.3
9.78957000000000 208.3
9.78957000000000 208.3
9.78957000000000 208.3
9.79104000000000 196.1
9.79104000000000 196.1
9.79104000000000 196.1
9.78857000000000 250.8
9.78857000000000 250.8
9.78857000000000 250.8
9.78857000000000 250.8
9.79480000000000 226.4
9.79480000000000 226.4
9.79480000000000 226.4
9.79480000000000 232.7
9.79480000000000 232.7
9.79480000000000 232.7
9.79242000000000 229.9
9.79242000000000 229.9
9.79242000000000 229.9
9.79242000000000 229.9
9.79090000000000 258.1
9.79090000000000 258.1
9.79090000000000 258.1
9.79242000000000 234.0
9.79242000000000 234.0
9.79242000000000 234.0
9.79242000000000 234.0
9.79023000000000 233.0
9.79023000000000 233.0
9.79023000000000 233.0
9.79325000000000 246.8
9.79325000000000 246.8
9.79325000000000 246.8
9.78706000000000 229.4
9.78706000000000 229.4
9.78706000000000 229.4
9.78706000000000 229.4
9.79480000000000 225.6
9.79480000000000 225.6
9.79480000000000 225.6
9.78710000000000 254.2
9.78710000000000 254.2
9.78710000000000 254.2
9.78854000000000 237.4
9.78854000000000 237.4
9.78854000000000 237.4
9.78854000000000 237.4
9.78650000000000 234.4
9.78650000000000 234.4
9.78650000000000 234.4
9.79342000000000 221.1
9.79342000000000 221.1
9.79342000000000 221.1
9.79342000000000 221.1
9.78656000000000 233.0
9.78656000000000 233.0
9.78656000000000 233.0
9.79242000000000 249.4
9.79242000000000 249.4
9.79242000000000 249.4
9.79242000000000 228.4
9.79242000000000 228.4
9.79242000000000 228.4
9.79242000000000 228.4
9.79246000000000 240.2
9.79246000000000 240.2
9.79246000000000 240.2
9.79480000000000 240.6
9.79480000000000 240.6
9.79480000000000 240.6
9.78957000000000 229.8
9.78957000000000 229.8
9.78957000000000 229.8
9.78957000000000 229.8
9.78957000000000 267.6
9.78957000000000 267.6
9.78957000000000 267.6
9.79480000000000 200.7
9.79480000000000 200.7
9.79480000000000 200.7
9.79480000000000 200.7
9.78710000000000 219.3
9.78710000000000 219.3
9.78710000000000 219.3
9.79242000000000 223.9
9.79242000000000 223.9
9.79242000000000 223.9
9.79071000000000 227.2
9.79071000000000 227.2
9.79071000000000 227.2
9.79071000000000 227.2
9.78680000000000 236.0
9.78680000000000 236.0
9.78680000000000 236.0
9.79242000000000 215.8
9.79242000000000 215.8
9.79242000000000 215.8
9.79242000000000 274.1
9.79242000000000 274.1
9.79242000000000 274.1
9.79242000000000 274.1
9.78827000000000 222.6
9.78827000000000 222.6
9.78827000000000 222.6
9.79242000000000 258.0
9.79242000000000 258.0
9.79242000000000 258.0
9.79242000000000 258.0
9.79104000000000 210.5
9.79104000000000 210.5
9.79104000000000 210.5
9.79029000000000 239.2
9.79029000000000 239.2
9.79029000000000 239.2
9.79090000000000 259.1
9.79090000000000 259.1
9.79090000000000 259.1
9.79090000000000 259.1
9.79242000000000 237.3
9.79242000000000 237.3
9.79242000000000 237.3
9.79104000000000 267.3
9.79104000000000 267.3
9.79104000000000 267.3
9.79480000000000 232.4
9.79480000000000 232.4
9.79480000000000 232.4
9.79480000000000 232.4
9.79480000000000 240.0
9.79480000000000 240.0
9.79480000000000 240.0
9.79023000000000 210.9
9.79023000000000 210.9
9.79023000000000 210.9
9.79023000000000 210.9
9.79090000000000 239.3
9.79090000000000 239.3
9.79090000000000 239.3
9.79090000000000 207.9
9.79090000000000 207.9
9.79090000000000 207.9
9.78656000000000 210.4
9.78656000000000 210.4
9.78656000000000 210.4
9.78656000000000 210.4
9.79090000000000 244.4
9.79090000000000 244.4
9.79090000000000 244.4
9.79090000000000 239.0
9.79090000000000 239.0
9.79090000000000 239.0
9.79090000000000 239.0
9.79104000000000 243.7
9.79104000000000 243.7
9.79104000000000 243.7
9.78957000000000 220.2
9.78957000000000 220.2
9.78957000000000 220.2
9.79029000000000 212.7
9.79029000000000 212.7
9.79029000000000 212.7
9.79029000000000 212.7
9.79372000000000 225.7
9.79372000000000 225.7
9.79372000000000 225.7
9.78710000000000 233.6
9.78710000000000 233.6
9.78710000000000 233.6
9.79104000000000 206.2
9.79104000000000 206.2
9.79104000000000 206.2
9.79104000000000 206.2
9.78650000000000 232.9
9.78650000000000 232.9
9.78650000000000 232.9
9.78650000000000 238.1
9.78650000000000 238.1
9.78650000000000 238.1
9.78650000000000 238.1
9.79474000000000 236.6
9.79474000000000 236.6
9.79474000000000 236.6
9.79242000000000 239.8
9.79242000000000 239.8
9.79242000000000 239.8
9.79304000000000 245.7
9.79304000000000 245.7
9.79304000000000 245.7
9.79304000000000 245.7
9.79480000000000 219.2
9.79480000000000 219.2
9.79480000000000 219.2
9.78698000000000 236.4
9.78698000000000 236.4
9.78698000000000 236.4
9.79242000000000 249.8
9.79242000000000 249.8
9.79242000000000 249.8
9.79242000000000 249.8
9.78957000000000 213.9
9.78957000000000 213.9
9.78957000000000 213.9
9.79480000000000 216.5
9.79480000000000 216.5
9.79480000000000 216.5
9.79480000000000 216.5
9.79246000000000 242.8
9.79246000000000 242.8
9.79246000000000 242.8
9.78724000000000 220.8
9.78724000000000 220.8
9.78724000000000 220.8
9.79242000000000 228.1
9.79242000000000 228.1
9.79242000000000 228.1
9.79242000000000 228.1
9.79234000000000 215.0
9.79234000000000 215.0
9.79234000000000 215.0
9.78957000000000 239.9
9.78957000000000 239.9
9.78957000000000 239.9
9.78724000000000 217.2
9.78724000000000 217.2
9.78724000000000 217.2
9.78724000000000 217.2
9.78706000000000 229.3
9.78706000000000 229.3
9.78706000000000 229.3
9.79096000000000 209.1
9.79096000000000 209.1
9.79096000000000 209.1
9.79096000000000 209.1
9.79104000000000 252.8
9.79104000000000 252.8
9.79104000000000 252.8
9.79090000000000 220.9
9.79090000000000 220.9
9.79090000000000 220.9
9.78957000000000 236.7
9.78957000000000 236.7
9.78957000000000 236.7
9.78957000000000 236.7
9.79246000000000 211.3
9.79246000000000 211.3
9.79246000000000 211.3
9.78650000000000 234.9
9.78650000000000 234.9
9.78650000000000 234.9
9.78650000000000 234.9
9.79096000000000 249.3
9.79096000000000 249.3
9.79096000000000 249.3
9.79090000000000 265.5
9.79090000000000 265.5
9.79090000000000 265.5
9.79096000000000 204.5
9.79096000000000 204.5
9.79096000000000 204.5
9.79096000000000 204.5
9.78710000000000 225.6
9.78710000000000 225.6
9.78710000000000 225.6
9.78650000000000 254.1
9.78650000000000 254.1
9.78650000000000 254.1
9.79023000000000 221.3
9.79023000000000 221.3
9.79023000000000 221.3
9.79023000000000 221.3
9.79023000000000 240.7
9.79023000000000 240.7
9.79023000000000 240.7
9.79242000000000 223.8
9.79242000000000 223.8
9.79242000000000 223.8
9.79242000000000 223.8
9.78656000000000 223.8
9.78656000000000 223.8
9.78656000000000 223.8
9.79242000000000 225.0
9.79242000000000 225.0
9.79242000000000 225.0
9.78656000000000 267.5
9.78656000000000 267.5
9.78656000000000 267.5
9.78656000000000 267.5
9.79104000000000 231.6
9.79104000000000 231.6
9.79104000000000 231.6
9.79253000000000 235.9
9.79253000000000 235.9
9.79253000000000 235.9
9.79242000000000 236.0
9.79242000000000 236.0
9.79242000000000 236.0
9.79242000000000 236.0
9.79090000000000 210.4
9.79090000000000 210.4
9.79090000000000 210.4
9.79242000000000 244.0
9.79242000000000 244.0
9.79242000000000 244.0
9.79242000000000 244.0
9.79417000000000 221.5
9.79417000000000 221.5
9.79417000000000 221.5
9.79090000000000 222.2
9.79090000000000 222.2
9.79090000000000 222.2
9.79242000000000 239.3
9.79242000000000 239.3
9.79242000000000 239.3
9.79242000000000 239.3
9.79480000000000 206.9
9.79480000000000 206.9
9.79480000000000 206.9
9.79104000000000 243.0
9.79104000000000 243.0
9.79104000000000 243.0
9.79242000000000 234.2
9.79242000000000 234.2
9.79242000000000 234.2
9.79242000000000 234.2
9.79090000000000 249.2
9.79090000000000 249.2
9.79090000000000 249.2
9.79090000000000 200.8
9.79090000000000 200.8
9.79090000000000 200.8
9.79090000000000 200.8
9.79023000000000 247.8
9.79023000000000 247.8
9.79023000000000 247.8
9.78710000000000 224.1
9.78710000000000 224.1
9.78710000000000 224.1
9.78710000000000 218.4
9.78710000000000 218.4
9.78710000000000 218.4
9.78710000000000 218.4
9.78710000000000 240.3
9.78710000000000 240.3
9.78710000000000 240.3
9.79242000000000 235.5
9.79242000000000 235.5
9.79242000000000 235.5
9.79242000000000 235.5
9.79023000000000 231.3
9.79023000000000 231.3
9.79023000000000 231.3
9.79480000000000 221.1
9.79480000000000 221.1
9.79480000000000 221.1
9.79242000000000 249.9
9.79242000000000 249.9
9.79242000000000 249.9
9.79242000000000 249.9
9.79242000000000 230.9
9.79242000000000 230.9
9.79242000000000 230.9
9.79236000000000 225.6
9.79236000000000 225.6
9.79236000000000 225.6
9.78957000000000 238.1
9.78957000000000 238.1
9.78957000000000 238.1
9.78957000000000 238.1
9.79242000000000 224.9
9.79242000000000 224.9
9.79242000000000 224.9
9.78975000000000 213.5
9.78975000000000 213.5
9.78975000000000 213.5
9.79242000000000 243.3
9.79242000000000 243.3
9.79242000000000 243.3
9.79242000000000 243.3
9.79246000000000 247.7
9.79246000000000 247.7
9.79246000000000 247.7
9.78650000000000 257.7
9.78650000000000 257.7
9.78650000000000 257.7
9.78650000000000 257.7
9.78724000000000 215.2
9.78724000000000 215.2
9.78724000000000 215.2
9.79023000000000 222.4
9.79023000000000 222.4
9.79023000000000 222.4
9.79242000000000 228.3
9.79242000000000 228.3
9.79242000000000 228.3
9.79242000000000 228.3
9.78520000000000 222.8
9.78520000000000 222.8
9.78520000000000 222.8
9.78957000000000 233.3
9.78957000000000 233.3
9.78957000000000 233.3
9.78957000000000 233.3
9.78957000000000 217.0
9.78957000000000 217.0
9.78957000000000 217.0
9.79023000000000 218.5
9.79023000000000 218.5
9.79023000000000 218.5
9.79090000000000 216.7
9.79090000000000 216.7
9.79090000000000 216.7
9.79090000000000 216.7
9.78957000000000 249.0
9.78957000000000 249.0
9.78957000000000 249.0
9.78861000000000 259.1
9.78861000000000 259.1
9.78861000000000 259.1
9.78861000000000 259.1
9.78710000000000 254.4
9.78710000000000 254.4
9.78710000000000 254.4
9.78734000000000 254.2
9.78734000000000 254.2
9.78734000000000 254.2
9.79236000000000 235.7
9.79236000000000 235.7
9.79236000000000 235.7
9.79236000000000 235.7
9.79090000000000 278.9
9.79090000000000 278.9
9.79090000000000 278.9
9.79242000000000 184.9
9.79242000000000 184.9
9.79242000000000 184.9
9.79023000000000 220.0
9.79023000000000 220.0
9.79023000000000 220.0
9.79023000000000 220.0
9.78706000000000 230.4
9.78706000000000 230.4
9.78706000000000 230.4
