9.79501000000000 1.0465E+04
9.79508000000000 1.0735E+04
9.79508000000000 1.0753E+04
9.79499000000000 1.0605E+04
9.79508000000000 1.0623E+04
9.79508000000000 1.0531E+04
9.79501000000000 1.0465E+04
9.79508000000000 1.0436E+04
9.79501000000000 1.0678E+04
9.79508000000000 1.0530E+04
9.79508000000000 1.0381E+04
9.79499000000000 1.0102E+04
9.79497000000000 1.0559E+04
9.79508000000000 1.0266E+04
9.79508000000000 1.0575E+04
9.79508000000000 1.0620E+04
9.79501000000000 1.0344E+04
9.79487000000000 1.0297E+04
9.79501000000000 1.0417E+04
9.79508000000000 1.0278E+04
9.79499000000000 1.0430E+04
9.79508000000000 1.0557E+04
9.79508000000000 1.0320E+04
9.79499000000000 1.0493E+04
9.79508000000000 1.0595E+04
9.79508000000000 1.0386E+04
9.79499000000000 1.0541E+04
9.79501000000000 1.0483E+04
9.79494000000000 1.0655E+04
9.79499000000000 1.0608E+04
9.79501000000000 1.0542E+04
9.79508000000000 1.0377E+04
9.79499000000000 1.0624E+04
9.79501000000000 1.0341E+04
9.79494000000000 1.0499E+04
9.79501000000000 1.0323E+04
9.79508000000000 1.0489E+04
9.79501000000000 1.0698E+04
9.79501000000000 1.0557E+04
9.79501000000000 1.0292E+04
9.79501000000000 1.0574E+04
9.79508000000000 1.0659E+04
9.79499000000000 1.0443E+04
9.79508000000000 1.0437E+04
9.79501000000000 1.0415E+04
9.79508000000000 1.0560E+04
9.79501000000000 1.0700E+04
9.79501000000000 1.0343E+04
9.79508000000000 1.0670E+04
9.79508000000000 1.0665E+04
9.79501000000000 1.0430E+04
9.79499000000000 1.0394E+04
9.79499000000000 1.0574E+04
9.79508000000000 1.0423E+04
9.79508000000000 1.0377E+04
9.79508000000000 1.0679E+04
9.79499000000000 1.0348E+04
9.79508000000000 1.0371E+04
9.79503000000000 1.0604E+04
9.79508000000000 1.0581E+04
9.79501000000000 1.0420E+04
9.79501000000000 1.0509E+04
9.79508000000000 1.0582E+04
9.79504000000000 1.0670E+04
9.79504000000000 1.0523E+04
9.79499000000000 1.0415E+04
9.79499000000000 1.0642E+04
9.79501000000000 1.0543E+04
9.79499000000000 1.0395E+04
9.79508000000000 1.0483E+04
9.79499000000000 1.0488E+04
9.79499000000000 1.0554E+04
9.79504000000000 1.0377E+04
9.79508000000000 1.0417E+04
9.79499000000000 1.0425E+04
9.79501000000000 1.0440E+04
9.79508000000000 1.0465E+04
9.79501000000000 1.0509E+04
9.79499000000000 1.0537E+04
9.79499000000000 1.0697E+04
9.79499000000000 1.0532E+04
9.79508000000000 1.0571E+04
9.79508000000000 1.0491E+04
9.79508000000000 1.0737E+04
9.79501000000000 1.0620E+04
9.79499000000000 1.0681E+04
9.79508000000000 1.0314E+04
9.79508000000000 1.0388E+04
9.79499000000000 1.0599E+04
9.79501000000000 1.0372E+04
9.79508000000000 1.0672E+04
9.79508000000000 1.0694E+04
9.79501000000000 1.0618E+04
9.79508000000000 1.0464E+04
9.79508000000000 1.0378E+04
9.79494000000000 1.0477E+04
9.79508000000000 1.0497E+04
9.79499000000000 1.0267E+04
9.79499000000000 1.0568E+04
9.79501000000000 1.0399E+04
9.79508000000000 1.0490E+04
9.79508000000000 1.0594E+04
9.79499000000000 1.0620E+04
9.79508000000000 1.0319E+04
9.79499000000000 1.0437E+04
9.79508000000000 1.0450E+04
9.79508000000000 1.0429E+04
9.79501000000000 1.0621E+04
9.79504000000000 1.0417E+04
9.79508000000000 1.0632E+04
9.79501000000000 1.0512E+04
9.79499000000000 1.0513E+04
9.79508000000000 1.0617E+04
9.79508000000000 1.0518E+04
9.79501000000000 1.0425E+04
9.79501000000000 1.0459E+04
9.79501000000000 1.0545E+04
9.79508000000000 1.0438E+04
9.79494000000000 1.0274E+04
9.79499000000000 1.0387E+04
9.79508000000000 1.0533E+04
9.79501000000000 1.0380E+04
9.79508000000000 1.0247E+04
9.79499000000000 1.0626E+04
9.79508000000000 1.0502E+04
9.79508000000000 1.0634E+04
9.79501000000000 1.0544E+04
9.79508000000000 1.0478E+04
9.79499000000000 1.0668E+04
9.79508000000000 1.0607E+04
9.79499000000000 1.0364E+04
9.79508000000000 1.0716E+04
9.79501000000000 1.0515E+04
9.79497000000000 1.0395E+04
9.79508000000000 1.0516E+04
9.79499000000000 1.0701E+04
9.79508000000000 1.0584E+04
9.79508000000000 1.0549E+04
9.79508000000000 1.0492E+04
9.79495000000000 1.0440E+04
9.79494000000000 1.0415E+04
9.79508000000000 1.0375E+04
9.79499000000000 1.0562E+04
9.79494000000000 1.0418E+04
9.79501000000000 1.0490E+04
9.79494000000000 1.0299E+04
9.79508000000000 1.0397E+04
9.79499000000000 1.0391E+04
9.79508000000000 1.0312E+04
9.79508000000000 1.0515E+04
9.79508000000000 1.0450E+04
9.79508000000000 1.0397E+04
9.79508000000000 1.0514E+04
9.79499000000000 1.0611E+04
9.79499000000000 1.0417E+04
9.79508000000000 1.0653E+04
9.79508000000000 1.0462E+04
9.79508000000000 1.0550E+04
9.79508000000000 1.0520E+04
9.79501000000000 1.0644E+04
9.79501000000000 1.0474E+04
9.79508000000000 1.0541E+04
9.79508000000000 1.0576E+04
9.79503000000000 1.0619E+04
9.79508000000000 1.0716E+04
9.79482000000000 1.0437E+04
9.79499000000000 1.0389E+04
9.79501000000000 1.0452E+04
9.79501000000000 1.0574E+04
9.79501000000000 1.0392E+04
9.79508000000000 1.0525E+04
9.79501000000000 1.0574E+04
9.79499000000000 1.0494E+04
9.79501000000000 1.0467E+04
9.79501000000000 1.0505E+04
9.79508000000000 1.0507E+04
9.79508000000000 1.0381E+04
9.79499000000000 1.0358E+04
9.79511000000000 1.0592E+04
9.79508000000000 1.0443E+04
9.79494000000000 1.0512E+04
9.79508000000000 1.0438E+04
9.79499000000000 1.0528E+04
9.79508000000000 1.0351E+04
9.79501000000000 1.0395E+04
9.79508000000000 1.0693E+04
9.79508000000000 1.0274E+04
9.79501000000000 1.0347E+04
9.79497000000000 1.0574E+04
9.79508000000000 1.0357E+04
9.79508000000000 1.0575E+04
9.79508000000000 1.0491E+04
9.79508000000000 1.0622E+04
9.79501000000000 1.0481E+04
9.79503000000000 1.0351E+04
9.79499000000000 1.0366E+04
9.79501000000000 1.0486E+04
9.79508000000000 1.0376E+04
9.79501000000000 1.0464E+04
9.79501000000000 1.0573E+04
9.79501000000000 1.0580E+04
9.79508000000000 1.0404E+04
9.79508000000000 1.0540E+04
9.79501000000000 1.0495E+04
9.79499000000000 1.0438E+04
9.79508000000000 1.0630E+04
9.79508000000000 1.0548E+04
9.79508000000000 1.0427E+04
9.79508000000000 1.0398E+04
9.79508000000000 1.0478E+04
9.79501000000000 1.0394E+04
9.79508000000000 1.0478E+04
9.79501000000000 1.0554E+04
9.79494000000000 1.0704E+04
9.79501000000000 1.0444E+04
9.79501000000000 1.0420E+04
9.79508000000000 1.0465E+04
9.79499000000000 1.0574E+04
9.79504000000000 1.0397E+04
9.79508000000000 1.0292E+04
9.79508000000000 1.0657E+04
9.79499000000000 1.0419E+04
9.79501000000000 1.0431E+04
9.79508000000000 1.0441E+04
9.79501000000000 1.0564E+04
9.79508000000000 1.0595E+04
9.79504000000000 1.0512E+04
9.79508000000000 1.0398E+04
9.79501000000000 1.0471E+04
9.79499000000000 1.0364E+04
9.79499000000000 1.0313E+04
9.79501000000000 1.0495E+04
9.79508000000000 1.0427E+04
9.79499000000000 1.0637E+04
9.79501000000000 1.0781E+04
9.79494000000000 1.0466E+04
9.79499000000000 1.0479E+04
9.79508000000000 1.0452E+04
9.79501000000000 1.0540E+04
9.79499000000000 1.0349E+04
9.79501000000000 1.0449E+04
9.79494000000000 1.0637E+04
9.79508000000000 1.0364E+04
9.79508000000000 1.0576E+04
9.79499000000000 1.0570E+04
9.79508000000000 1.0471E+04
9.79508000000000 1.0761E+04
9.79503000000000 1.0272E+04
9.79508000000000 1.0539E+04
9.79508000000000 1.0394E+04
9.79494000000000 1.0611E+04
9.79501000000000 1.0533E+04
9.79508000000000 1.0501E+04
9.79494000000000 1.0608E+04
9.79508000000000 1.0563E+04
9.79508000000000 1.0540E+04
9.79501000000000 1.0375E+04
9.79501000000000 1.0418E+04
9.79494000000000 1.0429E+04
9.79508000000000 1.0517E+04
9.79501000000000 1.0570E+04
9.79499000000000 1.0574E+04
9.79501000000000 1.0543E+04
9.79508000000000 1.0686E+04
9.79499000000000 1.0398E+04
9.79508000000000 1.0538E+04
9.79501000000000 1.0513E+04
9.79508000000000 1.0476E+04
9.79501000000000 1.0525E+04
9.79501000000000 1.0530E+04
9.79508000000000 1.0347E+04
9.79508000000000 1.0454E+04
9.79508000000000 1.0261E+04
9.79508000000000 1.0558E+04
9.79508000000000 1.0654E+04
9.79499000000000 1.0631E+04
9.79508000000000 1.0579E+04
9.79499000000000 1.0382E+04
9.79501000000000 1.0363E+04
9.79508000000000 1.0654E+04
9.79501000000000 1.0472E+04
9.79494000000000 1.0529E+04
9.79508000000000 1.0456E+04
9.79508000000000 1.0614E+04
9.79499000000000 1.0480E+04
9.79494000000000 1.0583E+04
9.79501000000000 1.0694E+04
9.79508000000000 1.0497E+04
9.79508000000000 1.0277E+04
9.79506000000000 1.0414E+04
9.79499000000000 1.0668E+04
9.79508000000000 1.0811E+04
9.79508000000000 1.0504E+04
9.79501000000000 1.0660E+04
9.79508000000000 1.0354E+04
9.79508000000000 1.0328E+04
9.79508000000000 1.0572E+04
9.79508000000000 1.0506E+04
9.79508000000000 1.0531E+04
9.79499000000000 1.0534E+04
9.79499000000000 1.0560E+04
9.79501000000000 1.0402E+04
9.79508000000000 1.0444E+04
9.79508000000000 1.0486E+04
9.79501000000000 1.0444E+04
9.79494000000000 1.0465E+04
9.79508000000000 1.0798E+04
9.79501000000000 1.0578E+04
9.79499000000000 1.0517E+04
9.79501000000000 1.0429E+04
9.79501000000000 1.0260E+04
9.79508000000000 1.0533E+04
9.79508000000000 1.0450E+04
9.79499000000000 1.0541E+04
9.79508000000000 1.0299E+04
9.79508000000000 1.0465E+04
9.79508000000000 1.0567E+04
9.79501000000000 1.0352E+04
9.79506000000000 1.0490E+04
9.79494000000000 1.0529E+04
9.79508000000000 1.0385E+04
9.79499000000000 1.0362E+04
9.79508000000000 1.0459E+04
9.79494000000000 1.0612E+04
9.79501000000000 1.0525E+04
9.79501000000000 1.0647E+04
9.79501000000000 1.0630E+04
9.79501000000000 1.0618E+04
9.79499000000000 1.0667E+04
9.79494000000000 1.0474E+04
9.79508000000000 1.0619E+04
9.79494000000000 1.0481E+04
9.79501000000000 1.0445E+04
9.79508000000000 1.0554E+04
9.79501000000000 1.0363E+04
9.79501000000000 1.0447E+04
9.79504000000000 1.0578E+04
9.79508000000000 1.0759E+04
9.79501000000000 1.0518E+04
9.79508000000000 1.0469E+04
9.79508000000000 1.0491E+04
9.79501000000000 1.0507E+04
9.79501000000000 1.0368E+04
9.79501000000000 1.0717E+04
9.79499000000000 1.0682E+04
9.79508000000000 1.0410E+04
9.79499000000000 1.0560E+04
9.79501000000000 1.0589E+04
9.79508000000000 1.0652E+04
9.79508000000000 1.0479E+04
9.79508000000000 1.0457E+04
9.79508000000000 1.0490E+04
9.79499000000000 1.0587E+04
9.79501000000000 1.0583E+04
9.79508000000000 1.0441E+04
9.79494000000000 1.0510E+04
9.79508000000000 1.0285E+04
9.79508000000000 1.0355E+04
9.79501000000000 1.0675E+04
9.79508000000000 1.0480E+04
9.79499000000000 1.0494E+04
9.79499000000000 1.0482E+04
9.79508000000000 1.0552E+04
9.79501000000000 1.0602E+04
9.79501000000000 1.0555E+04
9.79508000000000 1.0569E+04
9.79501000000000 1.0237E+04
9.79501000000000 1.0540E+04
9.79499000000000 1.0491E+04
9.79508000000000 1.0707E+04
9.79499000000000 1.0516E+04
9.79508000000000 1.0541E+04
9.79501000000000 1.0428E+04
9.79508000000000 1.0612E+04
9.79499000000000 1.0457E+04
9.79501000000000 1.0515E+04
9.79508000000000 1.0513E+04
9.79499000000000 1.0630E+04
9.79499000000000 1.0547E+04
9.79508000000000 1.0635E+04
9.79508000000000 1.0458E+04
9.79508000000000 1.0693E+04
9.79508000000000 1.0536E+04
9.79508000000000 1.0403E+04
9.79499000000000 1.0614E+04
9.79501000000000 1.0721E+04
9.79501000000000 1.0387E+04
9.79508000000000 1.0473E+04
9.79499000000000 1.0483E+04
9.79508000000000 1.0518E+04
9.79508000000000 1.0538E+04
9.79508000000000 1.0592E+04
9.79501000000000 1.0586E+04
9.79508000000000 1.0594E+04
9.79499000000000 1.0453E+04
9.79494000000000 1.0568E+04
9.79508000000000 1.0560E+04
9.79501000000000 1.0542E+04
9.79501000000000 1.0341E+04
9.79497000000000 1.0589E+04
9.79499000000000 1.0508E+04
9.79508000000000 1.0683E+04
9.79499000000000 1.0522E+04
9.79501000000000 1.0624E+04
9.79501000000000 1.0580E+04
9.79501000000000 1.0406E+04
9.79508000000000 1.0732E+04
9.79501000000000 1.0414E+04
9.79508000000000 1.0626E+04
9.79508000000000 1.0424E+04
9.79508000000000 1.0379E+04
9.79499000000000 1.0577E+04
9.79501000000000 1.0412E+04
9.79494000000000 1.0425E+04
9.79499000000000 1.0439E+04
9.79499000000000 1.0531E+04
9.79508000000000 1.0541E+04
9.79501000000000 1.0592E+04
9.79495000000000 1.0462E+04
9.79508000000000 1.0555E+04
9.79501000000000 1.0665E+04
9.79501000000000 1.0356E+04
9.79501000000000 1.0459E+04
9.79501000000000 1.0406E+04
9.79508000000000 1.0538E+04
9.79508000000000 1.0377E+04
9.79508000000000 1.0504E+04
9.79508000000000 1.0561E+04
9.79508000000000 1.0466E+04
9.79501000000000 1.0203E+04
9.79499000000000 1.0450E+04
9.79508000000000 1.0463E+04
9.79508000000000 1.0600E+04
9.79499000000000 1.0322E+04
9.79501000000000 1.0644E+04
9.79508000000000 1.0348E+04
9.79508000000000 1.0524E+04
9.79497000000000 1.0456E+04
9.79508000000000 1.0675E+04
9.79501000000000 1.0495E+04
9.79501000000000 1.0542E+04
9.79497000000000 1.0564E+04
9.79508000000000 1.0479E+04
9.79508000000000 1.0506E+04
9.79508000000000 1.0425E+04
9.79504000000000 1.0657E+04
9.79501000000000 1.0437E+04
9.79494000000000 1.0540E+04
9.79501000000000 1.0438E+04
9.79501000000000 1.0387E+04
9.79508000000000 1.0639E+04
9.79494000000000 1.0641E+04
9.79508000000000 1.0758E+04
9.79500000000000 1.0610E+04
9.79501000000000 1.0608E+04
9.79501000000000 1.0606E+04
9.79499000000000 1.0910E+04
9.79501000000000 1.0600E+04
9.79501000000000 1.0588E+04
9.79508000000000 1.0710E+04
9.79508000000000 1.0656E+04
9.79508000000000 1.0683E+04
9.79501000000000 1.0476E+04
9.79508000000000 1.0444E+04
9.79497000000000 1.0500E+04
9.79508000000000 1.0557E+04
9.79487000000000 1.0493E+04
9.79508000000000 1.0662E+04
9.79508000000000 1.0571E+04
9.79487000000000 1.0522E+04
9.79508000000000 1.0575E+04
9.79508000000000 1.0397E+04
9.79501000000000 1.0561E+04
9.79501000000000 1.0409E+04
9.79508000000000 1.0390E+04
9.79504000000000 1.0474E+04
9.79508000000000 1.0782E+04
9.79499000000000 1.0698E+04
9.79501000000000 1.0445E+04
9.79501000000000 1.0377E+04
9.79508000000000 1.0614E+04
9.79501000000000 1.0375E+04
9.79508000000000 1.0297E+04
9.79508000000000 1.0592E+04
9.79501000000000 1.0459E+04
9.79508000000000 1.0526E+04
9.79494000000000 1.0656E+04
9.79499000000000 1.0396E+04
9.79499000000000 1.0771E+04
9.79501000000000 1.0501E+04
9.79508000000000 1.0430E+04
9.79499000000000 1.0583E+04
9.79508000000000 1.0532E+04
9.79501000000000 1.0555E+04
9.79508000000000 1.0400E+04
9.79508000000000 1.0419E+04
9.79501000000000 1.0624E+04
9.79499000000000 1.0439E+04
9.79497000000000 1.0571E+04
9.79499000000000 1.0431E+04
