9.79508000000000 1.5857E+04
9.79497000000000 1.5864E+04
9.79496000000000 1.5791E+04
9.79508000000000 1.5768E+04
9.79496000000000 1.6102E+04
9.79504000000000 1.5918E+04
9.79496000000000 1.5736E+04
9.79497000000000 1.5782E+04
9.79497000000000 1.5990E+04
9.79498000000000 1.5889E+04
9.79497000000000 1.5930E+04
9.79504000000000 1.5942E+04
9.79496000000000 1.5834E+04
9.79498000000000 1.6027E+04
9.79504000000000 1.5848E+04
9.79498000000000 1.5820E+04
9.79497000000000 1.6265E+04
9.79497000000000 1.6029E+04
9.79496000000000 1.6001E+04
9.79498000000000 1.5822E+04
9.79496000000000 1.6103E+04
9.79507000000000 1.6072E+04
9.79496000000000 1.5911E+04
9.79496000000000 1.6142E+04
9.79498000000000 1.5728E+04
9.79504000000000 1.6072E+04
9.79498000000000 1.5692E+04
9.79498000000000 1.5943E+04
9.79497000000000 1.5979E+04
9.79507000000000 1.5880E+04
9.79497000000000 1.6046E+04
9.79496000000000 1.5881E+04
9.79504000000000 1.6078E+04
9.79498000000000 1.5753E+04
9.79508000000000 1.5723E+04
9.79498000000000 1.5941E+04
9.79498000000000 1.5912E+04
9.79504000000000 1.5962E+04
9.79504000000000 1.6019E+04
9.79504000000000 1.5932E+04
9.79504000000000 1.5912E+04
9.79498000000000 1.6039E+04
9.79504000000000 1.6102E+04
9.79496000000000 1.5943E+04
9.79497000000000 1.6056E+04
9.79496000000000 1.5987E+04
9.79498000000000 1.5888E+04
9.79496000000000 1.6134E+04
9.79497000000000 1.6015E+04
9.79497000000000 1.5785E+04
9.79504000000000 1.5823E+04
9.79498000000000 1.5694E+04
9.79496000000000 1.5698E+04
9.79496000000000 1.5861E+04
9.79498000000000 1.5637E+04
9.79497000000000 1.6102E+04
9.79508000000000 1.5909E+04
9.79497000000000 1.5909E+04
9.79508000000000 1.5870E+04
9.79498000000000 1.6145E+04
9.79496000000000 1.6031E+04
9.79496000000000 1.5850E+04
9.79504000000000 1.5748E+04
9.79496000000000 1.5840E+04
9.79496000000000 1.5861E+04
9.79496000000000 1.5737E+04
9.79508000000000 1.5881E+04
9.79496000000000 1.6009E+04
9.79498000000000 1.5934E+04
9.79496000000000 1.5567E+04
9.79498000000000 1.5982E+04
9.79496000000000 1.6090E+04
9.79496000000000 1.5799E+04
9.79497000000000 1.5912E+04
9.79497000000000 1.5783E+04
9.79498000000000 1.5815E+04
9.79496000000000 1.6136E+04
9.79498000000000 1.5681E+04
9.79508000000000 1.5903E+04
9.79496000000000 1.6002E+04
9.79507000000000 1.6106E+04
9.79496000000000 1.6190E+04
9.79497000000000 1.5952E+04
9.79498000000000 1.5912E+04
9.79499000000000 1.5783E+04
9.79498000000000 1.5807E+04
9.79508000000000 1.5914E+04
9.79496000000000 1.5944E+04
9.79504000000000 1.5662E+04
9.79504000000000 1.6037E+04
9.79504000000000 1.5899E+04
9.79501000000000 1.6044E+04
9.79497000000000 1.6346E+04
9.79498000000000 1.5810E+04
9.79496000000000 1.5931E+04
9.79497000000000 1.5797E+04
9.79504000000000 1.5740E+04
9.79497000000000 1.5790E+04
9.79496000000000 1.5976E+04
9.79496000000000 1.5999E+04
9.79504000000000 1.5831E+04
9.79496000000000 1.6028E+04
9.79504000000000 1.5774E+04
9.79504000000000 1.5823E+04
9.79498000000000 1.6000E+04
9.79496000000000 1.6003E+04
9.79498000000000 1.5860E+04
9.79499000000000 1.5694E+04
9.79496000000000 1.6182E+04
9.79498000000000 1.5867E+04
9.79504000000000 1.5814E+04
9.79508000000000 1.6166E+04
9.79497000000000 1.5665E+04
9.79508000000000 1.6238E+04
9.79498000000000 1.6021E+04
9.79498000000000 1.5907E+04
9.79498000000000 1.5895E+04
9.79496000000000 1.6163E+04
9.79496000000000 1.5963E+04
9.79498000000000 1.5913E+04
9.79498000000000 1.6148E+04
9.79497000000000 1.6197E+04
9.79497000000000 1.6017E+04
9.79496000000000 1.5892E+04
9.79498000000000 1.6017E+04
9.79496000000000 1.5945E+04
9.79507000000000 1.6069E+04
9.79498000000000 1.5717E+04
9.79497000000000 1.5811E+04
9.79497000000000 1.5889E+04
9.79496000000000 1.5985E+04
9.79496000000000 1.5856E+04
9.79496000000000 1.5868E+04
9.79498000000000 1.6121E+04
9.79496000000000 1.5868E+04
9.79497000000000 1.5828E+04
9.79496000000000 1.5703E+04
9.79507000000000 1.5887E+04
9.79498000000000 1.5927E+04
9.79508000000000 1.5944E+04
9.79498000000000 1.6001E+04
9.79496000000000 1.6058E+04
9.79496000000000 1.6060E+04
9.79508000000000 1.5855E+04
9.79496000000000 1.5903E+04
9.79507000000000 1.5879E+04
9.79497000000000 1.6018E+04
9.79497000000000 1.5869E+04
9.79504000000000 1.5954E+04
9.79496000000000 1.6030E+04
9.79508000000000 1.5991E+04
9.79508000000000 1.6036E+04
9.79496000000000 1.5829E+04
9.79495000000000 1.5689E+04
9.79498000000000 1.5986E+04
9.79507000000000 1.6273E+04
9.79496000000000 1.5791E+04
9.79497000000000 1.5990E+04
9.79497000000000 1.5806E+04
9.79497000000000 1.6034E+04
9.79497000000000 1.5825E+04
9.79498000000000 1.5991E+04
9.79496000000000 1.5754E+04
9.79496000000000 1.6027E+04
9.79508000000000 1.6025E+04
9.79508000000000 1.6011E+04
9.79496000000000 1.5775E+04
9.79496000000000 1.5974E+04
9.79496000000000 1.5799E+04
9.79496000000000 1.5914E+04
9.79504000000000 1.6005E+04
9.79504000000000 1.5936E+04
9.79496000000000 1.6002E+04
9.79498000000000 1.5801E+04
9.79508000000000 1.5845E+04
9.79498000000000 1.6064E+04
9.79496000000000 1.5985E+04
9.79507000000000 1.6036E+04
9.79497000000000 1.6184E+04
9.79496000000000 1.5939E+04
9.79498000000000 1.5907E+04
9.79507000000000 1.5884E+04
9.79497000000000 1.5863E+04
9.79497000000000 1.6135E+04
9.79504000000000 1.5927E+04
9.79496000000000 1.5760E+04
9.79504000000000 1.5847E+04
9.79504000000000 1.6028E+04
9.79507000000000 1.6078E+04
9.79497000000000 1.5938E+04
9.79497000000000 1.5863E+04
9.79508000000000 1.6037E+04
9.79498000000000 1.5934E+04
9.79497000000000 1.6014E+04
9.79498000000000 1.5770E+04
9.79498000000000 1.6002E+04
9.79498000000000 1.5981E+04
9.79498000000000 1.5951E+04
9.79496000000000 1.5770E+04
9.79497000000000 1.6133E+04
9.79497000000000 1.5867E+04
9.79498000000000 1.5767E+04
9.79496000000000 1.5664E+04
9.79496000000000 1.5677E+04
9.79497000000000 1.5846E+04
9.79507000000000 1.5674E+04
9.79498000000000 1.5941E+04
9.79507000000000 1.5844E+04
9.79496000000000 1.5885E+04
9.79496000000000 1.5778E+04
9.79501000000000 1.5878E+04
9.79496000000000 1.5690E+04
9.79496000000000 1.5969E+04
9.79507000000000 1.5722E+04
9.79508000000000 1.6001E+04
9.79497000000000 1.5720E+04
9.79497000000000 1.5653E+04
9.79497000000000 1.5847E+04
9.79508000000000 1.5671E+04
9.79507000000000 1.5643E+04
9.79497000000000 1.5788E+04
9.79508000000000 1.5885E+04
9.79504000000000 1.5990E+04
9.79498000000000 1.6056E+04
9.79504000000000 1.6164E+04
9.79496000000000 1.5876E+04
9.79508000000000 1.5994E+04
9.79497000000000 1.5860E+04
9.79496000000000 1.5923E+04
9.79507000000000 1.6069E+04
9.79504000000000 1.5925E+04
9.79497000000000 1.5811E+04
9.79498000000000 1.6013E+04
9.79496000000000 1.6124E+04
9.79497000000000 1.5772E+04
9.79498000000000 1.6140E+04
9.79497000000000 1.5823E+04
9.79497000000000 1.5957E+04
9.79507000000000 1.5879E+04
9.79498000000000 1.6022E+04
9.79496000000000 1.6015E+04
9.79498000000000 1.5742E+04
9.79498000000000 1.5815E+04
9.79498000000000 1.5865E+04
9.79497000000000 1.6115E+04
9.79498000000000 1.5757E+04
9.79496000000000 1.5967E+04
9.79498000000000 1.5778E+04
9.79497000000000 1.5713E+04
9.79496000000000 1.5835E+04
9.79497000000000 1.5957E+04
9.79497000000000 1.5979E+04
9.79498000000000 1.6022E+04
9.79498000000000 1.5649E+04
9.79504000000000 1.5921E+04
9.79498000000000 1.5863E+04
9.79498000000000 1.5820E+04
9.79496000000000 1.6041E+04
9.79498000000000 1.5989E+04
9.79498000000000 1.5587E+04
9.79497000000000 1.5897E+04
9.79498000000000 1.6032E+04
9.79498000000000 1.6220E+04
9.79497000000000 1.5816E+04
9.79496000000000 1.5929E+04
9.79498000000000 1.6001E+04
9.79496000000000 1.6144E+04
9.79508000000000 1.5850E+04
9.79496000000000 1.5937E+04
9.79496000000000 1.6059E+04
9.79496000000000 1.5960E+04
9.79496000000000 1.6011E+04
9.79498000000000 1.5967E+04
9.79496000000000 1.5966E+04
9.79496000000000 1.5921E+04
9.79498000000000 1.6194E+04
9.79507000000000 1.5883E+04
9.79496000000000 1.6015E+04
9.79498000000000 1.5691E+04
9.79506000000000 1.5846E+04
9.79496000000000 1.5985E+04
9.79496000000000 1.6055E+04
9.79498000000000 1.5728E+04
9.79496000000000 1.5822E+04
9.79498000000000 1.6061E+04
9.79496000000000 1.5924E+04
9.79498000000000 1.5737E+04
9.79498000000000 1.5987E+04
9.79497000000000 1.5971E+04
9.79497000000000 1.5997E+04
9.79496000000000 1.6128E+04
9.79508000000000 1.5908E+04
9.79497000000000 1.5821E+04
9.79497000000000 1.5995E+04
9.79496000000000 1.5842E+04
9.79496000000000 1.5957E+04
9.79498000000000 1.5680E+04
9.79496000000000 1.5785E+04
9.79507000000000 1.6009E+04
9.79497000000000 1.6014E+04
9.79504000000000 1.6195E+04
9.79498000000000 1.6024E+04
9.79498000000000 1.5974E+04
9.79496000000000 1.5953E+04
9.79496000000000 1.6010E+04
9.79498000000000 1.5934E+04
9.79496000000000 1.5768E+04
9.79496000000000 1.5855E+04
9.79498000000000 1.5881E+04
9.79496000000000 1.5919E+04
9.79498000000000 1.5925E+04
9.79496000000000 1.5927E+04
9.79497000000000 1.5842E+04
9.79507000000000 1.5657E+04
9.79497000000000 1.5878E+04
9.79497000000000 1.6178E+04
9.79498000000000 1.5990E+04
9.79497000000000 1.5965E+04
9.79497000000000 1.5684E+04
9.79498000000000 1.5859E+04
9.79497000000000 1.5685E+04
9.79498000000000 1.6013E+04
9.79498000000000 1.6081E+04
9.79496000000000 1.5821E+04
9.79501000000000 1.5799E+04
9.79496000000000 1.5762E+04
9.79504000000000 1.6005E+04
9.79496000000000 1.5946E+04
9.79496000000000 1.6005E+04
9.79497000000000 1.6091E+04
9.79496000000000 1.5793E+04
9.79504000000000 1.6027E+04
9.79496000000000 1.5652E+04
9.79498000000000 1.5883E+04
9.79496000000000 1.5936E+04
9.79496000000000 1.5773E+04
9.79504000000000 1.6441E+04
9.79496000000000 1.5710E+04
9.79498000000000 1.5881E+04
9.79498000000000 1.5844E+04
9.79498000000000 1.5887E+04
9.79498000000000 1.5945E+04
9.79498000000000 1.5549E+04
9.79496000000000 1.6105E+04
9.79504000000000 1.5958E+04
9.79504000000000 1.5769E+04
9.79508000000000 1.5952E+04
9.79497000000000 1.6043E+04
9.79498000000000 1.5982E+04
9.79508000000000 1.5881E+04
9.79496000000000 1.5974E+04
9.79504000000000 1.5759E+04
9.79497000000000 1.5814E+04
9.79496000000000 1.6021E+04
9.79498000000000 1.5946E+04
9.79496000000000 1.6030E+04
9.79504000000000 1.5652E+04
9.79497000000000 1.5942E+04
9.79507000000000 1.5937E+04
9.79498000000000 1.5659E+04
9.79504000000000 1.5893E+04
9.79498000000000 1.5872E+04
9.79507000000000 1.5969E+04
9.79507000000000 1.5940E+04
9.79496000000000 1.5713E+04
9.79498000000000 1.5811E+04
9.79496000000000 1.6085E+04
9.79496000000000 1.6182E+04
9.79496000000000 1.6150E+04
9.79508000000000 1.6132E+04
9.79504000000000 1.5887E+04
9.79498000000000 1.5741E+04
9.79497000000000 1.5744E+04
9.79498000000000 1.5608E+04
9.79497000000000 1.6014E+04
9.79498000000000 1.5921E+04
9.79496000000000 1.6018E+04
9.79508000000000 1.5975E+04
9.79506000000000 1.5819E+04
9.79497000000000 1.6219E+04
9.79496000000000 1.5668E+04
9.79497000000000 1.5724E+04
9.79508000000000 1.5844E+04
9.79498000000000 1.5851E+04
9.79496000000000 1.5847E+04
9.79497000000000 1.6083E+04
9.79498000000000 1.6039E+04
9.79498000000000 1.5975E+04
9.79496000000000 1.6021E+04
9.79496000000000 1.5976E+04
9.79504000000000 1.5908E+04
9.79498000000000 1.5842E+04
9.79498000000000 1.6198E+04
9.79498000000000 1.6137E+04
9.79498000000000 1.6060E+04
9.79496000000000 1.5827E+04
9.79496000000000 1.6103E+04
9.79498000000000 1.5979E+04
9.79505000000000 1.5865E+04
9.79496000000000 1.6136E+04
9.79497000000000 1.5921E+04
9.79496000000000 1.6186E+04
9.79504000000000 1.5860E+04
9.79497000000000 1.5988E+04
9.79496000000000 1.5882E+04
9.79497000000000 1.5774E+04
9.79497000000000 1.5950E+04
9.79496000000000 1.5795E+04
9.79497000000000 1.5948E+04
9.79507000000000 1.5862E+04
9.79496000000000 1.5946E+04
9.79496000000000 1.5878E+04
9.79498000000000 1.5791E+04
9.79498000000000 1.5974E+04
9.79496000000000 1.5842E+04
9.79498000000000 1.6087E+04
9.79496000000000 1.6050E+04
9.79496000000000 1.5806E+04
9.79497000000000 1.5851E+04
9.79508000000000 1.5794E+04
9.79496000000000 1.5803E+04
9.79497000000000 1.6144E+04
9.79498000000000 1.5900E+04
9.79497000000000 1.6001E+04
9.79498000000000 1.5897E+04
9.79497000000000 1.6106E+04
9.79496000000000 1.5726E+04
9.79496000000000 1.5953E+04
9.79508000000000 1.5795E+04
9.79498000000000 1.5774E+04
9.79496000000000 1.5840E+04
9.79498000000000 1.6039E+04
9.79496000000000 1.5810E+04
9.79498000000000 1.5761E+04
9.79508000000000 1.5796E+04
9.79498000000000 1.6026E+04
9.79504000000000 1.5944E+04
9.79497000000000 1.5873E+04
9.79498000000000 1.6023E+04
9.79498000000000 1.5958E+04
9.79508000000000 1.5755E+04
9.79498000000000 1.5765E+04
9.79497000000000 1.5852E+04
9.79498000000000 1.5884E+04
9.79496000000000 1.5864E+04
9.79507000000000 1.6013E+04
9.79496000000000 1.5960E+04
9.79498000000000 1.5852E+04
9.79496000000000 1.5797E+04
9.79496000000000 1.6034E+04
9.79496000000000 1.5649E+04
9.79497000000000 1.6034E+04
9.79496000000000 1.6040E+04
9.79508000000000 1.6009E+04
9.79498000000000 1.6193E+04
9.79498000000000 1.5799E+04
9.79496000000000 1.6003E+04
9.79504000000000 1.6070E+04
9.79508000000000 1.5899E+04
9.79504000000000 1.5863E+04
9.79498000000000 1.5868E+04
9.79497000000000 1.5567E+04
9.79496000000000 1.5742E+04
9.79497000000000 1.6092E+04
9.79496000000000 1.5687E+04
9.79496000000000 1.5859E+04
9.79496000000000 1.6062E+04
9.79496000000000 1.6054E+04
9.79496000000000 1.6084E+04
9.79497000000000 1.5902E+04
9.79498000000000 1.5989E+04
9.79498000000000 1.6055E+04
9.79498000000000 1.5882E+04
9.79497000000000 1.6010E+04
9.79497000000000 1.5723E+04
9.79496000000000 1.6058E+04
9.79497000000000 1.5855E+04
9.79496000000000 1.6067E+04
9.79497000000000 1.6024E+04
9.79497000000000 1.5899E+04
9.79496000000000 1.5985E+04
9.79496000000000 1.5888E+04
9.79508000000000 1.5988E+04
9.79496000000000 1.5862E+04
9.79496000000000 1.5753E+04
9.79496000000000 1.5939E+04
9.79498000000000 1.5631E+04
9.79496000000000 1.6240E+04
9.79497000000000 1.5840E+04
9.79496000000000 1.6065E+04
9.79496000000000 1.6022E+04
9.79496000000000 1.5930E+04
9.79508000000000 1.5739E+04
9.79497000000000 1.6186E+04
9.79496000000000 1.5818E+04
9.79504000000000 1.6101E+04
9.79498000000000 1.5683E+04
9.79496000000000 1.6000E+04
9.79508000000000 1.5952E+04
9.79504000000000 1.5865E+04
