9.79378000000000 5313.
9.79358000000000 5111.
9.79378000000000 5258.
9.79378000000000 5112.
9.79378000000000 5240.
9.79380000000000 5164.
9.79380000000000 5053.
9.79378000000000 5143.
9.79378000000000 5181.
9.79358000000000 5289.
9.79378000000000 5167.
9.79358000000000 5125.
9.79378000000000 5151.
9.79365000000000 5358.
9.79365000000000 5095.
9.79378000000000 5206.
9.79378000000000 5184.
9.79378000000000 5176.
9.79378000000000 5147.
9.79378000000000 5355.
9.79352000000000 5100.
9.79365000000000 5134.
9.79354000000000 5194.
9.79358000000000 5142.
9.79378000000000 5130.
9.79378000000000 5115.
9.79378000000000 5313.
9.79358000000000 5108.
9.79378000000000 5158.
9.79358000000000 5216.
9.79358000000000 5322.
9.79378000000000 5134.
9.79358000000000 5320.
9.79365000000000 5292.
9.79365000000000 5181.
9.79378000000000 5202.
9.79378000000000 5167.
9.79378000000000 5127.
9.79388000000000 5177.
9.79372000000000 5133.
9.79378000000000 5314.
9.79352000000000 5297.
9.79378000000000 5252.
9.79352000000000 5082.
9.79380000000000 5165.
9.79378000000000 5213.
9.79378000000000 5296.
9.79378000000000 5172.
9.79358000000000 5189.
9.79378000000000 5193.
9.79378000000000 5127.
9.79358000000000 5286.
9.79352000000000 5189.
9.79365000000000 5072.
9.79358000000000 5181.
9.79378000000000 5117.
9.79378000000000 5142.
9.79372000000000 5089.
9.79378000000000 5187.
9.79378000000000 5176.
9.79378000000000 5095.
9.79365000000000 5232.
9.79365000000000 5065.
9.79378000000000 5212.
9.79367000000000 5265.
9.79352000000000 5068.
9.79365000000000 5278.
9.79352000000000 5158.
9.79378000000000 5232.
9.79358000000000 5052.
9.79352000000000 5118.
9.79378000000000 5224.
9.79378000000000 5238.
9.79358000000000 5406.
9.79352000000000 5215.
9.79378000000000 5298.
9.79378000000000 5021.
9.79378000000000 5122.
9.79378000000000 5270.
9.79378000000000 5211.
9.79365000000000 5143.
9.79378000000000 5210.
9.79378000000000 5209.
9.79358000000000 5337.
9.79378000000000 5215.
9.79372000000000 5237.
9.79372000000000 5023.
9.79365000000000 5183.
9.79378000000000 5125.
9.79358000000000 5119.
9.79378000000000 5350.
9.79378000000000 5153.
9.79365000000000 5176.
9.79365000000000 5159.
9.79378000000000 5259.
9.79378000000000 5169.
9.79365000000000 5231.
9.79378000000000 5272.
9.79378000000000 5157.
9.79358000000000 5131.
9.79378000000000 5324.
9.79378000000000 5358.
9.79365000000000 5223.
9.79378000000000 5209.
9.79378000000000 5067.
9.79378000000000 5114.
9.79378000000000 5171.
9.79361000000000 5225.
9.79378000000000 5306.
9.79378000000000 5167.
9.79358000000000 5229.
9.79365000000000 5205.
9.79378000000000 5179.
9.79378000000000 5304.
9.79365000000000 5271.
9.79352000000000 5124.
9.79378000000000 5265.
9.79378000000000 5250.
9.79378000000000 5209.
9.79380000000000 5130.
9.79378000000000 5240.
9.79378000000000 5280.
9.79378000000000 5075.
9.79365000000000 5081.
9.79378000000000 5237.
9.79378000000000 5077.
9.79352000000000 5077.
9.79373000000000 5366.
9.79358000000000 5209.
9.79378000000000 5095.
9.79372000000000 5221.
9.79365000000000 5076.
9.79358000000000 5251.
9.79388000000000 5196.
9.79378000000000 5166.
9.79378000000000 5028.
9.79365000000000 5270.
9.79352000000000 5272.
9.79378000000000 5184.
9.79378000000000 5119.
9.79378000000000 5203.
9.79358000000000 5247.
9.79358000000000 5239.
9.79358000000000 5299.
9.79378000000000 5110.
9.79380000000000 5115.
9.79378000000000 5195.
9.79358000000000 5293.
9.79358000000000 5130.
9.79378000000000 5201.
9.79358000000000 5044.
9.79378000000000 5156.
9.79365000000000 5099.
9.79358000000000 5123.
9.79378000000000 5082.
9.79365000000000 5217.
9.79378000000000 5188.
9.79378000000000 5246.
9.79378000000000 5047.
9.79378000000000 5344.
9.79358000000000 5260.
9.79378000000000 5203.
9.79358000000000 5174.
9.79378000000000 5181.
9.79378000000000 5086.
9.79378000000000 5248.
9.79367000000000 5229.
9.79365000000000 5192.
9.79358000000000 5262.
9.79358000000000 5316.
9.79378000000000 5154.
9.79372000000000 5168.
9.79378000000000 5195.
9.79358000000000 5231.
9.79378000000000 5073.
9.79378000000000 5213.
9.79373000000000 5297.
9.79378000000000 5093.
9.79378000000000 5100.
9.79378000000000 5119.
9.79378000000000 5122.
9.79352000000000 5234.
9.79365000000000 5171.
9.79378000000000 5081.
9.79378000000000 5333.
9.79378000000000 5028.
9.79378000000000 5075.
9.79380000000000 5112.
9.79358000000000 5118.
9.79378000000000 5116.
9.79378000000000 5090.
9.79378000000000 5217.
9.79382000000000 5198.
9.79365000000000 5246.
9.79378000000000 5009.
9.79378000000000 5110.
9.79365000000000 5122.
9.79378000000000 5171.
9.79365000000000 5116.
9.79378000000000 5309.
9.79378000000000 5075.
9.79378000000000 5267.
9.79380000000000 5098.
9.79378000000000 5212.
9.79378000000000 5229.
9.79358000000000 4917.
9.79372000000000 5272.
9.79365000000000 5062.
9.79378000000000 5254.
9.79358000000000 5117.
9.79378000000000 5108.
9.79365000000000 5192.
9.79358000000000 5105.
9.79378000000000 5362.
9.79378000000000 5077.
9.79378000000000 5101.
9.79378000000000 5187.
9.79358000000000 5032.
9.79358000000000 5235.
9.79367000000000 5111.
9.79365000000000 5206.
9.79352000000000 5186.
9.79378000000000 5190.
9.79378000000000 5117.
9.79378000000000 5259.
9.79358000000000 5169.
9.79358000000000 5208.
9.79378000000000 5165.
9.79378000000000 5324.
9.79378000000000 5171.
9.79365000000000 5222.
9.79378000000000 5100.
9.79352000000000 5278.
9.79378000000000 5242.
9.79348000000000 5212.
9.79365000000000 5072.
9.79358000000000 5265.
9.79378000000000 5238.
9.79378000000000 5279.
9.79378000000000 5285.
9.79378000000000 5139.
9.79378000000000 5161.
9.79378000000000 5039.
9.79352000000000 5203.
9.79372000000000 5121.
9.79365000000000 5337.
9.79378000000000 5319.
9.79378000000000 5203.
9.79378000000000 5286.
9.79358000000000 5163.
9.79361000000000 5255.
9.79378000000000 5331.
9.79378000000000 5294.
9.79378000000000 5166.
9.79378000000000 5207.
9.79346000000000 5225.
9.79378000000000 5073.
9.79378000000000 5252.
9.79358000000000 5011.
9.79378000000000 5141.
9.79352000000000 5233.
9.79378000000000 5194.
9.79378000000000 5321.
9.79378000000000 5257.
9.79378000000000 5182.
9.79365000000000 5205.
9.79365000000000 5235.
9.79378000000000 5178.
9.79365000000000 5164.
9.79382000000000 5106.
9.79378000000000 5127.
9.79378000000000 5159.
9.79365000000000 5139.
9.79378000000000 5209.
9.79378000000000 5351.
9.79358000000000 5288.
9.79358000000000 5274.
9.79378000000000 5032.
9.79378000000000 5269.
9.79365000000000 5139.
9.79358000000000 5246.
9.79358000000000 5201.
9.79378000000000 5244.
9.79378000000000 5309.
9.79378000000000 5262.
9.79378000000000 5188.
9.79378000000000 5310.
9.79358000000000 5084.
9.79358000000000 5214.
9.79380000000000 5295.
9.79378000000000 5279.
9.79378000000000 5200.
9.79388000000000 5081.
9.79378000000000 5157.
9.79378000000000 5260.
9.79378000000000 5185.
9.79352000000000 5113.
9.79378000000000 5219.
9.79358000000000 5052.
9.79380000000000 5051.
9.79358000000000 5146.
9.79365000000000 5193.
9.79358000000000 5064.
9.79372000000000 5283.
9.79365000000000 5257.
9.79378000000000 5098.
9.79378000000000 5170.
9.79378000000000 5332.
9.79378000000000 5375.
9.79365000000000 5228.
9.79372000000000 5274.
9.79378000000000 5114.
9.79378000000000 5270.
9.79373000000000 5217.
9.79378000000000 5110.
9.79378000000000 5228.
9.79378000000000 5153.
9.79378000000000 5159.
9.79358000000000 5216.
9.79358000000000 5182.
9.79378000000000 5157.
9.79358000000000 5194.
9.79378000000000 5215.
9.79378000000000 5156.
9.79378000000000 5246.
9.79378000000000 5298.
9.79378000000000 5316.
9.79372000000000 5156.
9.79358000000000 5239.
9.79352000000000 5090.
9.79378000000000 5074.
9.79378000000000 5220.
9.79378000000000 5051.
9.79380000000000 5288.
9.79378000000000 5261.
9.79358000000000 5141.
9.79380000000000 5182.
9.79378000000000 5145.
9.79378000000000 5214.
9.79367000000000 5279.
9.79378000000000 5357.
9.79380000000000 5070.
9.79378000000000 5082.
9.79378000000000 5204.
9.79378000000000 5257.
9.79365000000000 5130.
9.79378000000000 5240.
9.79378000000000 5129.
9.79365000000000 5382.
9.79378000000000 5340.
9.79378000000000 5057.
9.79365000000000 5162.
9.79365000000000 5179.
9.79365000000000 5153.
9.79378000000000 5270.
9.79365000000000 5244.
9.79378000000000 5149.
9.79378000000000 5164.
9.79378000000000 5239.
9.79365000000000 5176.
9.79358000000000 5082.
9.79378000000000 5332.
9.79365000000000 5233.
9.79365000000000 5251.
9.79378000000000 5139.
9.79378000000000 5063.
9.79365000000000 5090.
9.79378000000000 5254.
9.79365000000000 5179.
9.79380000000000 5200.
9.79378000000000 5247.
9.79378000000000 5080.
9.79378000000000 5259.
9.79378000000000 5321.
9.79378000000000 5204.
9.79378000000000 5155.
9.79378000000000 5264.
9.79352000000000 5062.
9.79365000000000 5331.
9.79378000000000 5212.
9.79378000000000 5146.
9.79378000000000 5175.
9.79352000000000 5077.
9.79378000000000 5097.
9.79378000000000 5132.
9.79378000000000 5155.
9.79378000000000 5162.
9.79382000000000 5121.
9.79378000000000 5141.
9.79378000000000 5235.
9.79365000000000 5259.
9.79358000000000 5201.
9.79365000000000 5209.
9.79378000000000 5238.
9.79352000000000 5146.
9.79365000000000 5204.
9.79358000000000 5125.
9.79365000000000 5167.
9.79378000000000 5335.
9.79358000000000 5217.
9.79378000000000 5141.
9.79388000000000 5070.
9.79358000000000 5148.
9.79365000000000 5167.
9.79365000000000 5293.
9.79378000000000 5258.
9.79358000000000 5197.
9.79358000000000 5398.
9.79378000000000 5310.
9.79365000000000 5124.
9.79358000000000 5217.
9.79358000000000 5116.
9.79365000000000 5153.
9.79378000000000 5006.
9.79378000000000 5191.
9.79365000000000 5257.
9.79378000000000 5284.
9.79365000000000 5264.
9.79358000000000 5174.
9.79373000000000 5212.
9.79378000000000 5191.
9.79365000000000 5374.
9.79378000000000 5162.
9.79365000000000 5216.
9.79378000000000 5257.
9.79378000000000 5261.
9.79378000000000 5125.
9.79365000000000 5188.
9.79365000000000 5097.
9.79358000000000 5125.
9.79380000000000 5181.
9.79378000000000 5213.
9.79365000000000 5089.
9.79378000000000 5239.
9.79358000000000 5165.
9.79373000000000 5197.
9.79378000000000 5291.
9.79380000000000 5240.
9.79378000000000 5072.
9.79378000000000 5002.
9.79365000000000 5183.
9.79352000000000 5141.
9.79365000000000 5147.
9.79378000000000 5295.
9.79378000000000 5092.
9.79378000000000 5215.
9.79378000000000 5285.
9.79378000000000 5289.
9.79378000000000 5081.
9.79378000000000 5093.
9.79365000000000 5326.
9.79378000000000 5063.
9.79365000000000 5323.
9.79378000000000 5204.
9.79378000000000 5355.
9.79358000000000 5111.
9.79358000000000 5168.
9.79378000000000 5244.
9.79365000000000 5081.
9.79378000000000 5216.
9.79378000000000 5126.
9.79367000000000 5160.
9.79352000000000 5220.
9.79365000000000 5104.
9.79352000000000 5186.
9.79365000000000 5229.
9.79378000000000 5321.
9.79388000000000 5172.
9.79378000000000 5217.
9.79358000000000 5232.
9.79378000000000 5318.
9.79378000000000 5169.
9.79375000000000 5222.
9.79365000000000 4975.
9.79382000000000 5377.
9.79365000000000 5243.
9.79378000000000 5195.
9.79378000000000 5005.
9.79378000000000 5305.
9.79378000000000 5211.
9.79390000000000 5122.
9.79378000000000 5137.
9.79373000000000 5293.
9.79378000000000 5145.
9.79365000000000 5163.
9.79358000000000 5052.
9.79378000000000 5180.
9.79378000000000 5136.
9.79378000000000 5188.
9.79378000000000 5250.
9.79378000000000 5337.
9.79378000000000 5145.
9.79372000000000 5187.
9.79358000000000 5156.
9.79365000000000 5100.
9.79378000000000 5234.
9.79378000000000 5162.
9.79358000000000 5177.
9.79378000000000 5130.
9.79378000000000 5181.
