9.79374000000000 3222.
9.79363000000000 3352.
9.79385000000000 3332.
9.79365000000000 3227.
9.79365000000000 3381.
9.79359000000000 3315.
9.79365000000000 3368.
9.79365000000000 3307.
9.79374000000000 3360.
9.79365000000000 3233.
9.79385000000000 3337.
9.79374000000000 3261.
9.79374000000000 3284.
9.79369000000000 3338.
9.79363000000000 3375.
9.79374000000000 3441.
9.79365000000000 3326.
9.79363000000000 3355.
9.79374000000000 3209.
9.79374000000000 3311.
9.79362000000000 3295.
9.79363000000000 3347.
9.79359000000000 3326.
9.79374000000000 3285.
9.79359000000000 3294.
9.79365000000000 3293.
9.79374000000000 3376.
9.79365000000000 3314.
9.79374000000000 3426.
9.79365000000000 3306.
9.79374000000000 3384.
9.79362000000000 3305.
9.79374000000000 3438.
9.79372000000000 3338.
9.79359000000000 3193.
9.79363000000000 3291.
9.79387000000000 3289.
9.79362000000000 3340.
9.79359000000000 3295.
9.79374000000000 3266.
9.79359000000000 3370.
9.79365000000000 3500.
9.79371000000000 3315.
9.79363000000000 3357.
9.79359000000000 3327.
9.79385000000000 3333.
9.79374000000000 3282.
9.79365000000000 3278.
9.79365000000000 3335.
9.79365000000000 3347.
9.79394000000000 3232.
9.79374000000000 3411.
9.79374000000000 3299.
9.79374000000000 3431.
9.79365000000000 3265.
9.79372000000000 3255.
9.79374000000000 3255.
9.79374000000000 3327.
9.79365000000000 3395.
9.79374000000000 3364.
9.79390000000000 3295.
9.79374000000000 3351.
9.79374000000000 3288.
9.79365000000000 3290.
9.79362000000000 3336.
9.79365000000000 3189.
9.79374000000000 3306.
9.79365000000000 3272.
9.79360000000000 3302.
9.79397000000000 3247.
9.79374000000000 3326.
9.79360000000000 3310.
9.79365000000000 3278.
9.79374000000000 3234.
9.79374000000000 3312.
9.79390000000000 3276.
9.79385000000000 3268.
9.79365000000000 3342.
9.79374000000000 3443.
9.79360000000000 3293.
9.79359000000000 3318.
9.79362000000000 3314.
9.79362000000000 3312.
9.79385000000000 3393.
9.79385000000000 3300.
9.79397000000000 3327.
9.79390000000000 3232.
9.79371000000000 3427.
9.79384000000000 3363.
9.79362000000000 3287.
9.79359000000000 3333.
9.79365000000000 3242.
9.79362000000000 3428.
9.79365000000000 3445.
9.79365000000000 3302.
9.79374000000000 3216.
9.79374000000000 3302.
9.79365000000000 3338.
9.79380000000000 3392.
9.79365000000000 3325.
9.79365000000000 3410.
9.79362000000000 3251.
9.79359000000000 3404.
9.79365000000000 3260.
9.79374000000000 3305.
9.79359000000000 3315.
9.79374000000000 3385.
9.79359000000000 3365.
9.79365000000000 3202.
9.79374000000000 3276.
9.79363000000000 3311.
9.79374000000000 3370.
9.79365000000000 3252.
9.79365000000000 3384.
9.79374000000000 3281.
9.79360000000000 3288.
9.79387000000000 3240.
9.79365000000000 3241.
9.79359000000000 3277.
9.79365000000000 3350.
9.79374000000000 3336.
9.79365000000000 3267.
9.79374000000000 3289.
9.79374000000000 3356.
9.79374000000000 3229.
9.79359000000000 3306.
9.79383000000000 3275.
9.79374000000000 3199.
9.79365000000000 3253.
9.79365000000000 3282.
9.79398000000000 3358.
9.79365000000000 3266.
9.79365000000000 3343.
9.79365000000000 3299.
9.79365000000000 3490.
9.79365000000000 3378.
9.79374000000000 3303.
9.79374000000000 3324.
9.79365000000000 3261.
9.79365000000000 3273.
9.79365000000000 3292.
9.79385000000000 3379.
9.79363000000000 3224.
9.79377000000000 3319.
9.79365000000000 3227.
9.79374000000000 3286.
9.79359000000000 3234.
9.79374000000000 3302.
9.79374000000000 3317.
9.79365000000000 3435.
9.79362000000000 3326.
9.79359000000000 3306.
9.79365000000000 3248.
9.79374000000000 3290.
9.79374000000000 3394.
9.79374000000000 3251.
9.79365000000000 3274.
9.79359000000000 3251.
9.79362000000000 3248.
9.79372000000000 3290.
9.79359000000000 3347.
9.79365000000000 3304.
9.79374000000000 3325.
9.79360000000000 3315.
9.79374000000000 3372.
9.79365000000000 3235.
9.79374000000000 3268.
9.79374000000000 3255.
9.79374000000000 3368.
9.79363000000000 3131.
9.79362000000000 3325.
9.79360000000000 3266.
9.79363000000000 3218.
9.79372000000000 3286.
9.79365000000000 3242.
9.79362000000000 3334.
9.79365000000000 3311.
9.79362000000000 3338.
9.79387000000000 3288.
9.79372000000000 3340.
9.79365000000000 3382.
9.79363000000000 3208.
9.79390000000000 3279.
9.79374000000000 3323.
9.79374000000000 3207.
9.79363000000000 3280.
9.79390000000000 3274.
9.79359000000000 3292.
9.79365000000000 3164.
9.79365000000000 3417.
9.79363000000000 3278.
9.79374000000000 3282.
9.79362000000000 3406.
9.79365000000000 3279.
9.79365000000000 3315.
9.79362000000000 3360.
9.79374000000000 3263.
9.79365000000000 3416.
9.79374000000000 3278.
9.79365000000000 3284.
9.79365000000000 3324.
9.79366000000000 3289.
9.79385000000000 3396.
9.79365000000000 3347.
9.79365000000000 3255.
9.79365000000000 3297.
9.79365000000000 3260.
9.79364000000000 3258.
9.79365000000000 3305.
9.79372000000000 3258.
9.79374000000000 3279.
9.79362000000000 3203.
9.79365000000000 3357.
9.79374000000000 3200.
9.79374000000000 3370.
9.79362000000000 3352.
9.79365000000000 3336.
9.79362000000000 3247.
9.79365000000000 3259.
9.79373000000000 3290.
9.79374000000000 3302.
9.79362000000000 3264.
9.79392000000000 3331.
9.79365000000000 3363.
9.79365000000000 3297.
9.79385000000000 3327.
9.79363000000000 3299.
9.79360000000000 3298.
9.79365000000000 3376.
9.79362000000000 3250.
9.79365000000000 3360.
9.79374000000000 3394.
9.79374000000000 3307.
9.79360000000000 3260.
9.79380000000000 3379.
9.79374000000000 3252.
9.79374000000000 3305.
9.79365000000000 3340.
9.79362000000000 3402.
9.79374000000000 3175.
9.79365000000000 3388.
9.79363000000000 3269.
9.79359000000000 3173.
9.79374000000000 3378.
9.79365000000000 3442.
9.79374000000000 3287.
9.79360000000000 3263.
9.79392000000000 3231.
9.79374000000000 3268.
9.79365000000000 3338.
9.79360000000000 3377.
9.79390000000000 3364.
9.79374000000000 3348.
9.79360000000000 3269.
9.79365000000000 3254.
9.79385000000000 3257.
9.79365000000000 3295.
9.79362000000000 3379.
9.79374000000000 3304.
9.79365000000000 3401.
9.79365000000000 3214.
9.79374000000000 3374.
9.79377000000000 3321.
9.79374000000000 3255.
9.79374000000000 3269.
9.79392000000000 3320.
9.79366000000000 3202.
9.79385000000000 3297.
9.79365000000000 3354.
9.79374000000000 3379.
9.79380000000000 3317.
9.79374000000000 3295.
9.79372000000000 3310.
9.79371000000000 3245.
9.79365000000000 3294.
9.79374000000000 3316.
9.79365000000000 3413.
9.79374000000000 3296.
9.79365000000000 3340.
9.79374000000000 3330.
9.79390000000000 3175.
9.79365000000000 3355.
9.79365000000000 3313.
9.79386000000000 3340.
9.79365000000000 3265.
9.79374000000000 3373.
9.79362000000000 3201.
9.79365000000000 3349.
9.79374000000000 3296.
9.79374000000000 3362.
9.79365000000000 3382.
9.79365000000000 3346.
9.79362000000000 3304.
9.79374000000000 3228.
9.79385000000000 3311.
9.79374000000000 3324.
9.79386000000000 3405.
9.79365000000000 3356.
9.79374000000000 3321.
9.79365000000000 3419.
9.79374000000000 3334.
9.79365000000000 3298.
9.79363000000000 3290.
9.79362000000000 3267.
9.79385000000000 3294.
9.79365000000000 3316.
9.79374000000000 3372.
9.79374000000000 3340.
9.79365000000000 3333.
9.79365000000000 3179.
9.79374000000000 3214.
9.79394000000000 3377.
9.79374000000000 3541.
9.79364000000000 3307.
9.79374000000000 3276.
9.79365000000000 3303.
9.79362000000000 3359.
9.79362000000000 3271.
9.79390000000000 3294.
9.79360000000000 3373.
9.79359000000000 3230.
9.79363000000000 3412.
9.79359000000000 3339.
9.79394000000000 3214.
9.79359000000000 3407.
9.79363000000000 3246.
9.79359000000000 3389.
9.79374000000000 3198.
9.79365000000000 3302.
9.79374000000000 3333.
9.79359000000000 3357.
9.79365000000000 3217.
9.79365000000000 3357.
9.79362000000000 3300.
9.79363000000000 3290.
9.79365000000000 3376.
9.79377000000000 3345.
9.79362000000000 3347.
9.79365000000000 3188.
9.79374000000000 3348.
9.79365000000000 3289.
9.79372000000000 3356.
9.79363000000000 3329.
9.79359000000000 3332.
9.79374000000000 3242.
9.79365000000000 3307.
9.79371000000000 3306.
9.79362000000000 3180.
9.79365000000000 3310.
9.79385000000000 3479.
9.79365000000000 3414.
9.79374000000000 3335.
9.79373000000000 3312.
9.79364000000000 3284.
9.79371000000000 3341.
9.79365000000000 3272.
9.79374000000000 3358.
9.79365000000000 3269.
9.79365000000000 3246.
9.79365000000000 3251.
9.79392000000000 3272.
9.79374000000000 3172.
9.79365000000000 3335.
9.79362000000000 3358.
9.79365000000000 3330.
9.79362000000000 3337.
9.79374000000000 3327.
9.79363000000000 3429.
9.79374000000000 3343.
9.79360000000000 3259.
9.79397000000000 3283.
9.79359000000000 3377.
9.79374000000000 3359.
9.79385000000000 3368.
9.79374000000000 3409.
9.79360000000000 3390.
9.79365000000000 3361.
9.79372000000000 3320.
9.79365000000000 3400.
9.79374000000000 3300.
9.79359000000000 3412.
9.79359000000000 3248.
9.79362000000000 3234.
9.79369000000000 3166.
9.79377000000000 3447.
9.79362000000000 3276.
9.79377000000000 3223.
9.79365000000000 3200.
9.79365000000000 3344.
9.79363000000000 3346.
9.79374000000000 3387.
9.79374000000000 3300.
9.79385000000000 3300.
9.79365000000000 3199.
9.79363000000000 3380.
9.79374000000000 3291.
9.79365000000000 3368.
9.79380000000000 3277.
9.79374000000000 3165.
9.79374000000000 3286.
9.79392000000000 3361.
9.79359000000000 3358.
9.79374000000000 3341.
9.79365000000000 3340.
9.79377000000000 3265.
9.79365000000000 3389.
9.79365000000000 3345.
9.79365000000000 3275.
9.79374000000000 3312.
9.79363000000000 3311.
9.79363000000000 3255.
9.79359000000000 3292.
9.79359000000000 3414.
9.79365000000000 3274.
9.79365000000000 3189.
9.79365000000000 3269.
9.79377000000000 3297.
9.79374000000000 3354.
9.79365000000000 3335.
9.79386000000000 3213.
9.79362000000000 3364.
9.79364000000000 3330.
9.79363000000000 3233.
9.79360000000000 3293.
9.79397000000000 3302.
9.79359000000000 3270.
9.79365000000000 3308.
9.79390000000000 3336.
9.79365000000000 3331.
9.79358000000000 3204.
9.79374000000000 3320.
9.79365000000000 3267.
9.79365000000000 3319.
9.79374000000000 3276.
9.79374000000000 3407.
9.79362000000000 3290.
9.79373000000000 3420.
9.79363000000000 3262.
9.79365000000000 3262.
9.79371000000000 3314.
9.79363000000000 3167.
9.79365000000000 3314.
9.79359000000000 3281.
9.79363000000000 3319.
9.79365000000000 3365.
9.79365000000000 3410.
9.79369000000000 3389.
9.79359000000000 3320.
9.79362000000000 3301.
9.79363000000000 3332.
9.79365000000000 3273.
9.79374000000000 3301.
9.79374000000000 3304.
9.79362000000000 3291.
9.79365000000000 3213.
9.79365000000000 3159.
9.79385000000000 3386.
9.79374000000000 3308.
9.79365000000000 3282.
9.79371000000000 3423.
9.79373000000000 3434.
9.79365000000000 3294.
9.79365000000000 3206.
9.79365000000000 3312.
9.79365000000000 3232.
9.79359000000000 3214.
9.79386000000000 3243.
9.79359000000000 3257.
9.79365000000000 3331.
9.79365000000000 3313.
9.79363000000000 3317.
9.79374000000000 3306.
9.79365000000000 3369.
9.79363000000000 3473.
9.79365000000000 3302.
9.79365000000000 3346.
9.79360000000000 3340.
9.79365000000000 3358.
9.79374000000000 3321.
9.79360000000000 3250.
9.79371000000000 3402.
9.79374000000000 3462.
9.79374000000000 3149.
9.79359000000000 3293.
9.79365000000000 3274.
9.79365000000000 3303.
9.79365000000000 3431.
9.79365000000000 3366.
9.79371000000000 3270.
9.79374000000000 3386.
9.79359000000000 3382.
9.79374000000000 3431.
9.79377000000000 3380.
9.79362000000000 3314.
9.79362000000000 3312.
9.79371000000000 3286.
9.79374000000000 3334.
9.79363000000000 3325.
9.79362000000000 3376.
9.79374000000000 3223.
