9.79297000000000 3315.
9.79297000000000 3368.
9.79285000000000 3357.
9.79285000000000 3239.
9.79297000000000 3228.
9.79277000000000 3162.
9.79297000000000 3365.
9.79297000000000 3279.
9.79297000000000 3263.
9.79297000000000 3212.
9.79297000000000 3348.
9.79297000000000 3316.
9.79297000000000 3187.
9.79297000000000 3254.
9.79298000000000 3333.
9.79297000000000 3254.
9.79298000000000 3268.
9.79298000000000 3248.
9.79297000000000 3345.
9.79285000000000 3223.
9.79297000000000 3463.
9.79297000000000 3144.
9.79285000000000 3324.
9.79285000000000 3265.
9.79287000000000 3365.
9.79297000000000 3094.
9.79297000000000 3240.
9.79287000000000 3219.
9.79297000000000 3209.
9.79297000000000 3221.
9.79297000000000 3215.
9.79297000000000 3314.
9.79285000000000 3224.
9.79297000000000 3256.
9.79297000000000 3219.
9.79298000000000 3129.
9.79297000000000 3312.
9.79297000000000 3233.
9.79297000000000 3288.
9.79297000000000 3295.
9.79297000000000 3222.
9.79297000000000 3288.
9.79297000000000 3210.
9.79297000000000 3211.
9.79297000000000 3284.
9.79285000000000 3212.
9.79297000000000 3153.
9.79297000000000 3341.
9.79297000000000 3144.
9.79298000000000 3267.
9.79285000000000 3225.
9.79297000000000 3270.
9.79297000000000 3267.
9.79287000000000 3238.
9.79297000000000 3278.
9.79297000000000 3201.
9.79285000000000 3302.
9.79297000000000 3195.
9.79297000000000 3372.
9.79297000000000 3242.
9.79298000000000 3288.
9.79297000000000 3205.
9.79297000000000 3297.
9.79285000000000 3278.
9.79297000000000 3170.
9.79285000000000 3123.
9.79297000000000 3261.
9.79297000000000 3271.
9.79287000000000 3187.
9.79297000000000 3195.
9.79297000000000 3277.
9.79297000000000 3118.
9.79297000000000 3245.
9.79297000000000 3128.
9.79297000000000 3234.
9.79285000000000 3173.
9.79297000000000 3323.
9.79297000000000 3283.
9.79285000000000 3233.
9.79297000000000 3247.
9.79297000000000 3330.
9.79297000000000 3319.
9.79297000000000 3208.
9.79298000000000 3343.
9.79285000000000 3258.
9.79297000000000 3224.
9.79297000000000 3166.
9.79297000000000 3266.
9.79297000000000 3198.
9.79297000000000 3209.
9.79297000000000 3292.
9.79297000000000 3381.
9.79297000000000 3261.
9.79297000000000 3246.
9.79285000000000 3253.
9.79297000000000 3281.
9.79297000000000 3202.
9.79297000000000 3352.
9.79297000000000 3293.
9.79297000000000 3224.
9.79298000000000 3226.
9.79297000000000 3239.
9.79297000000000 3260.
9.79298000000000 3135.
9.79297000000000 3265.
9.79297000000000 3272.
9.79287000000000 3304.
9.79297000000000 3088.
9.79286000000000 3256.
9.79297000000000 3344.
9.79297000000000 3233.
9.79285000000000 3303.
9.79297000000000 3328.
9.79298000000000 3176.
9.79285000000000 3223.
9.79297000000000 3214.
9.79298000000000 3240.
9.79287000000000 3164.
9.79297000000000 3187.
9.79298000000000 3257.
9.79297000000000 3303.
9.79297000000000 3269.
9.79297000000000 3322.
9.79297000000000 3154.
9.79297000000000 3211.
9.79297000000000 3168.
9.79297000000000 3171.
9.79297000000000 3297.
9.79297000000000 3345.
9.79297000000000 3264.
9.79297000000000 3257.
9.79297000000000 3300.
9.79297000000000 3222.
9.79298000000000 3397.
9.79285000000000 3198.
9.79297000000000 3334.
9.79297000000000 3157.
9.79285000000000 3234.
9.79297000000000 3222.
9.79285000000000 3282.
9.79297000000000 3197.
9.79297000000000 3305.
9.79297000000000 3178.
9.79297000000000 3207.
9.79297000000000 3326.
9.79297000000000 3340.
9.79287000000000 3238.
9.79297000000000 3209.
9.79285000000000 3182.
9.79297000000000 3166.
9.79285000000000 3260.
9.79287000000000 3233.
9.79297000000000 3159.
9.79285000000000 3367.
9.79298000000000 3298.
9.79297000000000 3263.
9.79297000000000 3278.
9.79297000000000 3289.
9.79297000000000 3182.
9.79297000000000 3187.
9.79297000000000 3205.
9.79285000000000 3328.
9.79297000000000 3281.
9.79297000000000 3402.
9.79297000000000 3271.
9.79285000000000 3227.
9.79297000000000 3286.
9.79297000000000 3147.
9.79285000000000 3317.
9.79285000000000 3236.
9.79297000000000 3312.
9.79297000000000 3276.
9.79297000000000 3341.
9.79297000000000 3200.
9.79297000000000 3316.
9.79285000000000 3330.
9.79298000000000 3194.
9.79297000000000 3305.
9.79297000000000 3198.
9.79298000000000 3267.
9.79298000000000 3196.
9.79297000000000 3173.
9.79297000000000 3260.
9.79297000000000 3321.
9.79297000000000 3163.
9.79297000000000 3286.
9.79298000000000 3272.
9.79297000000000 3279.
9.79285000000000 3274.
9.79285000000000 3230.
9.79297000000000 3240.
9.79297000000000 3299.
9.79285000000000 3283.
9.79285000000000 3303.
9.79285000000000 3340.
9.79297000000000 3344.
9.79297000000000 3387.
9.79285000000000 3221.
9.79297000000000 3321.
9.79285000000000 3101.
9.79297000000000 3242.
9.79297000000000 3246.
9.79285000000000 3144.
9.79297000000000 3243.
9.79297000000000 3199.
9.79297000000000 3254.
9.79297000000000 3237.
9.79285000000000 3312.
9.79297000000000 3301.
9.79297000000000 3216.
9.79297000000000 3336.
9.79297000000000 3194.
9.79297000000000 3264.
9.79297000000000 3223.
9.79297000000000 3295.
9.79297000000000 3202.
9.79297000000000 3231.
9.79285000000000 3271.
9.79297000000000 3282.
9.79297000000000 3250.
9.79297000000000 3311.
9.79297000000000 3305.
9.79297000000000 3210.
9.79297000000000 3327.
9.79297000000000 3307.
9.79298000000000 3313.
9.79298000000000 3153.
9.79297000000000 3193.
9.79285000000000 3365.
9.79297000000000 3324.
9.79297000000000 3191.
9.79297000000000 3306.
9.79297000000000 3278.
9.79287000000000 3244.
9.79297000000000 3239.
9.79298000000000 3200.
9.79285000000000 3215.
9.79285000000000 3310.
9.79297000000000 3199.
9.79285000000000 3191.
9.79297000000000 3269.
9.79297000000000 3206.
9.79297000000000 3298.
9.79297000000000 3336.
9.79297000000000 3198.
9.79298000000000 3218.
9.79297000000000 3294.
9.79297000000000 3203.
9.79297000000000 3195.
9.79285000000000 3251.
9.79297000000000 3208.
9.79297000000000 3337.
9.79297000000000 3253.
9.79298000000000 3092.
9.79277000000000 3326.
9.79297000000000 3348.
9.79285000000000 3232.
9.79297000000000 3161.
9.79297000000000 3196.
9.79297000000000 3219.
9.79285000000000 3307.
9.79297000000000 3329.
9.79285000000000 3111.
9.79297000000000 3335.
9.79297000000000 3219.
9.79297000000000 3180.
9.79297000000000 3276.
9.79297000000000 3251.
9.79297000000000 3288.
9.79297000000000 3120.
9.79297000000000 3294.
9.79285000000000 3179.
9.79297000000000 3399.
9.79297000000000 3258.
9.79297000000000 3367.
9.79297000000000 3262.
9.79297000000000 3276.
9.79297000000000 3302.
9.79297000000000 3334.
9.79285000000000 3357.
9.79298000000000 3273.
9.79297000000000 3481.
9.79297000000000 3323.
9.79297000000000 3309.
9.79297000000000 3212.
9.79297000000000 3261.
9.79297000000000 3267.
9.79297000000000 3304.
9.79297000000000 3353.
9.79297000000000 3344.
9.79297000000000 3227.
9.79298000000000 3319.
9.79285000000000 3242.
9.79285000000000 3293.
9.79297000000000 3130.
9.79297000000000 3298.
9.79297000000000 3182.
9.79297000000000 3253.
9.79297000000000 3249.
9.79297000000000 3382.
9.79298000000000 3198.
9.79285000000000 3254.
9.79297000000000 3238.
9.79285000000000 3278.
9.79297000000000 3282.
9.79297000000000 3270.
9.79297000000000 3248.
9.79297000000000 3323.
9.79297000000000 3279.
9.79297000000000 3252.
9.79297000000000 3320.
9.79297000000000 3348.
9.79297000000000 3390.
9.79297000000000 3220.
9.79298000000000 3188.
9.79297000000000 3232.
9.79297000000000 3273.
9.79297000000000 3290.
9.79297000000000 3188.
9.79297000000000 3273.
9.79297000000000 3197.
9.79297000000000 3290.
9.79297000000000 3288.
9.79297000000000 3372.
9.79297000000000 3202.
9.79297000000000 3396.
9.79297000000000 3189.
9.79297000000000 3265.
9.79285000000000 3333.
9.79297000000000 3312.
9.79298000000000 3223.
9.79297000000000 3181.
9.79297000000000 3249.
9.79298000000000 3297.
9.79297000000000 3232.
9.79298000000000 3198.
9.79297000000000 3245.
9.79297000000000 3235.
9.79297000000000 3286.
9.79297000000000 3192.
9.79297000000000 3312.
9.79297000000000 3256.
9.79298000000000 3269.
9.79298000000000 3264.
9.79297000000000 3234.
9.79285000000000 3264.
9.79297000000000 3237.
9.79297000000000 3279.
9.79297000000000 3326.
9.79297000000000 3252.
9.79297000000000 3236.
9.79285000000000 3276.
9.79297000000000 3384.
9.79297000000000 3429.
9.79297000000000 3340.
9.79297000000000 3265.
9.79285000000000 3210.
9.79297000000000 3264.
9.79297000000000 3274.
9.79297000000000 3303.
9.79298000000000 3271.
9.79297000000000 3251.
9.79297000000000 3165.
9.79298000000000 3231.
9.79297000000000 3353.
9.79285000000000 3248.
9.79298000000000 3308.
9.79297000000000 3179.
9.79285000000000 3182.
9.79297000000000 3282.
9.79297000000000 3152.
9.79297000000000 3289.
9.79297000000000 3235.
9.79297000000000 3243.
9.79285000000000 3183.
9.79285000000000 3190.
9.79277000000000 3341.
9.79277000000000 3182.
9.79297000000000 3213.
9.79297000000000 3254.
9.79297000000000 3210.
9.79298000000000 3254.
9.79297000000000 3257.
9.79285000000000 3317.
9.79297000000000 3199.
9.79297000000000 3313.
9.79297000000000 3282.
9.79297000000000 3263.
9.79297000000000 3402.
9.79297000000000 3278.
9.79297000000000 3219.
9.79285000000000 3227.
9.79285000000000 3313.
9.79297000000000 3256.
9.79297000000000 3324.
9.79297000000000 3247.
9.79285000000000 3188.
9.79297000000000 3256.
9.79297000000000 3350.
9.79297000000000 3245.
9.79285000000000 3273.
9.79297000000000 3252.
9.79297000000000 3161.
9.79285000000000 3261.
9.79285000000000 3318.
9.79297000000000 3237.
9.79298000000000 3302.
9.79297000000000 3332.
9.79285000000000 3297.
9.79298000000000 3279.
9.79298000000000 3281.
9.79297000000000 3246.
9.79285000000000 3311.
9.79297000000000 3319.
9.79285000000000 3262.
9.79297000000000 3330.
9.79297000000000 3300.
9.79298000000000 3201.
9.79297000000000 3329.
9.79287000000000 3351.
9.79297000000000 3299.
9.79297000000000 3266.
9.79297000000000 3319.
9.79297000000000 3247.
9.79285000000000 3299.
9.79297000000000 3270.
9.79297000000000 3305.
9.79297000000000 3344.
9.79285000000000 3130.
9.79285000000000 3232.
9.79297000000000 3207.
9.79297000000000 3311.
9.79298000000000 3322.
9.79297000000000 3260.
9.79297000000000 3224.
9.79285000000000 3198.
9.79297000000000 3390.
9.79297000000000 3288.
9.79297000000000 3209.
9.79297000000000 3335.
9.79297000000000 3214.
9.79277000000000 3183.
9.79297000000000 3238.
9.79297000000000 3223.
9.79297000000000 3262.
9.79297000000000 3215.
9.79297000000000 3137.
9.79297000000000 3246.
9.79297000000000 3184.
9.79297000000000 3329.
9.79297000000000 3242.
9.79297000000000 3199.
9.79297000000000 3228.
9.79297000000000 3251.
9.79297000000000 3375.
9.79285000000000 3226.
9.79297000000000 3225.
9.79297000000000 3194.
9.79297000000000 3230.
9.79297000000000 3202.
9.79297000000000 3370.
9.79297000000000 3243.
9.79297000000000 3308.
9.79277000000000 3314.
9.79297000000000 3331.
9.79297000000000 3203.
9.79297000000000 3292.
9.79277000000000 3238.
9.79297000000000 3127.
9.79297000000000 3302.
9.79285000000000 3286.
9.79297000000000 3166.
9.79297000000000 3306.
9.79297000000000 3272.
9.79285000000000 3292.
9.79286000000000 3261.
9.79285000000000 3251.
9.79297000000000 3295.
9.79297000000000 3168.
9.79297000000000 3331.
9.79298000000000 3257.
9.79297000000000 3263.
9.79298000000000 3219.
9.79285000000000 3231.
9.79298000000000 3316.
9.79297000000000 3228.
9.79297000000000 3232.
9.79297000000000 3227.
9.79298000000000 3267.
9.79285000000000 3275.
9.79297000000000 3224.
9.79297000000000 3225.
9.79297000000000 3396.
9.79297000000000 3238.
9.79297000000000 3203.
9.79297000000000 3281.
9.79297000000000 3347.
9.79297000000000 3239.
9.79285000000000 3209.
9.79297000000000 3332.
