9.79432000000000 1501.
9.78907000000000 1586.
9.78907000000000 1586.
9.79476000000000 1542.
9.79476000000000 1542.
9.78994000000000 1502.
9.78763000000000 1524.
9.78763000000000 1524.
9.78883000000000 1575.
9.78883000000000 1575.
9.79500000000000 1562.
9.79500000000000 1562.
9.79365000000000 1469.
9.79365000000000 1469.
9.78973000000000 1494.
9.78768000000000 1464.
9.78768000000000 1464.
9.78883000000000 1563.
9.78883000000000 1563.
9.79173000000000 1555.
9.79173000000000 1555.
9.78883000000000 1466.
9.79173000000000 1486.
9.79173000000000 1486.
9.79173000000000 1429.
9.79173000000000 1429.
9.78907000000000 1465.
9.78907000000000 1465.
9.78883000000000 1467.
9.79478000000000 1568.
9.79478000000000 1568.
9.79501000000000 1558.
9.79501000000000 1558.
9.78763000000000 1392.
9.78763000000000 1392.
9.78883000000000 1464.
9.78883000000000 1464.
9.78763000000000 1436.
9.78768000000000 1520.
9.78768000000000 1520.
9.79500000000000 1414.
9.79500000000000 1414.
9.79360000000000 1522.
9.79360000000000 1522.
9.79411000000000 1589.
9.78768000000000 1504.
9.78768000000000 1504.
9.78994000000000 1473.
9.78994000000000 1473.
9.79008000000000 1502.
9.79008000000000 1502.
9.78883000000000 1480.
9.79479000000000 1515.
9.79479000000000 1515.
9.79360000000000 1465.
9.79360000000000 1465.
9.79501000000000 1516.
9.79501000000000 1516.
9.78763000000000 1455.
9.78763000000000 1455.
9.79161000000000 1556.
9.78790000000000 1545.
9.78790000000000 1545.
9.79360000000000 1536.
9.79360000000000 1536.
9.79127000000000 1485.
9.79127000000000 1485.
9.79366000000000 1503.
9.78883000000000 1521.
9.78883000000000 1521.
9.79497000000000 1464.
9.79497000000000 1464.
9.79411000000000 1495.
9.79411000000000 1495.
9.78994000000000 1546.
9.78994000000000 1546.
9.78883000000000 1436.
9.78792000000000 1384.
9.78792000000000 1384.
9.79173000000000 1459.
9.79173000000000 1459.
9.79432000000000 1458.
9.79432000000000 1458.
9.78994000000000 1428.
9.79477000000000 1415.
9.79477000000000 1415.
9.78989000000000 1514.
9.78989000000000 1514.
9.78883000000000 1484.
9.78883000000000 1484.
9.78973000000000 1535.
9.78973000000000 1535.
9.79500000000000 1450.
9.79455000000000 1473.
9.79455000000000 1473.
9.78883000000000 1484.
9.78883000000000 1484.
9.78772000000000 1647.
9.78772000000000 1647.
9.79488000000000 1457.
9.79008000000000 1527.
9.79008000000000 1527.
9.78763000000000 1531.
9.78763000000000 1531.
9.79501000000000 1420.
9.79501000000000 1420.
9.78973000000000 1511.
9.78973000000000 1511.
9.79478000000000 1473.
9.79161000000000 1522.
9.79161000000000 1522.
9.79083000000000 1444.
9.79083000000000 1444.
9.79390000000000 1446.
9.79390000000000 1446.
9.79388000000000 1504.
9.78973000000000 1510.
9.78973000000000 1510.
9.78883000000000 1471.
9.78883000000000 1471.
9.79388000000000 1509.
9.79388000000000 1509.
9.79150000000000 1484.
9.79432000000000 1436.
9.79432000000000 1436.
9.78763000000000 1369.
9.78763000000000 1369.
9.79476000000000 1478.
9.79476000000000 1478.
9.79008000000000 1492.
9.78763000000000 1514.
9.78763000000000 1514.
9.78973000000000 1446.
9.78973000000000 1446.
9.79008000000000 1496.
9.79008000000000 1496.
9.79476000000000 1528.
9.79432000000000 1513.
9.79432000000000 1513.
9.79272000000000 1496.
9.79272000000000 1496.
9.79479000000000 1531.
9.79479000000000 1531.
9.78973000000000 1556.
9.78973000000000 1556.
9.79008000000000 1407.
9.78768000000000 1525.
9.78768000000000 1525.
9.79153000000000 1497.
9.79153000000000 1497.
9.78792000000000 1495.
9.79477000000000 1472.
9.79477000000000 1472.
9.78768000000000 1470.
9.78768000000000 1470.
9.79500000000000 1429.
9.79500000000000 1429.
9.79388000000000 1508.
9.79388000000000 1508.
9.79381000000000 1577.
9.79490000000000 1527.
9.79490000000000 1527.
9.79501000000000 1505.
9.79501000000000 1505.
9.79500000000000 1555.
9.79478000000000 1500.
9.79478000000000 1500.
9.78768000000000 1420.
9.78768000000000 1420.
9.79478000000000 1506.
9.79478000000000 1506.
9.79287000000000 1443.
9.79500000000000 1504.
9.79500000000000 1504.
9.78769000000000 1487.
9.78769000000000 1487.
9.78927000000000 1540.
9.78927000000000 1540.
9.79500000000000 1508.
9.79500000000000 1508.
9.78769000000000 1522.
9.78730000000000 1382.
9.78730000000000 1382.
9.79010000000000 1438.
9.79010000000000 1438.
9.78989000000000 1517.
9.78989000000000 1517.
9.78883000000000 1382.
9.79501000000000 1530.
9.79501000000000 1530.
9.79478000000000 1537.
9.79478000000000 1537.
9.79501000000000 1515.
9.79501000000000 1515.
9.79360000000000 1484.
9.79173000000000 1535.
9.79173000000000 1535.
9.78973000000000 1469.
9.78973000000000 1469.
9.78769000000000 1482.
9.78769000000000 1482.
9.79272000000000 1399.
9.78768000000000 1512.
9.78768000000000 1512.
9.79388000000000 1470.
9.79388000000000 1470.
9.79477000000000 1449.
9.79477000000000 1449.
9.79432000000000 1510.
9.78763000000000 1548.
9.78763000000000 1548.
9.78763000000000 1487.
9.78763000000000 1487.
9.78883000000000 1499.
9.78883000000000 1499.
9.79494000000000 1539.
9.79008000000000 1413.
9.79008000000000 1413.
9.79128000000000 1532.
9.79128000000000 1532.
9.79271000000000 1547.
9.79271000000000 1547.
9.78987000000000 1455.
9.78792000000000 1464.
9.78792000000000 1464.
9.79008000000000 1445.
9.79008000000000 1445.
9.78730000000000 1511.
9.78730000000000 1511.
9.79010000000000 1451.
9.79010000000000 1451.
9.78973000000000 1455.
9.79478000000000 1517.
9.79478000000000 1517.
9.79500000000000 1535.
9.79500000000000 1535.
9.79500000000000 1515.
9.79500000000000 1515.
9.79500000000000 1520.
9.78973000000000 1432.
9.78973000000000 1432.
9.78883000000000 1531.
9.78883000000000 1531.
9.78768000000000 1482.
9.78768000000000 1482.
9.79501000000000 1400.
9.79501000000000 1400.
9.78768000000000 1458.
9.79477000000000 1515.
9.79477000000000 1515.
9.79178000000000 1505.
9.79178000000000 1505.
9.79478000000000 1536.
9.79478000000000 1536.
9.78792000000000 1416.
9.78792000000000 1515.
9.78792000000000 1515.
9.78727000000000 1488.
9.78727000000000 1488.
9.79287000000000 1421.
9.79287000000000 1421.
9.78883000000000 1477.
9.79432000000000 1614.
9.79432000000000 1614.
9.79388000000000 1469.
9.79388000000000 1469.
9.78768000000000 1471.
9.78768000000000 1471.
9.78883000000000 1482.
9.78792000000000 1467.
9.78792000000000 1467.
9.79150000000000 1470.
9.79150000000000 1470.
9.79411000000000 1546.
9.79411000000000 1546.
9.78927000000000 1561.
9.78883000000000 1591.
9.78883000000000 1591.
9.78994000000000 1466.
9.78994000000000 1466.
9.78768000000000 1508.
9.78768000000000 1508.
9.79272000000000 1447.
9.79272000000000 1447.
9.78883000000000 1462.
9.79500000000000 1456.
9.79500000000000 1456.
9.78951000000000 1565.
9.78951000000000 1565.
9.79500000000000 1481.
9.79500000000000 1481.
9.78973000000000 1589.
9.79501000000000 1461.
9.79501000000000 1461.
9.79008000000000 1514.
9.79008000000000 1514.
9.78883000000000 1557.
9.78883000000000 1557.
9.78883000000000 1526.
9.78883000000000 1526.
9.79008000000000 1491.
9.79500000000000 1531.
9.79500000000000 1531.
9.79173000000000 1414.
9.79173000000000 1414.
9.79497000000000 1464.
9.79497000000000 1464.
9.79360000000000 1444.
9.78987000000000 1517.
9.78987000000000 1517.
9.78973000000000 1408.
9.78973000000000 1408.
9.78987000000000 1450.
9.78987000000000 1450.
9.78772000000000 1453.
9.78973000000000 1519.
9.78973000000000 1519.
9.78763000000000 1469.
9.78763000000000 1469.
9.79434000000000 1567.
9.79434000000000 1567.
9.78973000000000 1489.
9.78973000000000 1489.
9.78883000000000 1504.
9.79501000000000 1470.
9.79501000000000 1470.
9.78768000000000 1462.
9.78768000000000 1462.
9.78763000000000 1445.
9.78763000000000 1445.
9.78907000000000 1442.
9.78907000000000 1442.
9.79432000000000 1483.
9.79476000000000 1521.
9.79476000000000 1521.
9.78973000000000 1515.
9.78973000000000 1515.
9.79500000000000 1528.
9.79500000000000 1528.
9.78863000000000 1555.
9.78763000000000 1540.
9.78763000000000 1540.
9.79008000000000 1552.
9.79008000000000 1552.
9.78883000000000 1437.
9.78883000000000 1437.
9.78883000000000 1528.
9.78883000000000 1528.
9.78769000000000 1517.
9.78883000000000 1539.
9.78883000000000 1539.
9.79370000000000 1539.
9.79370000000000 1539.
9.79438000000000 1503.
9.79438000000000 1503.
9.78763000000000 1552.
9.78987000000000 1485.
9.78987000000000 1485.
9.79499000000000 1447.
9.79499000000000 1447.
9.78883000000000 1530.
9.78883000000000 1530.
9.78994000000000 1528.
9.79492000000000 1427.
9.79492000000000 1427.
9.79476000000000 1503.
9.79476000000000 1503.
9.79501000000000 1447.
9.79501000000000 1447.
9.78792000000000 1407.
9.79010000000000 1461.
9.79010000000000 1461.
9.78994000000000 1502.
9.78994000000000 1502.
9.78883000000000 1495.
9.78883000000000 1495.
9.78907000000000 1432.
9.78907000000000 1432.
9.79240000000000 1428.
9.78883000000000 1438.
9.78883000000000 1438.
9.79360000000000 1521.
9.79360000000000 1521.
9.79008000000000 1546.
9.79008000000000 1546.
9.78991000000000 1445.
9.78883000000000 1537.
9.78883000000000 1537.
9.78994000000000 1542.
9.78994000000000 1542.
9.79500000000000 1559.
9.79500000000000 1559.
9.78883000000000 1457.
9.78883000000000 1457.
9.79500000000000 1399.
9.79008000000000 1469.
9.79008000000000 1469.
9.78973000000000 1470.
9.78973000000000 1470.
9.79501000000000 1525.
9.79411000000000 1455.
9.79411000000000 1455.
9.79272000000000 1456.
9.79272000000000 1456.
9.78883000000000 1469.
9.78883000000000 1469.
9.78973000000000 1486.
9.78730000000000 1539.
9.78730000000000 1539.
9.78769000000000 1550.
9.78769000000000 1550.
9.79360000000000 1496.
9.79360000000000 1496.
9.79271000000000 1519.
9.78883000000000 1561.
9.78883000000000 1561.
9.78768000000000 1491.
9.78768000000000 1491.
9.79360000000000 1453.
9.79360000000000 1453.
9.78987000000000 1527.
9.79500000000000 1548.
9.79500000000000 1548.
9.79494000000000 1426.
9.79494000000000 1426.
9.78883000000000 1453.
9.78883000000000 1453.
9.78907000000000 1450.
9.78907000000000 1450.
9.79010000000000 1477.
9.78883000000000 1604.
9.78883000000000 1604.
9.79287000000000 1522.
9.79287000000000 1522.
9.78973000000000 1399.
9.78973000000000 1399.
9.78763000000000 1561.
9.78883000000000 1540.
9.78883000000000 1540.
9.79150000000000 1440.
9.79150000000000 1440.
9.79500000000000 1519.
9.79500000000000 1519.
9.79500000000000 1448.
9.78763000000000 1577.
9.78763000000000 1577.
9.79500000000000 1501.
9.79500000000000 1501.
9.79478000000000 1514.
9.79478000000000 1514.
9.78768000000000 1515.
9.78883000000000 1486.
9.78883000000000 1486.
9.79378000000000 1532.
9.79378000000000 1532.
9.79478000000000 1512.
9.79478000000000 1512.
9.78907000000000 1533.
9.79010000000000 1497.
9.79010000000000 1497.
9.78927000000000 1541.
9.78927000000000 1541.
9.79388000000000 1426.
9.79388000000000 1426.
9.78883000000000 1469.
9.78973000000000 1433.
9.78973000000000 1433.
9.78768000000000 1493.
9.78768000000000 1493.
9.79008000000000 1496.
9.79008000000000 1496.
9.79008000000000 1546.
9.79008000000000 1546.
9.79500000000000 1428.
9.79432000000000 1548.
9.79432000000000 1548.
9.78883000000000 1451.
9.78883000000000 1451.
9.79494000000000 1518.
9.79494000000000 1518.
9.78772000000000 1447.
9.78763000000000 1529.
9.78763000000000 1529.
9.78792000000000 1416.
9.78792000000000 1416.
9.79381000000000 1534.
9.79381000000000 1534.
9.79479000000000 1533.
9.79388000000000 1444.
9.79388000000000 1444.
9.79477000000000 1481.
9.79477000000000 1481.
9.78994000000000 1520.
9.78994000000000 1520.
9.78884000000000 1400.
9.78973000000000 1507.
9.78973000000000 1507.
9.78994000000000 1501.
9.78994000000000 1501.
9.79500000000000 1536.
