9.79251000000000 4024.
9.79245000000000 3902.
9.79251000000000 4058.
9.79232000000000 3954.
9.79245000000000 4046.
9.79240000000000 3927.
9.79245000000000 3993.
9.79234000000000 3908.
9.79245000000000 3892.
9.79245000000000 3962.
9.79240000000000 3994.
9.79245000000000 3877.
9.79227000000000 4182.
9.79252000000000 4091.
9.79245000000000 3986.
9.79245000000000 4071.
9.79251000000000 4014.
9.79251000000000 4087.
9.79232000000000 3988.
9.79245000000000 4085.
9.79249000000000 4031.
9.79251000000000 4002.
9.79232000000000 4000.
9.79240000000000 4060.
9.79237000000000 4167.
9.79245000000000 4043.
9.79227000000000 3992.
9.79227000000000 3998.
9.79227000000000 4050.
9.79241000000000 3893.
9.79227000000000 3914.
9.79247000000000 4103.
9.79232000000000 4106.
9.79245000000000 4039.
9.79245000000000 3965.
9.79245000000000 4016.
9.79251000000000 3934.
9.79240000000000 3935.
9.79232000000000 4031.
9.79249000000000 4006.
9.79232000000000 3920.
9.79232000000000 3909.
9.79251000000000 4051.
9.79241000000000 3954.
9.79245000000000 3982.
9.79252000000000 3997.
9.79249000000000 4073.
9.79251000000000 3906.
9.79232000000000 4143.
9.79251000000000 4133.
9.79245000000000 4015.
9.79227000000000 3913.
9.79245000000000 4068.
9.79243000000000 4062.
9.79252000000000 4103.
9.79251000000000 3998.
9.79252000000000 4121.
9.79227000000000 4056.
9.79251000000000 4051.
9.79245000000000 3905.
9.79253000000000 4090.
9.79227000000000 4203.
9.79232000000000 4090.
9.79232000000000 4023.
9.79247000000000 4136.
9.79240000000000 3921.
9.79240000000000 4078.
9.79252000000000 4062.
9.79245000000000 4020.
9.79237000000000 3929.
9.79232000000000 3927.
9.79245000000000 3991.
9.79249000000000 3999.
9.79240000000000 3972.
9.79252000000000 4041.
9.79227000000000 4029.
9.79241000000000 3965.
9.79227000000000 3992.
9.79227000000000 4026.
9.79251000000000 3958.
9.79249000000000 4028.
9.79245000000000 3950.
9.79262000000000 3953.
9.79227000000000 3967.
9.79227000000000 4072.
9.79240000000000 3920.
9.79245000000000 3969.
9.79245000000000 3958.
9.79227000000000 3975.
9.79245000000000 3914.
9.79245000000000 3953.
9.79240000000000 3928.
9.79245000000000 3940.
9.79251000000000 3972.
9.79249000000000 3913.
9.79251000000000 3929.
9.79241000000000 4040.
9.79240000000000 3979.
9.79232000000000 3951.
9.79241000000000 4046.
9.79251000000000 4053.
9.79245000000000 3950.
9.79232000000000 3907.
9.79240000000000 3961.
9.79251000000000 3988.
9.79251000000000 3881.
9.79251000000000 3975.
9.79247000000000 3966.
9.79251000000000 3917.
9.79240000000000 3948.
9.79251000000000 3975.
9.79252000000000 3933.
9.79245000000000 4157.
9.79251000000000 3822.
9.79251000000000 4110.
9.79253000000000 3943.
9.79251000000000 3735.
9.79251000000000 4086.
9.79227000000000 3876.
9.79245000000000 3953.
9.79245000000000 3965.
9.79245000000000 3957.
9.79245000000000 3962.
9.79245000000000 4090.
9.79252000000000 3889.
9.79245000000000 3951.
9.79227000000000 3981.
9.79247000000000 3893.
9.79251000000000 4082.
9.79245000000000 3971.
9.79232000000000 4064.
9.79245000000000 3936.
9.79227000000000 4003.
9.79251000000000 3902.
9.79251000000000 4014.
9.79251000000000 3981.
9.79251000000000 4033.
9.79245000000000 3982.
9.79227000000000 4047.
9.79245000000000 3988.
9.79243000000000 3974.
9.79241000000000 4081.
9.79245000000000 4076.
9.79227000000000 4079.
9.79253000000000 3998.
9.79232000000000 4041.
9.79241000000000 4024.
9.79245000000000 3899.
9.79251000000000 4084.
9.79241000000000 4054.
9.79240000000000 4096.
9.79249000000000 4136.
9.79252000000000 4066.
9.79245000000000 4084.
9.79251000000000 4045.
9.79251000000000 4023.
9.79245000000000 4076.
9.79252000000000 4001.
9.79227000000000 3906.
9.79252000000000 4130.
9.79245000000000 4090.
9.79251000000000 3986.
9.79245000000000 4025.
9.79252000000000 4107.
9.79245000000000 4053.
9.79245000000000 4145.
9.79227000000000 3984.
9.79251000000000 4048.
9.79251000000000 4004.
9.79249000000000 3957.
9.79240000000000 4043.
9.79227000000000 4001.
9.79252000000000 4018.
9.79240000000000 4040.
9.79232000000000 4156.
9.79245000000000 3997.
9.79241000000000 3759.
9.79241000000000 4100.
9.79241000000000 3964.
9.79240000000000 3939.
9.79245000000000 4023.
9.79245000000000 4138.
9.79245000000000 3974.
9.79232000000000 4054.
9.79251000000000 4119.
9.79227000000000 4000.
9.79243000000000 4035.
9.79227000000000 3976.
9.79247000000000 3967.
9.79227000000000 4057.
9.79245000000000 4001.
9.79245000000000 4050.
9.79252000000000 3968.
9.79251000000000 3937.
9.79240000000000 3999.
9.79227000000000 4008.
9.79240000000000 3848.
9.79245000000000 4055.
9.79227000000000 3885.
9.79251000000000 3969.
9.79249000000000 4037.
9.79251000000000 4073.
9.79232000000000 3984.
9.79251000000000 3930.
9.79245000000000 4078.
9.79255000000000 4016.
9.79240000000000 3962.
9.79245000000000 4017.
9.79254000000000 3989.
9.79232000000000 3971.
9.79240000000000 4082.
9.79227000000000 4073.
9.79251000000000 3975.
9.79245000000000 4008.
9.79232000000000 4010.
9.79245000000000 3928.
9.79240000000000 3959.
9.79245000000000 4046.
9.79245000000000 4042.
9.79245000000000 3989.
9.79240000000000 4163.
9.79245000000000 4011.
9.79232000000000 3932.
9.79245000000000 4000.
9.79227000000000 4037.
9.79227000000000 3901.
9.79240000000000 3945.
9.79240000000000 3932.
9.79227000000000 4029.
9.79245000000000 3995.
9.79245000000000 4129.
9.79232000000000 3994.
9.79227000000000 4075.
9.79251000000000 3907.
9.79245000000000 3929.
9.79251000000000 4033.
9.79245000000000 4062.
9.79237000000000 3932.
9.79245000000000 4054.
9.79241000000000 3897.
9.79251000000000 4000.
9.79245000000000 3980.
9.79251000000000 4029.
9.79245000000000 4053.
9.79227000000000 4033.
9.79245000000000 3942.
9.79251000000000 3905.
9.79255000000000 4033.
9.79245000000000 3962.
9.79232000000000 3871.
9.79251000000000 4138.
9.79227000000000 4036.
9.79227000000000 3872.
9.79251000000000 4022.
9.79240000000000 4013.
9.79240000000000 3948.
9.79251000000000 4016.
9.79240000000000 4046.
9.79251000000000 4155.
9.79227000000000 3972.
9.79252000000000 4182.
9.79232000000000 4066.
9.79251000000000 4068.
9.79251000000000 4041.
9.79252000000000 3942.
9.79240000000000 3927.
9.79240000000000 3941.
9.79240000000000 4123.
9.79252000000000 4023.
9.79251000000000 4068.
9.79245000000000 3991.
9.79245000000000 4011.
9.79245000000000 3997.
9.79232000000000 4061.
9.79245000000000 4082.
9.79227000000000 4029.
9.79245000000000 3984.
9.79240000000000 4029.
9.79227000000000 4007.
9.79251000000000 3990.
9.79245000000000 4046.
9.79240000000000 4033.
9.79227000000000 3926.
9.79252000000000 3985.
9.79232000000000 3774.
9.79241000000000 3890.
9.79240000000000 4069.
9.79227000000000 3970.
9.79227000000000 3885.
9.79245000000000 3838.
9.79227000000000 4004.
9.79241000000000 4042.
9.79251000000000 4019.
9.79227000000000 4014.
9.79245000000000 4009.
9.79245000000000 4053.
9.79245000000000 4071.
9.79245000000000 3949.
9.79239000000000 3913.
9.79251000000000 4015.
9.79268000000000 3877.
9.79251000000000 3918.
9.79262000000000 4075.
9.79232000000000 3951.
9.79262000000000 4014.
9.79245000000000 4078.
9.79227000000000 4043.
9.79240000000000 4038.
9.79234000000000 4001.
9.79247000000000 4003.
9.79240000000000 3915.
9.79247000000000 3885.
9.79227000000000 3907.
9.79227000000000 3997.
9.79251000000000 4068.
9.79232000000000 4067.
9.79237000000000 3899.
9.79251000000000 4088.
9.79240000000000 3952.
9.79241000000000 4031.
9.79245000000000 4110.
9.79245000000000 4024.
9.79220000000000 3917.
9.79252000000000 3911.
9.79227000000000 4055.
9.79240000000000 4087.
9.79240000000000 4054.
9.79252000000000 3841.
9.79245000000000 3969.
9.79237000000000 3941.
9.79251000000000 4031.
9.79240000000000 3979.
9.79249000000000 4167.
9.79241000000000 4066.
9.79251000000000 3858.
9.79253000000000 4057.
9.79245000000000 4012.
9.79245000000000 4044.
9.79249000000000 3903.
9.79251000000000 3959.
9.79245000000000 4078.
9.79245000000000 4020.
9.79240000000000 3924.
9.79251000000000 4105.
9.79251000000000 3979.
9.79245000000000 4004.
9.79232000000000 4052.
9.79249000000000 3887.
9.79252000000000 4096.
9.79247000000000 3925.
9.79243000000000 3903.
9.79252000000000 4053.
9.79232000000000 4062.
9.79245000000000 3997.
9.79241000000000 4014.
9.79245000000000 4080.
9.79232000000000 3971.
9.79240000000000 4032.
9.79262000000000 4002.
9.79240000000000 3969.
9.79227000000000 3943.
9.79240000000000 3951.
9.79251000000000 3942.
9.79247000000000 3877.
9.79262000000000 4002.
9.79240000000000 3994.
9.79240000000000 3952.
9.79245000000000 4066.
9.79251000000000 3958.
9.79252000000000 4034.
9.79245000000000 4018.
9.79237000000000 4046.
9.79227000000000 4107.
9.79251000000000 3990.
9.79252000000000 3895.
9.79234000000000 4001.
9.79227000000000 3981.
9.79253000000000 3979.
9.79245000000000 4064.
9.79245000000000 4034.
9.79232000000000 4072.
9.79245000000000 3871.
9.79227000000000 4009.
9.79251000000000 3971.
9.79227000000000 3955.
9.79252000000000 3873.
9.79245000000000 4008.
9.79262000000000 3878.
9.79240000000000 3942.
9.79245000000000 4016.
9.79245000000000 3989.
9.79251000000000 3979.
9.79252000000000 3877.
9.79241000000000 4005.
9.79251000000000 3914.
9.79249000000000 4028.
9.79245000000000 3943.
9.79251000000000 3898.
9.79252000000000 4043.
9.79245000000000 3946.
9.79245000000000 4028.
9.79227000000000 4150.
9.79234000000000 4010.
9.79251000000000 3891.
9.79251000000000 3988.
9.79227000000000 4007.
9.79227000000000 4062.
9.79245000000000 3931.
9.79241000000000 3928.
9.79245000000000 4019.
9.79245000000000 3994.
9.79251000000000 3896.
9.79241000000000 3999.
9.79240000000000 4062.
9.79251000000000 3956.
9.79245000000000 3858.
9.79251000000000 4004.
9.79227000000000 3995.
9.79245000000000 4016.
9.79251000000000 4057.
9.79251000000000 3942.
9.79240000000000 3980.
9.79245000000000 3904.
9.79251000000000 3918.
9.79251000000000 3876.
9.79247000000000 4117.
9.79251000000000 4070.
9.79245000000000 4050.
9.79245000000000 3982.
9.79252000000000 4065.
9.79227000000000 3942.
9.79252000000000 4002.
9.79251000000000 3942.
9.79252000000000 4136.
9.79232000000000 4101.
9.79251000000000 3915.
9.79227000000000 3880.
9.79240000000000 3902.
9.79227000000000 3896.
9.79252000000000 4011.
9.79249000000000 3963.
9.79252000000000 3954.
9.79245000000000 4009.
9.79245000000000 4018.
9.79245000000000 4121.
9.79232000000000 4157.
9.79245000000000 3905.
9.79249000000000 4092.
9.79253000000000 4005.
9.79249000000000 3980.
9.79251000000000 4004.
9.79252000000000 3995.
9.79252000000000 4112.
9.79251000000000 4019.
9.79251000000000 3964.
9.79240000000000 4051.
9.79252000000000 3901.
9.79232000000000 3937.
9.79227000000000 4006.
9.79245000000000 3798.
9.79249000000000 4024.
9.79245000000000 4109.
9.79251000000000 4016.
9.79245000000000 3914.
9.79245000000000 4040.
9.79227000000000 3975.
9.79254000000000 3889.
9.79241000000000 3863.
9.79251000000000 3944.
9.79251000000000 4095.
9.79227000000000 3969.
9.79251000000000 3873.
9.79251000000000 4200.
9.79251000000000 4003.
9.79240000000000 4044.
9.79227000000000 3961.
9.79245000000000 3970.
9.79240000000000 4052.
9.79247000000000 3928.
9.79251000000000 3920.
9.79251000000000 3949.
9.79251000000000 3937.
9.79252000000000 4078.
9.79243000000000 3994.
9.79245000000000 3960.
9.79251000000000 3932.
9.79252000000000 3975.
9.79245000000000 3984.
9.79240000000000 3934.
9.79226000000000 4038.
9.79251000000000 3910.
9.79245000000000 4120.
9.79240000000000 4013.
9.79245000000000 4049.
9.79245000000000 4057.
9.79246000000000 4033.
9.79245000000000 4065.
9.79252000000000 4001.
9.79252000000000 3993.
9.79251000000000 3988.
