9.79269000000000 6266.
9.79255000000000 6199.
9.79255000000000 6057.
9.79263000000000 6124.
9.79263000000000 6111.
9.79255000000000 6259.
9.79255000000000 6191.
9.79263000000000 6316.
9.79255000000000 6143.
9.79255000000000 6237.
9.79263000000000 6207.
9.79255000000000 6034.
9.79254000000000 6210.
9.79255000000000 6241.
9.79251000000000 6312.
9.79255000000000 6154.
9.79251000000000 6084.
9.79260000000000 6289.
9.79263000000000 6103.
9.79251000000000 6172.
9.79260000000000 6025.
9.79263000000000 6286.
9.79250000000000 6144.
9.79255000000000 6193.
9.79251000000000 6199.
9.79245000000000 6027.
9.79256000000000 6197.
9.79269000000000 6166.
9.79263000000000 6260.
9.79256000000000 6175.
9.79260000000000 6307.
9.79269000000000 6210.
9.79255000000000 6153.
9.79251000000000 6350.
9.79255000000000 6301.
9.79255000000000 6281.
9.79269000000000 6239.
9.79255000000000 6228.
9.79255000000000 6084.
9.79269000000000 6193.
9.79263000000000 6133.
9.79251000000000 6232.
9.79251000000000 6037.
9.79254000000000 5990.
9.79260000000000 6171.
9.79263000000000 6113.
9.79263000000000 6151.
9.79250000000000 6162.
9.79263000000000 6153.
9.79263000000000 6145.
9.79255000000000 6251.
9.79251000000000 6166.
9.79255000000000 6156.
9.79255000000000 6200.
9.79251000000000 6313.
9.79254000000000 6274.
9.79269000000000 6025.
9.79255000000000 6279.
9.79251000000000 6102.
9.79255000000000 6229.
9.79254000000000 6144.
9.79255000000000 6174.
9.79260000000000 6132.
9.79255000000000 6238.
9.79255000000000 6191.
9.79255000000000 6216.
9.79269000000000 6206.
9.79251000000000 6245.
9.79255000000000 6223.
9.79251000000000 6137.
9.79260000000000 6366.
9.79255000000000 6192.
9.79254000000000 6202.
9.79255000000000 6071.
9.79255000000000 6180.
9.79255000000000 6224.
9.79251000000000 6043.
9.79251000000000 6065.
9.79255000000000 6131.
9.79251000000000 6213.
9.79260000000000 6035.
9.79255000000000 6097.
9.79251000000000 6235.
9.79263000000000 6388.
9.79255000000000 6182.
9.79255000000000 6205.
9.79269000000000 6224.
9.79260000000000 6211.
9.79251000000000 6103.
9.79251000000000 6211.
9.79255000000000 6122.
9.79260000000000 6234.
9.79260000000000 6028.
9.79269000000000 6290.
9.79255000000000 6171.
9.79255000000000 6307.
9.79255000000000 6339.
9.79255000000000 6231.
9.79266000000000 6430.
9.79255000000000 6161.
9.79255000000000 6247.
9.79263000000000 6164.
9.79255000000000 6180.
9.79255000000000 6198.
9.79255000000000 6367.
9.79255000000000 6368.
9.79258000000000 6192.
9.79251000000000 6351.
9.79245000000000 6190.
9.79254000000000 6098.
9.79263000000000 6191.
9.79269000000000 6166.
9.79251000000000 6213.
9.79263000000000 6176.
9.79251000000000 6336.
9.79251000000000 6280.
9.79263000000000 6231.
9.79260000000000 6209.
9.79251000000000 6266.
9.79255000000000 6100.
9.79254000000000 6161.
9.79251000000000 6287.
9.79255000000000 6046.
9.79255000000000 6126.
9.79263000000000 6126.
9.79260000000000 6165.
9.79255000000000 5996.
9.79260000000000 6192.
9.79251000000000 6211.
9.79251000000000 6195.
9.79251000000000 6192.
9.79251000000000 6206.
9.79255000000000 6181.
9.79255000000000 6095.
9.79255000000000 6299.
9.79255000000000 6216.
9.79269000000000 6224.
9.79254000000000 6164.
9.79263000000000 6185.
9.79251000000000 6218.
9.79255000000000 6194.
9.79255000000000 6255.
9.79254000000000 6275.
9.79263000000000 6215.
9.79263000000000 6277.
9.79251000000000 6297.
9.79255000000000 6173.
9.79264000000000 6204.
9.79251000000000 6075.
9.79260000000000 6304.
9.79251000000000 6095.
9.79255000000000 6343.
9.79251000000000 6074.
9.79251000000000 6316.
9.79251000000000 6183.
9.79269000000000 6055.
9.79263000000000 6159.
9.79255000000000 6162.
9.79263000000000 6156.
9.79251000000000 6139.
9.79263000000000 6221.
9.79251000000000 6185.
9.79250000000000 6091.
9.79255000000000 6226.
9.79251000000000 6274.
9.79255000000000 6191.
9.79263000000000 6295.
9.79263000000000 6144.
9.79255000000000 6254.
9.79255000000000 6305.
9.79269000000000 6209.
9.79263000000000 6213.
9.79255000000000 6254.
9.79260000000000 6195.
9.79251000000000 6051.
9.79263000000000 6309.
9.79255000000000 6113.
9.79251000000000 6092.
9.79255000000000 6178.
9.79251000000000 6333.
9.79260000000000 6281.
9.79251000000000 6172.
9.79255000000000 6238.
9.79255000000000 6192.
9.79251000000000 6156.
9.79255000000000 6140.
9.79255000000000 6213.
9.79260000000000 6079.
9.79254000000000 5989.
9.79263000000000 6198.
9.79260000000000 6217.
9.79254000000000 6238.
9.79255000000000 6210.
9.79255000000000 6175.
9.79255000000000 6093.
9.79269000000000 6207.
9.79255000000000 6111.
9.79255000000000 6120.
9.79251000000000 6076.
9.79255000000000 6158.
9.79251000000000 6126.
9.79255000000000 6227.
9.79255000000000 6170.
9.79263000000000 6247.
9.79255000000000 6262.
9.79255000000000 6403.
9.79255000000000 6040.
9.79255000000000 6135.
9.79255000000000 6237.
9.79263000000000 6341.
9.79251000000000 6225.
9.79263000000000 6116.
9.79255000000000 6063.
9.79255000000000 6447.
9.79255000000000 6299.
9.79255000000000 6175.
9.79251000000000 6090.
9.79263000000000 6038.
9.79255000000000 6232.
9.79255000000000 6450.
9.79263000000000 6129.
9.79255000000000 6318.
9.79251000000000 6093.
9.79260000000000 6216.
9.79254000000000 6268.
9.79263000000000 6143.
9.79251000000000 6146.
9.79263000000000 6146.
9.79251000000000 6289.
9.79255000000000 6397.
9.79263000000000 6347.
9.79251000000000 6206.
9.79263000000000 6189.
9.79263000000000 6267.
9.79255000000000 5944.
9.79269000000000 6310.
9.79254000000000 6076.
9.79251000000000 6245.
9.79251000000000 6156.
9.79251000000000 6285.
9.79255000000000 6175.
9.79251000000000 6101.
9.79263000000000 6158.
9.79255000000000 6138.
9.79251000000000 6129.
9.79255000000000 6297.
9.79251000000000 6228.
9.79263000000000 6235.
9.79263000000000 6052.
9.79269000000000 6070.
9.79260000000000 6073.
9.79256000000000 6136.
9.79255000000000 6201.
9.79260000000000 6278.
9.79263000000000 6248.
9.79263000000000 6085.
9.79251000000000 6042.
9.79255000000000 6416.
9.79251000000000 6144.
9.79263000000000 6110.
9.79255000000000 6233.
9.79255000000000 5906.
9.79260000000000 6173.
9.79255000000000 6191.
9.79251000000000 6193.
9.79255000000000 6103.
9.79263000000000 6369.
9.79255000000000 6268.
9.79260000000000 6212.
9.79263000000000 6300.
9.79251000000000 6062.
9.79255000000000 6159.
9.79255000000000 6038.
9.79251000000000 6185.
9.79269000000000 6306.
9.79254000000000 6185.
9.79254000000000 6026.
9.79251000000000 6159.
9.79251000000000 6125.
9.79255000000000 6122.
9.79255000000000 6345.
9.79255000000000 6144.
9.79251000000000 6272.
9.79263000000000 6303.
9.79263000000000 6114.
9.79263000000000 6120.
9.79251000000000 6140.
9.79255000000000 6122.
9.79254000000000 6188.
9.79263000000000 6147.
9.79263000000000 6249.
9.79255000000000 6223.
9.79251000000000 6184.
9.79255000000000 6190.
9.79251000000000 6081.
9.79251000000000 6320.
9.79255000000000 6230.
9.79255000000000 6174.
9.79255000000000 6108.
9.79245000000000 6256.
9.79255000000000 6274.
9.79255000000000 6185.
9.79255000000000 5972.
9.79251000000000 5971.
9.79255000000000 6049.
9.79251000000000 6178.
9.79260000000000 6171.
9.79251000000000 5996.
9.79263000000000 6292.
9.79251000000000 6110.
9.79255000000000 6172.
9.79255000000000 6185.
9.79251000000000 6041.
9.79263000000000 6217.
9.79255000000000 6226.
9.79263000000000 6099.
9.79255000000000 6333.
9.79269000000000 6221.
9.79251000000000 6283.
9.79255000000000 6122.
9.79251000000000 6472.
9.79263000000000 6222.
9.79255000000000 6343.
9.79260000000000 6203.
9.79254000000000 6182.
9.79260000000000 6049.
9.79255000000000 6153.
9.79263000000000 6287.
9.79255000000000 6294.
9.79255000000000 6166.
9.79255000000000 6240.
9.79255000000000 6168.
9.79255000000000 6218.
9.79255000000000 6309.
9.79255000000000 6142.
9.79254000000000 6132.
9.79255000000000 6162.
9.79263000000000 6262.
9.79255000000000 6137.
9.79251000000000 6095.
9.79269000000000 6281.
9.79255000000000 6047.
9.79254000000000 6174.
9.79251000000000 6120.
9.79255000000000 6211.
9.79255000000000 6224.
9.79255000000000 5956.
9.79251000000000 6071.
9.79263000000000 6119.
9.79251000000000 6252.
9.79255000000000 6234.
9.79255000000000 6120.
9.79251000000000 6242.
9.79251000000000 6226.
9.79260000000000 6280.
9.79251000000000 6340.
9.79251000000000 6278.
9.79251000000000 6156.
9.79263000000000 6172.
9.79260000000000 6269.
9.79260000000000 6037.
9.79260000000000 6154.
9.79255000000000 6041.
9.79263000000000 6158.
9.79260000000000 6150.
9.79255000000000 6232.
9.79263000000000 5955.
9.79260000000000 6248.
9.79250000000000 6084.
9.79255000000000 6087.
9.79263000000000 6145.
9.79254000000000 6312.
9.79263000000000 6133.
9.79251000000000 6074.
9.79255000000000 6054.
9.79255000000000 6223.
9.79255000000000 6216.
9.79251000000000 6261.
9.79263000000000 6054.
9.79255000000000 6186.
9.79251000000000 6218.
9.79269000000000 6257.
9.79269000000000 6185.
9.79255000000000 6250.
9.79251000000000 6214.
9.79260000000000 6021.
9.79260000000000 6141.
9.79251000000000 6138.
9.79255000000000 6239.
9.79255000000000 6271.
9.79251000000000 6184.
9.79263000000000 6260.
9.79251000000000 6177.
9.79251000000000 6318.
9.79269000000000 6081.
9.79254000000000 6136.
9.79255000000000 6157.
9.79260000000000 6087.
9.79251000000000 6276.
9.79254000000000 6120.
9.79251000000000 6190.
9.79255000000000 6268.
9.79251000000000 6281.
9.79255000000000 6236.
9.79251000000000 6099.
9.79260000000000 6088.
9.79255000000000 6152.
9.79255000000000 6149.
9.79255000000000 6044.
9.79263000000000 6266.
9.79251000000000 6036.
9.79251000000000 6292.
9.79269000000000 6157.
9.79251000000000 6245.
9.79245000000000 6373.
9.79251000000000 6134.
9.79255000000000 6193.
9.79260000000000 6236.
9.79251000000000 6459.
9.79251000000000 6155.
9.79263000000000 6195.
9.79251000000000 6413.
9.79263000000000 6206.
9.79245000000000 6180.
9.79263000000000 6161.
9.79255000000000 6093.
9.79255000000000 6291.
9.79254000000000 6234.
9.79263000000000 6103.
9.79255000000000 6392.
9.79251000000000 5981.
9.79264000000000 6093.
9.79263000000000 6396.
9.79255000000000 6093.
9.79263000000000 6322.
9.79260000000000 6178.
9.79263000000000 5946.
9.79263000000000 6347.
9.79255000000000 6211.
9.79263000000000 6311.
9.79260000000000 6135.
9.79255000000000 6209.
9.79251000000000 6166.
9.79251000000000 6270.
9.79263000000000 6172.
9.79255000000000 6191.
9.79269000000000 6209.
9.79251000000000 6225.
9.79255000000000 6223.
9.79254000000000 6194.
9.79251000000000 6203.
9.79263000000000 6279.
9.79255000000000 6253.
9.79255000000000 6265.
9.79263000000000 6142.
9.79255000000000 6239.
9.79251000000000 6105.
9.79255000000000 6103.
9.79263000000000 6157.
9.79269000000000 6171.
9.79263000000000 6029.
9.79263000000000 6219.
9.79255000000000 6065.
9.79263000000000 6289.
9.79260000000000 6236.
9.79263000000000 6223.
9.79251000000000 6099.
9.79251000000000 6147.
9.79254000000000 6112.
9.79255000000000 6194.
9.79251000000000 6232.
9.79251000000000 6160.
9.79251000000000 6085.
9.79250000000000 6123.
9.79263000000000 6060.
9.79255000000000 6158.
9.79251000000000 6211.
9.79251000000000 6216.
9.79254000000000 6080.
9.79255000000000 6160.
9.79263000000000 6006.
9.79258000000000 6311.
9.79255000000000 6087.
9.79251000000000 6097.
9.79255000000000 6099.
9.79260000000000 6207.
9.79258000000000 6128.
9.79255000000000 6080.
9.79269000000000 6166.
9.79251000000000 6160.
9.79255000000000 6296.
9.79260000000000 6164.
9.79263000000000 6215.
9.79263000000000 6070.
9.79260000000000 6165.
9.79255000000000 6254.
9.79255000000000 6186.
9.79263000000000 6071.
9.79255000000000 6258.
9.79255000000000 6273.
