9.79247000000000 4856.
9.79247000000000 4945.
9.79260000000000 5070.
9.79260000000000 4810.
9.79260000000000 4887.
9.79260000000000 4899.
9.79260000000000 4894.
9.79252000000000 4941.
9.79260000000000 4945.
9.79247000000000 4901.
9.79260000000000 4781.
9.79247000000000 4897.
9.79259000000000 4797.
9.79260000000000 4864.
9.79271000000000 4942.
9.79260000000000 4861.
9.79260000000000 4806.
9.79260000000000 4836.
9.79254000000000 4830.
9.79260000000000 4736.
9.79247000000000 4934.
9.79254000000000 4870.
9.79271000000000 4963.
9.79259000000000 4809.
9.79247000000000 4884.
9.79260000000000 4931.
9.79247000000000 4801.
9.79268000000000 4922.
9.79247000000000 4765.
9.79260000000000 4901.
9.79260000000000 4889.
9.79273000000000 5003.
9.79260000000000 5061.
9.79260000000000 4904.
9.79260000000000 4860.
9.79260000000000 4948.
9.79260000000000 4748.
9.79247000000000 4792.
9.79260000000000 4973.
9.79260000000000 4943.
9.79247000000000 4836.
9.79247000000000 4897.
9.79254000000000 4896.
9.79260000000000 4897.
9.79247000000000 5116.
9.79260000000000 4821.
9.79260000000000 4984.
9.79254000000000 4965.
9.79254000000000 4868.
9.79247000000000 4897.
9.79254000000000 4910.
9.79258000000000 4926.
9.79260000000000 4841.
9.79254000000000 4967.
9.79260000000000 4766.
9.79260000000000 4826.
9.79260000000000 4791.
9.79260000000000 4887.
9.79260000000000 4863.
9.79247000000000 4912.
9.79250000000000 4972.
9.79247000000000 5028.
9.79247000000000 4861.
9.79250000000000 4870.
9.79247000000000 5029.
9.79247000000000 4877.
9.79247000000000 4831.
9.79260000000000 4880.
9.79254000000000 5105.
9.79247000000000 4782.
9.79260000000000 4878.
9.79260000000000 4865.
9.79247000000000 4888.
9.79260000000000 4818.
9.79247000000000 4830.
9.79254000000000 4981.
9.79254000000000 5045.
9.79260000000000 4941.
9.79247000000000 4885.
9.79260000000000 4935.
9.79260000000000 4816.
9.79247000000000 4794.
9.79260000000000 4921.
9.79260000000000 4981.
9.79260000000000 4981.
9.79254000000000 5036.
9.79260000000000 4883.
9.79259000000000 4818.
9.79247000000000 4890.
9.79260000000000 4810.
9.79254000000000 4942.
9.79247000000000 4907.
9.79255000000000 4933.
9.79247000000000 4759.
9.79260000000000 4855.
9.79260000000000 5015.
9.79268000000000 4817.
9.79260000000000 4964.
9.79260000000000 4851.
9.79260000000000 4860.
9.79260000000000 4875.
9.79260000000000 4934.
9.79247000000000 4779.
9.79260000000000 4896.
9.79247000000000 4925.
9.79247000000000 4927.
9.79247000000000 4987.
9.79247000000000 4878.
9.79260000000000 4883.
9.79247000000000 4700.
9.79254000000000 4872.
9.79247000000000 4885.
9.79260000000000 4893.
9.79254000000000 4925.
9.79260000000000 4875.
9.79260000000000 4783.
9.79247000000000 4964.
9.79260000000000 4947.
9.79247000000000 5053.
9.79247000000000 4826.
9.79260000000000 4838.
9.79260000000000 4828.
9.79254000000000 4843.
9.79260000000000 4846.
9.79254000000000 4928.
9.79247000000000 4878.
9.79260000000000 4929.
9.79247000000000 4917.
9.79254000000000 4957.
9.79260000000000 4943.
9.79247000000000 5005.
9.79247000000000 4761.
9.79259000000000 4879.
9.79260000000000 4931.
9.79260000000000 4746.
9.79260000000000 4861.
9.79260000000000 4797.
9.79260000000000 4875.
9.79260000000000 4844.
9.79247000000000 4910.
9.79260000000000 4853.
9.79260000000000 4827.
9.79247000000000 4802.
9.79254000000000 4979.
9.79260000000000 4928.
9.79260000000000 4957.
9.79259000000000 4884.
9.79260000000000 5058.
9.79247000000000 4806.
9.79260000000000 4895.
9.79247000000000 4813.
9.79260000000000 4891.
9.79260000000000 4862.
9.79260000000000 4974.
9.79260000000000 4893.
9.79247000000000 5073.
9.79244000000000 4873.
9.79254000000000 4759.
9.79247000000000 4910.
9.79247000000000 5011.
9.79260000000000 4775.
9.79260000000000 5102.
9.79260000000000 4912.
9.79260000000000 4985.
9.79260000000000 4774.
9.79247000000000 4953.
9.79268000000000 4904.
9.79247000000000 4851.
9.79247000000000 4888.
9.79260000000000 5098.
9.79260000000000 5001.
9.79247000000000 4962.
9.79247000000000 4979.
9.79247000000000 4865.
9.79259000000000 4960.
9.79260000000000 4870.
9.79260000000000 4894.
9.79247000000000 4983.
9.79260000000000 4895.
9.79254000000000 4922.
9.79273000000000 4866.
9.79247000000000 4821.
9.79247000000000 4949.
9.79247000000000 4860.
9.79260000000000 4813.
9.79260000000000 4922.
9.79247000000000 4870.
9.79244000000000 4886.
9.79260000000000 4771.
9.79250000000000 5040.
9.79260000000000 4924.
9.79260000000000 4933.
9.79260000000000 4846.
9.79260000000000 4928.
9.79247000000000 4903.
9.79247000000000 4815.
9.79260000000000 4841.
9.79250000000000 4716.
9.79260000000000 4815.
9.79250000000000 4846.
9.79260000000000 4963.
9.79247000000000 4935.
9.79260000000000 4972.
9.79260000000000 5145.
9.79259000000000 4854.
9.79260000000000 4936.
9.79260000000000 4890.
9.79260000000000 4944.
9.79260000000000 4811.
9.79260000000000 4925.
9.79260000000000 4896.
9.79247000000000 4969.
9.79250000000000 5029.
9.79247000000000 4848.
9.79260000000000 5027.
9.79247000000000 4895.
9.79259000000000 4826.
9.79247000000000 4891.
9.79260000000000 4740.
9.79247000000000 4988.
9.79260000000000 5075.
9.79260000000000 4814.
9.79247000000000 4827.
9.79260000000000 4791.
9.79244000000000 5103.
9.79254000000000 4845.
9.79250000000000 4744.
9.79260000000000 4814.
9.79254000000000 4877.
9.79247000000000 4944.
9.79247000000000 5077.
9.79247000000000 4894.
9.79260000000000 4846.
9.79247000000000 4956.
9.79247000000000 4919.
9.79260000000000 4883.
9.79260000000000 4948.
9.79247000000000 4967.
9.79260000000000 5003.
9.79247000000000 4814.
9.79260000000000 4977.
9.79247000000000 4809.
9.79260000000000 4960.
9.79260000000000 4920.
9.79260000000000 4966.
9.79260000000000 4822.
9.79260000000000 4803.
9.79260000000000 5002.
9.79254000000000 4974.
9.79260000000000 4748.
9.79253000000000 4900.
9.79254000000000 4877.
9.79254000000000 5016.
9.79268000000000 4876.
9.79247000000000 4830.
9.79260000000000 4922.
9.79260000000000 4913.
9.79247000000000 5021.
9.79247000000000 4895.
9.79260000000000 5031.
9.79260000000000 4943.
9.79247000000000 5037.
9.79260000000000 4849.
9.79260000000000 4899.
9.79260000000000 4857.
9.79260000000000 4898.
9.79260000000000 4911.
9.79254000000000 4922.
9.79260000000000 5010.
9.79266000000000 4956.
9.79260000000000 4857.
9.79260000000000 4910.
9.79260000000000 4915.
9.79247000000000 4977.
9.79255000000000 5026.
9.79255000000000 4883.
9.79260000000000 4995.
9.79260000000000 4947.
9.79255000000000 4846.
9.79260000000000 4943.
9.79247000000000 4929.
9.79247000000000 5013.
9.79247000000000 4967.
9.79247000000000 4976.
9.79260000000000 4900.
9.79259000000000 4861.
9.79260000000000 4842.
9.79260000000000 4883.
9.79268000000000 4785.
9.79268000000000 4834.
9.79247000000000 5009.
9.79244000000000 4835.
9.79260000000000 5027.
9.79260000000000 4916.
9.79254000000000 5002.
9.79247000000000 4851.
9.79254000000000 4850.
9.79260000000000 4906.
9.79260000000000 4924.
9.79254000000000 4996.
9.79253000000000 4808.
9.79260000000000 4861.
9.79247000000000 4967.
9.79247000000000 4795.
9.79260000000000 4851.
9.79247000000000 4892.
9.79247000000000 4887.
9.79268000000000 4827.
9.79260000000000 4854.
9.79260000000000 4873.
9.79247000000000 4776.
9.79247000000000 4991.
9.79260000000000 4823.
9.79255000000000 4897.
9.79247000000000 4966.
9.79247000000000 4940.
9.79247000000000 4845.
9.79260000000000 4875.
9.79260000000000 4860.
9.79260000000000 4833.
9.79259000000000 4912.
9.79247000000000 4849.
9.79247000000000 4893.
9.79255000000000 4895.
9.79247000000000 4832.
9.79255000000000 4707.
9.79260000000000 5050.
9.79266000000000 4751.
9.79247000000000 5009.
9.79260000000000 5003.
9.79254000000000 4924.
9.79260000000000 4871.
9.79260000000000 4855.
9.79260000000000 4879.
9.79259000000000 5052.
9.79244000000000 4788.
9.79247000000000 4842.
9.79247000000000 4997.
9.79247000000000 4979.
9.79260000000000 4906.
9.79260000000000 4978.
9.79260000000000 4969.
9.79260000000000 4944.
9.79268000000000 4834.
9.79247000000000 4832.
9.79260000000000 4799.
9.79247000000000 4791.
9.79260000000000 5116.
9.79247000000000 4842.
9.79268000000000 4900.
9.79247000000000 4825.
9.79260000000000 4739.
9.79247000000000 4895.
9.79247000000000 4867.
9.79259000000000 4918.
9.79260000000000 4849.
9.79260000000000 4927.
9.79247000000000 4867.
9.79259000000000 4862.
9.79254000000000 4879.
9.79247000000000 4983.
9.79254000000000 4960.
9.79260000000000 4914.
9.79260000000000 4780.
9.79247000000000 4970.
9.79260000000000 4938.
9.79254000000000 4937.
9.79259000000000 4900.
9.79260000000000 4852.
9.79247000000000 4854.
9.79247000000000 4859.
9.79260000000000 4867.
9.79260000000000 4799.
9.79252000000000 4942.
9.79254000000000 4893.
9.79260000000000 4946.
9.79247000000000 4967.
9.79247000000000 4853.
9.79260000000000 4971.
9.79247000000000 4859.
9.79247000000000 4889.
9.79255000000000 4916.
9.79260000000000 4837.
9.79260000000000 4881.
9.79247000000000 5068.
9.79247000000000 4894.
9.79260000000000 4911.
9.79260000000000 4877.
9.79260000000000 4789.
9.79247000000000 4938.
9.79260000000000 4889.
9.79260000000000 4828.
9.79260000000000 4892.
9.79252000000000 4843.
9.79260000000000 4802.
9.79260000000000 4960.
9.79260000000000 4775.
9.79260000000000 4847.
9.79260000000000 4896.
9.79244000000000 4971.
9.79247000000000 4988.
9.79244000000000 4804.
9.79247000000000 5004.
9.79260000000000 4801.
9.79260000000000 4987.
9.79260000000000 4962.
9.79260000000000 4813.
9.79260000000000 5013.
9.79260000000000 4767.
9.79260000000000 4989.
9.79254000000000 4893.
9.79260000000000 5024.
9.79260000000000 4860.
9.79247000000000 4768.
9.79244000000000 4952.
9.79247000000000 4980.
9.79247000000000 4878.
9.79250000000000 4845.
9.79247000000000 4791.
9.79247000000000 4880.
9.79260000000000 4905.
9.79260000000000 5103.
9.79260000000000 4839.
9.79260000000000 4904.
9.79254000000000 4874.
9.79247000000000 4936.
9.79260000000000 4837.
9.79250000000000 5037.
9.79260000000000 4809.
9.79260000000000 4911.
9.79260000000000 4893.
9.79260000000000 4860.
9.79260000000000 4857.
9.79255000000000 4781.
9.79247000000000 4832.
9.79260000000000 4808.
9.79247000000000 4853.
9.79247000000000 4805.
9.79260000000000 4998.
9.79260000000000 4824.
9.79254000000000 5046.
9.79260000000000 4844.
9.79255000000000 4951.
9.79244000000000 4886.
9.79254000000000 4811.
9.79260000000000 4930.
9.79254000000000 4812.
9.79260000000000 4828.
9.79268000000000 4862.
9.79247000000000 4939.
9.79247000000000 4871.
9.79260000000000 4899.
9.79254000000000 4856.
9.79247000000000 4837.
9.79247000000000 4893.
9.79260000000000 4844.
9.79260000000000 4955.
9.79260000000000 4926.
9.79260000000000 4877.
9.79259000000000 4827.
9.79254000000000 4950.
9.79260000000000 5066.
9.79260000000000 4890.
9.79253000000000 4843.
9.79260000000000 4925.
9.79260000000000 4951.
9.79260000000000 4832.
9.79260000000000 4944.
9.79260000000000 4948.
9.79260000000000 4835.
9.79260000000000 4823.
9.79260000000000 4947.
9.79260000000000 4936.
9.79260000000000 4868.
9.79260000000000 4816.
9.79260000000000 4787.
9.79247000000000 4914.
9.79260000000000 4845.
9.79260000000000 4789.
9.79244000000000 4838.
9.79254000000000 4931.
9.79244000000000 4863.
9.79260000000000 5010.
9.79260000000000 4849.
9.79260000000000 4990.
9.79247000000000 4829.
9.79260000000000 5093.
9.79260000000000 4892.
9.79260000000000 4853.
9.79260000000000 5019.
9.79260000000000 4851.
9.79259000000000 4871.
9.79260000000000 4852.
9.79260000000000 4857.
9.79260000000000 4934.
9.79260000000000 4747.
9.79260000000000 4947.
9.79247000000000 4794.
9.79247000000000 4814.
9.79260000000000 4863.
