9.79299000000000 1370.
9.79299000000000 1370.
9.79330000000000 1387.
9.79432000000000 1403.
9.79311000000000 1482.
9.79299000000000 1441.
9.79333000000000 1395.
9.79333000000000 1395.
9.79256000000000 1391.
9.79299000000000 1414.
9.79299000000000 1404.
9.79256000000000 1503.
9.79256000000000 1409.
9.79256000000000 1409.
9.79299000000000 1474.
9.79338000000000 1511.
9.79397000000000 1441.
9.79311000000000 1370.
9.79311000000000 1370.
9.79299000000000 1450.
9.79409000000000 1497.
9.79311000000000 1318.
9.79322000000000 1523.
9.79256000000000 1453.
9.79256000000000 1453.
9.79243000000000 1369.
9.79343000000000 1363.
9.79299000000000 1411.
9.79349000000000 1423.
9.79299000000000 1413.
9.79299000000000 1413.
9.79419000000000 1440.
9.79299000000000 1466.
9.79299000000000 1491.
9.79299000000000 1452.
9.79256000000000 1452.
9.79256000000000 1452.
9.79309000000000 1368.
9.79256000000000 1456.
9.79326000000000 1431.
9.79343000000000 1504.
9.79378000000000 1409.
9.79378000000000 1409.
9.79299000000000 1370.
9.79309000000000 1408.
9.79324000000000 1410.
9.79342000000000 1452.
9.79309000000000 1457.
9.79309000000000 1457.
9.79311000000000 1461.
9.79299000000000 1450.
9.79299000000000 1456.
9.79256000000000 1442.
9.79326000000000 1393.
9.79326000000000 1393.
9.79397000000000 1402.
9.79299000000000 1479.
9.79352000000000 1479.
9.79326000000000 1527.
9.79256000000000 1377.
9.79256000000000 1377.
9.79338000000000 1399.
9.79343000000000 1507.
9.79299000000000 1513.
9.79299000000000 1502.
9.79342000000000 1425.
9.79342000000000 1425.
9.79312000000000 1387.
9.79256000000000 1490.
9.79338000000000 1470.
9.79299000000000 1433.
9.79299000000000 1410.
9.79299000000000 1498.
9.79299000000000 1498.
9.79342000000000 1537.
9.79309000000000 1413.
9.79343000000000 1446.
9.79326000000000 1399.
9.79326000000000 1399.
9.79299000000000 1415.
9.79311000000000 1424.
9.79343000000000 1456.
9.79256000000000 1433.
9.79349000000000 1434.
9.79311000000000 1453.
9.79311000000000 1453.
9.79324000000000 1413.
9.79312000000000 1403.
9.79299000000000 1478.
9.79351000000000 1595.
9.79349000000000 1359.
9.79349000000000 1359.
9.79299000000000 1459.
9.79299000000000 1457.
9.79316000000000 1400.
9.79256000000000 1419.
9.79352000000000 1373.
9.79352000000000 1373.
9.79299000000000 1454.
9.79308000000000 1499.
9.79311000000000 1418.
9.79256000000000 1440.
9.79299000000000 1399.
9.79299000000000 1446.
9.79299000000000 1446.
9.79343000000000 1425.
9.79309000000000 1521.
9.79299000000000 1465.
9.79359000000000 1415.
9.79326000000000 1452.
9.79326000000000 1452.
9.79397000000000 1429.
9.79256000000000 1447.
9.79330000000000 1395.
9.79299000000000 1432.
9.79299000000000 1432.
9.79256000000000 1457.
9.79392000000000 1439.
9.79256000000000 1444.
9.79326000000000 1398.
9.79299000000000 1530.
9.79299000000000 1530.
9.79299000000000 1456.
9.79296000000000 1443.
9.79243000000000 1444.
9.79343000000000 1421.
9.79256000000000 1469.
9.79256000000000 1469.
9.79294000000000 1432.
9.79299000000000 1426.
9.79299000000000 1469.
9.79384000000000 1459.
9.79326000000000 1452.
9.79326000000000 1452.
9.79299000000000 1560.
9.79307000000000 1454.
9.79299000000000 1438.
9.79299000000000 1390.
9.79359000000000 1506.
9.79359000000000 1506.
9.79299000000000 1419.
9.79299000000000 1394.
9.79352000000000 1459.
9.79256000000000 1536.
9.79311000000000 1477.
9.79311000000000 1477.
9.79326000000000 1385.
9.79256000000000 1394.
9.79330000000000 1463.
9.79419000000000 1452.
9.79256000000000 1389.
9.79256000000000 1389.
9.79299000000000 1420.
9.79256000000000 1458.
9.79312000000000 1396.
9.79326000000000 1373.
9.79299000000000 1387.
9.79299000000000 1387.
9.79308000000000 1445.
9.79299000000000 1425.
9.79299000000000 1483.
9.79311000000000 1450.
9.79299000000000 1445.
9.79299000000000 1445.
9.79299000000000 1483.
9.79256000000000 1384.
9.79299000000000 1492.
9.79397000000000 1451.
9.79299000000000 1458.
9.79299000000000 1458.
9.79349000000000 1441.
9.79299000000000 1485.
9.79299000000000 1566.
9.79299000000000 1510.
9.79299000000000 1514.
9.79299000000000 1514.
9.79299000000000 1509.
9.79418000000000 1459.
9.79419000000000 1452.
9.79340000000000 1411.
9.79340000000000 1411.
9.79311000000000 1470.
9.79256000000000 1434.
9.79243000000000 1502.
9.79299000000000 1524.
9.79299000000000 1442.
9.79256000000000 1416.
9.79256000000000 1416.
9.79326000000000 1510.
9.79299000000000 1452.
9.79361000000000 1415.
9.79299000000000 1439.
9.79299000000000 1338.
9.79299000000000 1338.
9.79299000000000 1412.
9.79308000000000 1500.
9.79256000000000 1523.
9.79364000000000 1450.
9.79343000000000 1512.
9.79343000000000 1512.
9.79309000000000 1391.
9.79299000000000 1463.
9.79299000000000 1485.
9.79296000000000 1387.
9.79311000000000 1483.
9.79311000000000 1483.
9.79392000000000 1563.
9.79299000000000 1493.
9.79349000000000 1428.
9.79299000000000 1439.
9.79299000000000 1510.
9.79299000000000 1510.
9.79299000000000 1492.
9.79338000000000 1423.
9.79326000000000 1362.
9.79311000000000 1308.
9.79311000000000 1451.
9.79311000000000 1451.
9.79256000000000 1446.
9.79299000000000 1484.
9.79234000000000 1382.
9.79256000000000 1377.
9.79311000000000 1496.
9.79311000000000 1496.
9.79326000000000 1498.
9.79352000000000 1516.
9.79352000000000 1402.
9.79270000000000 1413.
9.79324000000000 1492.
9.79324000000000 1492.
9.79311000000000 1453.
9.79352000000000 1486.
9.79299000000000 1433.
9.79256000000000 1446.
9.79311000000000 1442.
9.79311000000000 1442.
9.79256000000000 1417.
9.79393000000000 1447.
9.79299000000000 1507.
9.79299000000000 1440.
9.79299000000000 1389.
9.79299000000000 1389.
9.79256000000000 1454.
9.79299000000000 1415.
9.79343000000000 1422.
9.79299000000000 1457.
9.79333000000000 1408.
9.79333000000000 1408.
9.79311000000000 1431.
9.79312000000000 1417.
9.79359000000000 1309.
9.79299000000000 1459.
9.79299000000000 1459.
9.79256000000000 1460.
9.79352000000000 1462.
9.79282000000000 1396.
9.79299000000000 1409.
9.79349000000000 1491.
9.79349000000000 1491.
9.79378000000000 1437.
9.79352000000000 1455.
9.79299000000000 1430.
9.79243000000000 1332.
9.79409000000000 1392.
9.79409000000000 1392.
9.79392000000000 1448.
9.79397000000000 1340.
9.79299000000000 1473.
9.79256000000000 1441.
9.79352000000000 1408.
9.79352000000000 1408.
9.79364000000000 1399.
9.79243000000000 1423.
9.79299000000000 1392.
9.79311000000000 1415.
9.79299000000000 1440.
9.79299000000000 1440.
9.79299000000000 1412.
9.79299000000000 1510.
9.79299000000000 1485.
9.79333000000000 1534.
9.79352000000000 1429.
9.79352000000000 1429.
9.79299000000000 1355.
9.79243000000000 1487.
9.79299000000000 1518.
9.79270000000000 1425.
9.79333000000000 1397.
9.79333000000000 1397.
9.79352000000000 1388.
9.79357000000000 1448.
9.79299000000000 1428.
9.79299000000000 1449.
9.79270000000000 1451.
9.79270000000000 1451.
9.79299000000000 1421.
9.79352000000000 1448.
9.79256000000000 1521.
9.79348000000000 1462.
9.79397000000000 1477.
9.79397000000000 1477.
9.79299000000000 1402.
9.79359000000000 1399.
9.79299000000000 1434.
9.79309000000000 1438.
9.79299000000000 1413.
9.79299000000000 1413.
9.79392000000000 1498.
9.79309000000000 1509.
9.79299000000000 1396.
9.79419000000000 1543.
9.79299000000000 1421.
9.79299000000000 1421.
9.79299000000000 1399.
9.79359000000000 1416.
9.79299000000000 1410.
9.79299000000000 1481.
9.79349000000000 1454.
9.79349000000000 1454.
9.79309000000000 1467.
9.79352000000000 1502.
9.79380000000000 1428.
9.79299000000000 1434.
9.79352000000000 1439.
9.79352000000000 1439.
9.79299000000000 1449.
9.79299000000000 1438.
9.79299000000000 1426.
9.79299000000000 1422.
9.79299000000000 1496.
9.79299000000000 1496.
9.79397000000000 1402.
9.79311000000000 1418.
9.79299000000000 1456.
9.79418000000000 1451.
9.79326000000000 1524.
9.79326000000000 1524.
9.79312000000000 1391.
9.79299000000000 1423.
9.79326000000000 1435.
9.79299000000000 1511.
9.79418000000000 1438.
9.79418000000000 1438.
9.79299000000000 1444.
9.79299000000000 1442.
9.79299000000000 1443.
9.79299000000000 1437.
9.79349000000000 1488.
9.79349000000000 1488.
9.79349000000000 1489.
9.79343000000000 1462.
9.79299000000000 1474.
9.79299000000000 1476.
9.79352000000000 1435.
9.79352000000000 1435.
9.79364000000000 1361.
9.79280000000000 1435.
9.79299000000000 1366.
9.79256000000000 1488.
9.79299000000000 1466.
9.79299000000000 1466.
9.79343000000000 1433.
9.79352000000000 1476.
9.79299000000000 1439.
9.79309000000000 1513.
9.79311000000000 1406.
9.79311000000000 1406.
9.79299000000000 1468.
9.79299000000000 1494.
9.79311000000000 1481.
9.79352000000000 1438.
9.79299000000000 1404.
9.79299000000000 1404.
9.79326000000000 1444.
9.79299000000000 1441.
9.79351000000000 1409.
9.79352000000000 1313.
9.79299000000000 1386.
9.79299000000000 1386.
9.79352000000000 1476.
9.79333000000000 1464.
9.79337000000000 1419.
9.79299000000000 1411.
9.79352000000000 1501.
9.79352000000000 1501.
9.79343000000000 1473.
9.79256000000000 1498.
9.79299000000000 1418.
9.79299000000000 1391.
9.79312000000000 1458.
9.79312000000000 1458.
9.79349000000000 1443.
9.79299000000000 1425.
9.79324000000000 1452.
9.79311000000000 1464.
9.79299000000000 1470.
9.79299000000000 1470.
9.79396000000000 1422.
9.79299000000000 1449.
9.79309000000000 1513.
9.79326000000000 1420.
9.79312000000000 1427.
9.79312000000000 1427.
9.79256000000000 1449.
9.79418000000000 1403.
9.79282000000000 1515.
9.79256000000000 1389.
9.79299000000000 1466.
9.79299000000000 1466.
9.79299000000000 1472.
9.79309000000000 1368.
9.79299000000000 1462.
9.79352000000000 1469.
9.79311000000000 1318.
9.79311000000000 1318.
9.79352000000000 1438.
9.79352000000000 1465.
9.79299000000000 1442.
9.79349000000000 1401.
9.79299000000000 1416.
9.79326000000000 1413.
9.79326000000000 1413.
9.79299000000000 1468.
9.79299000000000 1491.
9.79299000000000 1454.
9.79392000000000 1414.
9.79392000000000 1414.
9.79299000000000 1433.
9.79309000000000 1373.
9.79352000000000 1435.
9.79392000000000 1418.
9.79256000000000 1485.
9.79256000000000 1485.
9.79299000000000 1530.
9.79397000000000 1532.
9.79349000000000 1458.
9.79352000000000 1454.
9.79333000000000 1540.
9.79333000000000 1540.
9.79352000000000 1488.
9.79299000000000 1408.
9.79324000000000 1437.
9.79299000000000 1441.
9.79299000000000 1449.
9.79299000000000 1449.
9.79352000000000 1448.
9.79392000000000 1383.
9.79299000000000 1440.
9.79299000000000 1491.
9.79397000000000 1487.
9.79392000000000 1439.
9.79392000000000 1439.
9.79311000000000 1565.
9.79299000000000 1466.
9.79299000000000 1443.
9.79299000000000 1446.
9.79299000000000 1446.
9.79352000000000 1414.
9.79311000000000 1471.
9.79397000000000 1497.
9.79342000000000 1421.
9.79352000000000 1469.
9.79299000000000 1392.
9.79299000000000 1392.
9.79311000000000 1444.
9.79309000000000 1521.
9.79299000000000 1313.
9.79392000000000 1364.
9.79299000000000 1398.
9.79299000000000 1398.
9.79299000000000 1409.
9.79299000000000 1464.
9.79352000000000 1484.
9.79299000000000 1458.
9.79299000000000 1467.
9.79299000000000 1467.
9.79256000000000 1424.
9.79348000000000 1465.
9.79396000000000 1437.
9.79343000000000 1452.
9.79392000000000 1393.
9.79392000000000 1393.
9.79397000000000 1361.
9.79352000000000 1486.
9.79299000000000 1454.
9.79343000000000 1494.
9.79299000000000 1409.
9.79324000000000 1478.
9.79324000000000 1478.
9.79299000000000 1492.
9.79311000000000 1469.
9.79256000000000 1428.
9.79324000000000 1445.
9.79256000000000 1432.
9.79256000000000 1432.
9.79384000000000 1493.
9.79299000000000 1437.
9.79342000000000 1454.
9.79432000000000 1375.
9.79352000000000 1528.
