9.79237000000000 5647.
9.79237000000000 5566.
9.79251000000000 5690.
9.79232000000000 5612.
9.79230000000000 5464.
9.79237000000000 5526.
9.79237000000000 5469.
9.79230000000000 5590.
9.79237000000000 5493.
9.79251000000000 5713.
9.79232000000000 5476.
9.79232000000000 5471.
9.79237000000000 5667.
9.79267000000000 5583.
9.79237000000000 5604.
9.79232000000000 5618.
9.79232000000000 5691.
9.79251000000000 5813.
9.79237000000000 5652.
9.79237000000000 5487.
9.79237000000000 5463.
9.79232000000000 5621.
9.79237000000000 5523.
9.79237000000000 5507.
9.79237000000000 5778.
9.79237000000000 5577.
9.79237000000000 5638.
9.79251000000000 5532.
9.79237000000000 5745.
9.79237000000000 5645.
9.79237000000000 5545.
9.79251000000000 5571.
9.79237000000000 5700.
9.79237000000000 5541.
9.79237000000000 5465.
9.79237000000000 5717.
9.79244000000000 5459.
9.79237000000000 5418.
9.79237000000000 5521.
9.79251000000000 5354.
9.79237000000000 5549.
9.79237000000000 5598.
9.79254000000000 5755.
9.79232000000000 5681.
9.79237000000000 5459.
9.79237000000000 5422.
9.79232000000000 5534.
9.79237000000000 5475.
9.79252000000000 5479.
9.79237000000000 5504.
9.79224000000000 5632.
9.79232000000000 5463.
9.79237000000000 5638.
9.79237000000000 5370.
9.79237000000000 5605.
9.79237000000000 5568.
9.79251000000000 5583.
9.79251000000000 5579.
9.79244000000000 5572.
9.79237000000000 5475.
9.79237000000000 5642.
9.79237000000000 5495.
9.79237000000000 5667.
9.79237000000000 5450.
9.79237000000000 5471.
9.79237000000000 5449.
9.79254000000000 5439.
9.79251000000000 5492.
9.79247000000000 5504.
9.79237000000000 5531.
9.79244000000000 5654.
9.79237000000000 5742.
9.79237000000000 5420.
9.79251000000000 5678.
9.79237000000000 5559.
9.79237000000000 5527.
9.79237000000000 5644.
9.79237000000000 5519.
9.79246000000000 5518.
9.79237000000000 5464.
9.79237000000000 5771.
9.79237000000000 5634.
9.79237000000000 5475.
9.79216000000000 5678.
9.79237000000000 5540.
9.79237000000000 5507.
9.79237000000000 5472.
9.79237000000000 5567.
9.79267000000000 5513.
9.79237000000000 5579.
9.79237000000000 5584.
9.79260000000000 5527.
9.79237000000000 5545.
9.79232000000000 5439.
9.79251000000000 5597.
9.79237000000000 5646.
9.79260000000000 5563.
9.79244000000000 5524.
9.79237000000000 5774.
9.79251000000000 5480.
9.79237000000000 5608.
9.79237000000000 5585.
9.79267000000000 5382.
9.79237000000000 5421.
9.79267000000000 5468.
9.79237000000000 5506.
9.79237000000000 5634.
9.79237000000000 5682.
9.79237000000000 5619.
9.79237000000000 5492.
9.79237000000000 5687.
9.79244000000000 5642.
9.79237000000000 5608.
9.79251000000000 5543.
9.79237000000000 5662.
9.79237000000000 5736.
9.79232000000000 5532.
9.79237000000000 5773.
9.79251000000000 5587.
9.79237000000000 5624.
9.79237000000000 5594.
9.79237000000000 5520.
9.79237000000000 5771.
9.79237000000000 5504.
9.79237000000000 5693.
9.79237000000000 5630.
9.79237000000000 5451.
9.79237000000000 5577.
9.79232000000000 5430.
9.79237000000000 5471.
9.79251000000000 5454.
9.79247000000000 5532.
9.79237000000000 5544.
9.79237000000000 5706.
9.79237000000000 5489.
9.79251000000000 5512.
9.79237000000000 5479.
9.79237000000000 5617.
9.79237000000000 5630.
9.79244000000000 5616.
9.79237000000000 5419.
9.79232000000000 5631.
9.79237000000000 5554.
9.79260000000000 5477.
9.79237000000000 5679.
9.79237000000000 5519.
9.79267000000000 5548.
9.79237000000000 5772.
9.79251000000000 5778.
9.79237000000000 5738.
9.79237000000000 5538.
9.79237000000000 5602.
9.79237000000000 5441.
9.79237000000000 5644.
9.79237000000000 5546.
9.79237000000000 5694.
9.79260000000000 5602.
9.79237000000000 5454.
9.79260000000000 5613.
9.79237000000000 5538.
9.79237000000000 5729.
9.79251000000000 5704.
9.79237000000000 5649.
9.79237000000000 5601.
9.79244000000000 5430.
9.79251000000000 5534.
9.79237000000000 5500.
9.79251000000000 5459.
9.79237000000000 5544.
9.79237000000000 5640.
9.79237000000000 5586.
9.79232000000000 5469.
9.79237000000000 5550.
9.79237000000000 5668.
9.79237000000000 5528.
9.79237000000000 5651.
9.79237000000000 5478.
9.79232000000000 5433.
9.79251000000000 5525.
9.79237000000000 5585.
9.79237000000000 5534.
9.79237000000000 5592.
9.79232000000000 5439.
9.79224000000000 5657.
9.79230000000000 5543.
9.79232000000000 5610.
9.79237000000000 5677.
9.79230000000000 5522.
9.79237000000000 5593.
9.79237000000000 5557.
9.79232000000000 5541.
9.79237000000000 5535.
9.79232000000000 5465.
9.79237000000000 5692.
9.79232000000000 5625.
9.79237000000000 5651.
9.79251000000000 5639.
9.79237000000000 5644.
9.79267000000000 5508.
9.79237000000000 5464.
9.79237000000000 5445.
9.79237000000000 5685.
9.79230000000000 5560.
9.79237000000000 5418.
9.79244000000000 5743.
9.79237000000000 5465.
9.79237000000000 5400.
9.79237000000000 5547.
9.79232000000000 5522.
9.79237000000000 5593.
9.79251000000000 5567.
9.79232000000000 5579.
9.79237000000000 5446.
9.79237000000000 5478.
9.79237000000000 5702.
9.79237000000000 5467.
9.79237000000000 5435.
9.79237000000000 5398.
9.79237000000000 5664.
9.79237000000000 5739.
9.79237000000000 5522.
9.79251000000000 5477.
9.79237000000000 5742.
9.79232000000000 5456.
9.79237000000000 5616.
9.79251000000000 5607.
9.79237000000000 5448.
9.79237000000000 5262.
9.79237000000000 5500.
9.79251000000000 5576.
9.79237000000000 5574.
9.79237000000000 5411.
9.79237000000000 5703.
9.79237000000000 5479.
9.79230000000000 5641.
9.79237000000000 5773.
9.79237000000000 5614.
9.79251000000000 5511.
9.79230000000000 5642.
9.79237000000000 5643.
9.79237000000000 5565.
9.79237000000000 5506.
9.79238000000000 5579.
9.79237000000000 5534.
9.79237000000000 5715.
9.79216000000000 5514.
9.79237000000000 5672.
9.79237000000000 5651.
9.79237000000000 5617.
9.79237000000000 5519.
9.79232000000000 5514.
9.79237000000000 5581.
9.79237000000000 5444.
9.79237000000000 5593.
9.79237000000000 5686.
9.79230000000000 5519.
9.79246000000000 5503.
9.79237000000000 5460.
9.79232000000000 5536.
9.79237000000000 5545.
9.79267000000000 5509.
9.79237000000000 5681.
9.79237000000000 5573.
9.79237000000000 5537.
9.79237000000000 5663.
9.79251000000000 5615.
9.79237000000000 5648.
9.79237000000000 5604.
9.79237000000000 5559.
9.79237000000000 5350.
9.79237000000000 5489.
9.79237000000000 5634.
9.79237000000000 5586.
9.79237000000000 5551.
9.79237000000000 5728.
9.79251000000000 5624.
9.79230000000000 5740.
9.79237000000000 5382.
9.79237000000000 5437.
9.79237000000000 5591.
9.79244000000000 5466.
9.79237000000000 5541.
9.79237000000000 5455.
9.79251000000000 5432.
9.79237000000000 5596.
9.79237000000000 5628.
9.79237000000000 5624.
9.79237000000000 5463.
9.79237000000000 5575.
9.79230000000000 5570.
9.79232000000000 5670.
9.79237000000000 5631.
9.79237000000000 5395.
9.79237000000000 5684.
9.79237000000000 5474.
9.79237000000000 5577.
9.79237000000000 5568.
9.79237000000000 5499.
9.79237000000000 5544.
9.79251000000000 5591.
9.79230000000000 5420.
9.79237000000000 5559.
9.79244000000000 5763.
9.79232000000000 5532.
9.79237000000000 5675.
9.79251000000000 5616.
9.79237000000000 5596.
9.79237000000000 5482.
9.79237000000000 5663.
9.79251000000000 5629.
9.79251000000000 5505.
9.79237000000000 5522.
9.79251000000000 5487.
9.79237000000000 5595.
9.79232000000000 5619.
9.79237000000000 5480.
9.79237000000000 5680.
9.79244000000000 5530.
9.79237000000000 5574.
9.79247000000000 5640.
9.79237000000000 5522.
9.79237000000000 5750.
9.79237000000000 5772.
9.79237000000000 5496.
9.79232000000000 5777.
9.79267000000000 5613.
9.79237000000000 5481.
9.79237000000000 5543.
9.79230000000000 5399.
9.79267000000000 5535.
9.79251000000000 5606.
9.79237000000000 5747.
9.79237000000000 5789.
9.79244000000000 5426.
9.79237000000000 5708.
9.79237000000000 5495.
9.79237000000000 5732.
9.79237000000000 5456.
9.79232000000000 5485.
9.79251000000000 5610.
9.79260000000000 5630.
9.79237000000000 5649.
9.79237000000000 5509.
9.79237000000000 5766.
9.79244000000000 5551.
9.79232000000000 5702.
9.79237000000000 5552.
9.79232000000000 5551.
9.79244000000000 5579.
9.79237000000000 5576.
9.79230000000000 5580.
9.79237000000000 5493.
9.79237000000000 5533.
9.79244000000000 5555.
9.79237000000000 5608.
9.79237000000000 5782.
9.79237000000000 5572.
9.79237000000000 5642.
9.79251000000000 5523.
9.79251000000000 5448.
9.79237000000000 5436.
9.79277000000000 5512.
9.79232000000000 5441.
9.79230000000000 5718.
9.79237000000000 5622.
9.79267000000000 5588.
9.79237000000000 5509.
9.79237000000000 5616.
9.79237000000000 5508.
9.79251000000000 5544.
9.79237000000000 5587.
9.79232000000000 5706.
9.79232000000000 5684.
9.79251000000000 5534.
9.79237000000000 5614.
9.79232000000000 5601.
9.79251000000000 5325.
9.79237000000000 5607.
9.79232000000000 5599.
9.79237000000000 5621.
9.79267000000000 5546.
9.79237000000000 5521.
9.79237000000000 5600.
9.79232000000000 5683.
9.79237000000000 5389.
9.79252000000000 5567.
9.79237000000000 5478.
9.79237000000000 5570.
9.79237000000000 5617.
9.79237000000000 5629.
9.79237000000000 5519.
9.79237000000000 5557.
9.79237000000000 5593.
9.79251000000000 5522.
9.79237000000000 5632.
9.79237000000000 5533.
9.79237000000000 5538.
9.79237000000000 5550.
9.79237000000000 5588.
9.79251000000000 5519.
9.79237000000000 5463.
9.79251000000000 5534.
9.79232000000000 5554.
9.79237000000000 5796.
9.79237000000000 5565.
9.79237000000000 5774.
9.79237000000000 5592.
9.79237000000000 5666.
9.79232000000000 5668.
9.79251000000000 5518.
9.79237000000000 5552.
9.79237000000000 5456.
9.79237000000000 5572.
9.79254000000000 5552.
9.79237000000000 5457.
9.79237000000000 5522.
9.79237000000000 5485.
9.79237000000000 5669.
9.79237000000000 5596.
9.79232000000000 5560.
9.79237000000000 5473.
9.79237000000000 5598.
9.79237000000000 5317.
9.79237000000000 5516.
9.79251000000000 5582.
9.79237000000000 5430.
9.79232000000000 5504.
9.79237000000000 5407.
9.79237000000000 5432.
9.79237000000000 5541.
9.79232000000000 5544.
9.79237000000000 5497.
9.79237000000000 5529.
9.79237000000000 5608.
9.79237000000000 5659.
9.79237000000000 5648.
9.79237000000000 5610.
9.79237000000000 5505.
9.79237000000000 5564.
9.79237000000000 5635.
9.79237000000000 5535.
9.79237000000000 5482.
9.79237000000000 5566.
9.79237000000000 5523.
9.79244000000000 5501.
9.79237000000000 5539.
9.79237000000000 5462.
9.79237000000000 5544.
9.79251000000000 5615.
9.79237000000000 5404.
9.79237000000000 5640.
9.79237000000000 5578.
9.79237000000000 5682.
9.79237000000000 5630.
9.79237000000000 5617.
9.79237000000000 5580.
9.79237000000000 5555.
9.79237000000000 5509.
9.79237000000000 5582.
9.79237000000000 5550.
9.79251000000000 5559.
9.79237000000000 5568.
9.79251000000000 5496.
9.79251000000000 5552.
9.79254000000000 5532.
9.79237000000000 5616.
9.79251000000000 5481.
9.79237000000000 5686.
9.79237000000000 5604.
9.79237000000000 5579.
9.79237000000000 5571.
9.79237000000000 5655.
9.79237000000000 5713.
9.79237000000000 5634.
9.79232000000000 5525.
9.79267000000000 5528.
9.79251000000000 5548.
9.79237000000000 5568.
9.79244000000000 5591.
9.79237000000000 5659.
9.79237000000000 5557.
9.79230000000000 5556.
9.79237000000000 5439.
9.79237000000000 5626.
9.79237000000000 5558.
9.79237000000000 5714.
9.79237000000000 5532.
9.79237000000000 5559.
9.79237000000000 5525.
9.79267000000000 5505.
9.79251000000000 5538.
9.79237000000000 5695.
9.79254000000000 5683.
9.79237000000000 5656.
9.79237000000000 5516.
9.79230000000000 5523.
9.79237000000000 5448.
9.79260000000000 5592.
9.79251000000000 5632.
9.79232000000000 5487.
