9.79255000000000 3876.
9.79254000000000 3833.
9.79245000000000 3825.
9.79254000000000 3927.
9.79242000000000 3781.
9.79255000000000 3817.
9.79243000000000 3851.
9.79254000000000 3839.
9.79254000000000 3693.
9.79250000000000 3998.
9.79241000000000 3914.
9.79254000000000 3922.
9.79254000000000 3850.
9.79254000000000 3773.
9.79248000000000 3840.
9.79254000000000 3881.
9.79234000000000 3818.
9.79254000000000 3849.
9.79255000000000 3758.
9.79254000000000 3685.
9.79255000000000 3787.
9.79254000000000 3941.
9.79254000000000 3870.
9.79254000000000 3942.
9.79254000000000 3750.
9.79254000000000 3900.
9.79254000000000 3897.
9.79254000000000 3780.
9.79254000000000 3846.
9.79254000000000 3901.
9.79242000000000 3748.
9.79254000000000 3746.
9.79254000000000 3784.
9.79254000000000 3797.
9.79255000000000 3802.
9.79254000000000 3851.
9.79254000000000 3815.
9.79254000000000 3991.
9.79254000000000 3805.
9.79254000000000 3888.
9.79254000000000 3880.
9.79254000000000 3884.
9.79255000000000 3833.
9.79245000000000 3858.
9.79254000000000 3916.
9.79255000000000 3814.
9.79254000000000 3740.
9.79254000000000 3771.
9.79254000000000 3755.
9.79254000000000 3824.
9.79237000000000 3738.
9.79248000000000 3914.
9.79254000000000 3730.
9.79254000000000 3790.
9.79254000000000 3811.
9.79254000000000 3956.
9.79254000000000 3858.
9.79254000000000 3860.
9.79254000000000 3758.
9.79254000000000 3828.
9.79248000000000 3867.
9.79254000000000 3833.
9.79248000000000 3828.
9.79254000000000 3761.
9.79255000000000 3896.
9.79254000000000 3858.
9.79254000000000 3766.
9.79254000000000 3911.
9.79241000000000 3882.
9.79255000000000 3913.
9.79254000000000 3791.
9.79254000000000 3840.
9.79254000000000 3990.
9.79254000000000 3951.
9.79243000000000 3790.
9.79254000000000 3811.
9.79261000000000 3951.
9.79245000000000 3956.
9.79254000000000 3838.
9.79255000000000 3780.
9.79254000000000 3943.
9.79254000000000 3664.
9.79250000000000 3739.
9.79254000000000 3930.
9.79254000000000 3902.
9.79245000000000 3996.
9.79247000000000 3858.
9.79254000000000 3951.
9.79255000000000 3741.
9.79252000000000 3809.
9.79254000000000 3840.
9.79254000000000 3884.
9.79254000000000 3814.
9.79254000000000 3895.
9.79255000000000 3761.
9.79254000000000 3870.
9.79254000000000 3870.
9.79254000000000 3726.
9.79254000000000 3870.
9.79255000000000 3835.
9.79255000000000 3688.
9.79254000000000 3754.
9.79255000000000 3856.
9.79254000000000 3876.
9.79237000000000 3804.
9.79254000000000 3893.
9.79245000000000 3776.
9.79254000000000 3789.
9.79250000000000 3814.
9.79254000000000 3914.
9.79245000000000 3807.
9.79254000000000 3872.
9.79255000000000 3797.
9.79254000000000 3832.
9.79254000000000 3863.
9.79245000000000 3828.
9.79255000000000 3754.
9.79245000000000 3772.
9.79245000000000 3901.
9.79254000000000 3750.
9.79254000000000 3705.
9.79254000000000 3840.
9.79254000000000 3893.
9.79234000000000 3889.
9.79254000000000 3918.
9.79254000000000 3811.
9.79255000000000 3717.
9.79254000000000 3835.
9.79254000000000 3793.
9.79254000000000 3685.
9.79255000000000 3674.
9.79254000000000 3793.
9.79254000000000 3727.
9.79254000000000 3795.
9.79254000000000 3920.
9.79254000000000 3887.
9.79254000000000 3766.
9.79254000000000 3891.
9.79254000000000 3743.
9.79254000000000 3996.
9.79254000000000 3807.
9.79257000000000 3908.
9.79254000000000 3808.
9.79254000000000 3872.
9.79241000000000 3843.
9.79254000000000 3884.
9.79254000000000 3834.
9.79250000000000 3754.
9.79245000000000 3790.
9.79243000000000 3661.
9.79248000000000 3770.
9.79254000000000 3836.
9.79254000000000 3836.
9.79254000000000 3877.
9.79254000000000 3873.
9.79245000000000 3811.
9.79254000000000 3683.
9.79254000000000 3933.
9.79254000000000 3694.
9.79254000000000 3835.
9.79254000000000 3821.
9.79254000000000 3856.
9.79254000000000 4030.
9.79254000000000 3778.
9.79247000000000 3940.
9.79255000000000 3767.
9.79247000000000 3903.
9.79254000000000 3752.
9.79254000000000 3825.
9.79243000000000 3752.
9.79254000000000 3806.
9.79248000000000 3930.
9.79248000000000 3807.
9.79254000000000 3915.
9.79254000000000 3818.
9.79254000000000 3806.
9.79245000000000 3817.
9.79254000000000 3780.
9.79255000000000 3750.
9.79248000000000 3837.
9.79254000000000 3893.
9.79255000000000 3792.
9.79255000000000 3845.
9.79245000000000 3720.
9.79254000000000 3794.
9.79255000000000 3910.
9.79254000000000 3852.
9.79254000000000 3815.
9.79245000000000 3830.
9.79248000000000 3888.
9.79254000000000 3777.
9.79255000000000 3888.
9.79254000000000 3651.
9.79254000000000 3630.
9.79254000000000 3908.
9.79254000000000 3752.
9.79254000000000 3918.
9.79254000000000 4036.
9.79254000000000 3901.
9.79245000000000 3836.
9.79245000000000 3782.
9.79255000000000 3750.
9.79254000000000 3889.
9.79254000000000 3833.
9.79254000000000 3811.
9.79254000000000 3849.
9.79247000000000 3861.
9.79254000000000 3854.
9.79255000000000 3812.
9.79254000000000 3798.
9.79242000000000 3809.
9.79254000000000 3845.
9.79254000000000 3846.
9.79255000000000 3823.
9.79254000000000 3821.
9.79247000000000 3855.
9.79255000000000 3779.
9.79254000000000 3818.
9.79247000000000 3773.
9.79254000000000 3751.
9.79254000000000 3722.
9.79234000000000 3808.
9.79237000000000 3886.
9.79254000000000 3820.
9.79254000000000 3786.
9.79254000000000 3778.
9.79254000000000 3982.
9.79255000000000 3924.
9.79254000000000 3922.
9.79254000000000 3845.
9.79255000000000 3792.
9.79245000000000 3752.
9.79254000000000 3919.
9.79254000000000 3962.
9.79245000000000 3798.
9.79254000000000 3844.
9.79247000000000 3806.
9.79246000000000 3733.
9.79254000000000 3893.
9.79241000000000 3810.
9.79234000000000 3858.
9.79254000000000 3817.
9.79254000000000 3821.
9.79254000000000 3899.
9.79254000000000 3837.
9.79255000000000 3772.
9.79242000000000 3864.
9.79242000000000 3767.
9.79254000000000 3768.
9.79254000000000 3859.
9.79254000000000 3768.
9.79254000000000 3905.
9.79254000000000 3771.
9.79254000000000 3936.
9.79254000000000 3789.
9.79254000000000 3785.
9.79255000000000 3755.
9.79254000000000 3798.
9.79248000000000 3788.
9.79254000000000 3747.
9.79247000000000 3941.
9.79255000000000 3804.
9.79237000000000 3688.
9.79255000000000 3796.
9.79255000000000 3854.
9.79254000000000 3952.
9.79255000000000 3865.
9.79254000000000 3903.
9.79254000000000 3731.
9.79254000000000 3772.
9.79254000000000 3722.
9.79254000000000 3892.
9.79255000000000 3846.
9.79254000000000 3885.
9.79254000000000 3853.
9.79254000000000 3690.
9.79254000000000 3729.
9.79254000000000 3838.
9.79254000000000 3843.
9.79254000000000 3829.
9.79254000000000 3928.
9.79254000000000 3699.
9.79234000000000 3857.
9.79254000000000 3853.
9.79254000000000 3738.
9.79254000000000 3891.
9.79255000000000 3818.
9.79254000000000 3834.
9.79257000000000 3917.
9.79248000000000 3810.
9.79248000000000 3998.
9.79254000000000 3781.
9.79254000000000 3766.
9.79254000000000 3872.
9.79242000000000 3928.
9.79254000000000 3850.
9.79254000000000 3868.
9.79254000000000 3854.
9.79254000000000 3921.
9.79255000000000 3739.
9.79254000000000 4046.
9.79245000000000 3915.
9.79248000000000 3750.
9.79241000000000 3790.
9.79241000000000 3848.
9.79254000000000 3943.
9.79242000000000 3889.
9.79245000000000 3780.
9.79254000000000 3695.
9.79254000000000 3776.
9.79243000000000 3850.
9.79255000000000 3822.
9.79254000000000 3947.
9.79254000000000 3813.
9.79254000000000 3944.
9.79239000000000 3812.
9.79254000000000 3871.
9.79255000000000 3836.
9.79248000000000 3854.
9.79254000000000 3887.
9.79254000000000 3924.
9.79245000000000 3756.
9.79254000000000 3768.
9.79254000000000 3771.
9.79245000000000 3872.
9.79254000000000 3942.
9.79254000000000 3728.
9.79247000000000 3905.
9.79254000000000 3838.
9.79254000000000 3726.
9.79254000000000 3820.
9.79254000000000 3831.
9.79254000000000 3862.
9.79254000000000 3838.
9.79245000000000 3814.
9.79245000000000 3790.
9.79254000000000 3926.
9.79254000000000 3865.
9.79254000000000 3749.
9.79254000000000 3729.
9.79254000000000 3809.
9.79254000000000 3928.
9.79254000000000 3902.
9.79245000000000 3721.
9.79254000000000 3927.
9.79254000000000 3719.
9.79255000000000 3776.
9.79254000000000 3934.
9.79255000000000 3788.
9.79254000000000 3982.
9.79254000000000 3913.
9.79254000000000 3812.
9.79255000000000 3714.
9.79254000000000 3823.
9.79254000000000 3893.
9.79243000000000 3980.
9.79254000000000 3778.
9.79248000000000 3967.
9.79254000000000 3853.
9.79254000000000 3917.
9.79254000000000 4020.
9.79254000000000 3937.
9.79255000000000 3819.
9.79241000000000 3799.
9.79245000000000 3815.
9.79254000000000 3797.
9.79248000000000 3774.
9.79254000000000 3891.
9.79254000000000 3667.
9.79254000000000 3802.
9.79254000000000 3922.
9.79254000000000 3895.
9.79241000000000 3926.
9.79254000000000 3737.
9.79254000000000 3890.
9.79254000000000 3771.
9.79254000000000 3885.
9.79254000000000 3903.
9.79237000000000 3791.
9.79254000000000 3890.
9.79254000000000 3830.
9.79254000000000 3737.
9.79254000000000 3794.
9.79254000000000 3723.
9.79254000000000 3914.
9.79234000000000 3772.
9.79245000000000 3801.
9.79254000000000 3756.
9.79254000000000 3916.
9.79254000000000 3748.
9.79245000000000 3810.
9.79254000000000 3818.
9.79254000000000 3870.
9.79254000000000 3765.
9.79254000000000 3876.
9.79245000000000 3927.
9.79254000000000 3724.
9.79254000000000 3876.
9.79254000000000 3680.
9.79254000000000 3843.
9.79254000000000 3751.
9.79245000000000 3801.
9.79254000000000 3777.
9.79254000000000 3870.
9.79254000000000 3825.
9.79255000000000 3827.
9.79254000000000 3914.
9.79252000000000 3804.
9.79254000000000 3795.
9.79245000000000 3655.
9.79254000000000 3804.
9.79254000000000 3756.
9.79254000000000 3800.
9.79254000000000 3839.
9.79254000000000 3774.
9.79245000000000 3761.
9.79254000000000 3779.
9.79248000000000 3888.
9.79254000000000 3795.
9.79254000000000 3749.
9.79254000000000 3746.
9.79254000000000 3808.
9.79254000000000 4024.
9.79255000000000 3923.
9.79254000000000 3897.
9.79254000000000 3879.
9.79254000000000 3818.
9.79254000000000 3766.
9.79254000000000 3844.
9.79255000000000 3755.
9.79255000000000 3871.
9.79254000000000 3820.
9.79248000000000 3810.
9.79254000000000 3867.
9.79255000000000 3846.
9.79248000000000 3806.
9.79254000000000 3883.
9.79254000000000 3772.
9.79255000000000 3791.
9.79255000000000 3853.
9.79254000000000 3668.
9.79254000000000 3894.
9.79245000000000 3750.
9.79254000000000 3888.
9.79254000000000 3741.
9.79241000000000 3698.
9.79250000000000 3682.
9.79254000000000 3903.
9.79255000000000 3857.
9.79254000000000 3810.
9.79254000000000 3874.
9.79247000000000 3905.
9.79254000000000 3812.
9.79252000000000 3918.
9.79254000000000 3726.
9.79245000000000 3839.
9.79255000000000 3926.
9.79245000000000 3869.
9.79254000000000 3756.
9.79254000000000 3880.
9.79254000000000 3723.
9.79254000000000 3827.
9.79254000000000 3935.
9.79234000000000 3824.
9.79245000000000 3876.
9.79254000000000 3771.
9.79255000000000 3766.
9.79254000000000 3783.
9.79254000000000 3932.
9.79254000000000 3745.
9.79245000000000 3867.
9.79254000000000 3726.
9.79245000000000 3792.
9.79234000000000 3727.
9.79254000000000 3755.
9.79255000000000 3876.
9.79254000000000 3896.
9.79248000000000 3926.
9.79254000000000 3749.
9.79242000000000 3808.
9.79254000000000 3827.
9.79254000000000 3741.
9.79255000000000 3794.
9.79248000000000 3784.
9.79245000000000 3957.
9.79254000000000 3987.
9.79254000000000 3723.
9.79254000000000 3902.
9.79254000000000 3771.
9.79254000000000 3676.
9.79254000000000 3940.
9.79254000000000 3891.
9.79254000000000 3840.
9.79254000000000 3814.
9.79254000000000 3675.
9.79254000000000 3990.
9.79254000000000 3766.
9.79254000000000 3742.
9.79254000000000 3843.
9.79255000000000 3846.
