9.79254000000000 3621.
9.79244000000000 3672.
9.79244000000000 3726.
9.79254000000000 3811.
9.79254000000000 3652.
9.79244000000000 3624.
9.79251000000000 3600.
9.79251000000000 3649.
9.79254000000000 3629.
9.79251000000000 3662.
9.79251000000000 3686.
9.79244000000000 3598.
9.79244000000000 3712.
9.79244000000000 3650.
9.79244000000000 3758.
9.79254000000000 3733.
9.79251000000000 3677.
9.79254000000000 3749.
9.79257000000000 3658.
9.79254000000000 3651.
9.79251000000000 3640.
9.79255000000000 3664.
9.79244000000000 3639.
9.79251000000000 3750.
9.79244000000000 3639.
9.79244000000000 3639.
9.79261000000000 3631.
9.79251000000000 3773.
9.79254000000000 3725.
9.79251000000000 3750.
9.79251000000000 3796.
9.79244000000000 3578.
9.79244000000000 3743.
9.79251000000000 3812.
9.79251000000000 3707.
9.79254000000000 3640.
9.79251000000000 3711.
9.79251000000000 3786.
9.79254000000000 3731.
9.79237000000000 3699.
9.79244000000000 3739.
9.79251000000000 3713.
9.79251000000000 3681.
9.79244000000000 3647.
9.79254000000000 3730.
9.79251000000000 3663.
9.79244000000000 3760.
9.79254000000000 3731.
9.79244000000000 3659.
9.79254000000000 3635.
9.79244000000000 3743.
9.79251000000000 3732.
9.79254000000000 3814.
9.79251000000000 3589.
9.79251000000000 3632.
9.79254000000000 3596.
9.79251000000000 3660.
9.79251000000000 3643.
9.79254000000000 3798.
9.79244000000000 3562.
9.79244000000000 3708.
9.79251000000000 3706.
9.79254000000000 3687.
9.79248000000000 3649.
9.79251000000000 3830.
9.79254000000000 3741.
9.79251000000000 3768.
9.79251000000000 3640.
9.79254000000000 3756.
9.79244000000000 3727.
9.79244000000000 3829.
9.79254000000000 3718.
9.79251000000000 3570.
9.79254000000000 3705.
9.79251000000000 3672.
9.79244000000000 3693.
9.79244000000000 3656.
9.79251000000000 3732.
9.79261000000000 3684.
9.79251000000000 3723.
9.79257000000000 3547.
9.79254000000000 3704.
9.79254000000000 3698.
9.79251000000000 3695.
9.79244000000000 3642.
9.79244000000000 3798.
9.79251000000000 3692.
9.79244000000000 3776.
9.79244000000000 3723.
9.79251000000000 3690.
9.79244000000000 3699.
9.79251000000000 3658.
9.79244000000000 3754.
9.79244000000000 3657.
9.79257000000000 3748.
9.79244000000000 3634.
9.79244000000000 3596.
9.79244000000000 3832.
9.79255000000000 3637.
9.79244000000000 3704.
9.79244000000000 3800.
9.79257000000000 3699.
9.79254000000000 3756.
9.79244000000000 3579.
9.79254000000000 3676.
9.79251000000000 3684.
9.79244000000000 3703.
9.79251000000000 3845.
9.79251000000000 3770.
9.79251000000000 3689.
9.79258000000000 3742.
9.79254000000000 3736.
9.79251000000000 3822.
9.79244000000000 3719.
9.79251000000000 3661.
9.79244000000000 3611.
9.79251000000000 3773.
9.79244000000000 3812.
9.79254000000000 3670.
9.79255000000000 3586.
9.79254000000000 3737.
9.79244000000000 3629.
9.79244000000000 3876.
9.79251000000000 3751.
9.79251000000000 3611.
9.79254000000000 3669.
9.79244000000000 3684.
9.79244000000000 3608.
9.79251000000000 3736.
9.79244000000000 3641.
9.79260000000000 3680.
9.79254000000000 3654.
9.79251000000000 3788.
9.79251000000000 3604.
9.79251000000000 3686.
9.79251000000000 3753.
9.79244000000000 3706.
9.79254000000000 3744.
9.79251000000000 3657.
9.79251000000000 3816.
9.79254000000000 3744.
9.79254000000000 3641.
9.79254000000000 3567.
9.79244000000000 3721.
9.79251000000000 3766.
9.79244000000000 3591.
9.79254000000000 3794.
9.79251000000000 3696.
9.79244000000000 3739.
9.79254000000000 3747.
9.79251000000000 3686.
9.79244000000000 3772.
9.79254000000000 3560.
9.79254000000000 3766.
9.79251000000000 3705.
9.79254000000000 3696.
9.79251000000000 3643.
9.79244000000000 3693.
9.79251000000000 3708.
9.79254000000000 3649.
9.79242000000000 3584.
9.79251000000000 3730.
9.79251000000000 3728.
9.79244000000000 3725.
9.79244000000000 3663.
9.79254000000000 3705.
9.79254000000000 3740.
9.79237000000000 3612.
9.79254000000000 3781.
9.79244000000000 3676.
9.79244000000000 3557.
9.79244000000000 3693.
9.79254000000000 3674.
9.79244000000000 3790.
9.79249000000000 3659.
9.79244000000000 3742.
9.79244000000000 3637.
9.79251000000000 3726.
9.79251000000000 3678.
9.79254000000000 3739.
9.79254000000000 3787.
9.79254000000000 3805.
9.79244000000000 3773.
9.79251000000000 3776.
9.79254000000000 3775.
9.79244000000000 3709.
9.79254000000000 3609.
9.79244000000000 3775.
9.79254000000000 3783.
9.79251000000000 3665.
9.79254000000000 3603.
9.79251000000000 3814.
9.79244000000000 3524.
9.79244000000000 3536.
9.79244000000000 3705.
9.79244000000000 3760.
9.79257000000000 3606.
9.79251000000000 3827.
9.79244000000000 3654.
9.79244000000000 3697.
9.79254000000000 3808.
9.79254000000000 3741.
9.79251000000000 3748.
9.79244000000000 3748.
9.79254000000000 3738.
9.79255000000000 3676.
9.79244000000000 3651.
9.79254000000000 3636.
9.79244000000000 3867.
9.79244000000000 3721.
9.79251000000000 3648.
9.79254000000000 3689.
9.79254000000000 3710.
9.79251000000000 3591.
9.79251000000000 3658.
9.79244000000000 3790.
9.79251000000000 3736.
9.79251000000000 3698.
9.79244000000000 3633.
9.79261000000000 3656.
9.79244000000000 3729.
9.79254000000000 3629.
9.79254000000000 3704.
9.79244000000000 3680.
9.79254000000000 3618.
9.79251000000000 3641.
9.79244000000000 3586.
9.79251000000000 3770.
9.79251000000000 3723.
9.79251000000000 3506.
9.79254000000000 3838.
9.79261000000000 3662.
9.79244000000000 3596.
9.79251000000000 3663.
9.79254000000000 3643.
9.79251000000000 3717.
9.79254000000000 3813.
9.79237000000000 3754.
9.79246000000000 3682.
9.79251000000000 3643.
9.79251000000000 3789.
9.79257000000000 3702.
9.79257000000000 3577.
9.79254000000000 3638.
9.79251000000000 3672.
9.79254000000000 3679.
9.79260000000000 3765.
9.79254000000000 3661.
9.79237000000000 3686.
9.79244000000000 3658.
9.79255000000000 3710.
9.79254000000000 3745.
9.79254000000000 3689.
9.79251000000000 3676.
9.79254000000000 3648.
9.79244000000000 3599.
9.79244000000000 3692.
9.79255000000000 3754.
9.79244000000000 3863.
9.79251000000000 3814.
9.79244000000000 3650.
9.79254000000000 3695.
9.79251000000000 3803.
9.79254000000000 3649.
9.79254000000000 3728.
9.79237000000000 3639.
9.79254000000000 3684.
9.79251000000000 3712.
9.79244000000000 3795.
9.79254000000000 3693.
9.79251000000000 3692.
9.79244000000000 3560.
9.79254000000000 3673.
9.79244000000000 3612.
9.79254000000000 3779.
9.79244000000000 3642.
9.79244000000000 3787.
9.79254000000000 3633.
9.79254000000000 3741.
9.79251000000000 3616.
9.79254000000000 3766.
9.79249000000000 3703.
9.79254000000000 3640.
9.79254000000000 3675.
9.79254000000000 3706.
9.79254000000000 3806.
9.79254000000000 3703.
9.79251000000000 3761.
9.79254000000000 3730.
9.79251000000000 3731.
9.79254000000000 3735.
9.79244000000000 3659.
9.79251000000000 3775.
9.79251000000000 3714.
9.79254000000000 3781.
9.79254000000000 3674.
9.79251000000000 3658.
9.79254000000000 3774.
9.79244000000000 3755.
9.79251000000000 3728.
9.79244000000000 3844.
9.79244000000000 3809.
9.79251000000000 3860.
9.79251000000000 3702.
9.79244000000000 3776.
9.79244000000000 3771.
9.79257000000000 3787.
9.79244000000000 3738.
9.79251000000000 3832.
9.79254000000000 3705.
9.79261000000000 3661.
9.79254000000000 3848.
9.79251000000000 3656.
9.79244000000000 3720.
9.79254000000000 3594.
9.79251000000000 3777.
9.79251000000000 3618.
9.79251000000000 3573.
9.79254000000000 3677.
9.79254000000000 3703.
9.79244000000000 3627.
9.79251000000000 3539.
9.79244000000000 3640.
9.79237000000000 3627.
9.79251000000000 3811.
9.79254000000000 3707.
9.79251000000000 3753.
9.79244000000000 3661.
9.79244000000000 3554.
9.79254000000000 3646.
9.79244000000000 3799.
9.79254000000000 3758.
9.79254000000000 3689.
9.79244000000000 3728.
9.79251000000000 3508.
9.79244000000000 3657.
9.79254000000000 3714.
9.79257000000000 3680.
9.79254000000000 3658.
9.79251000000000 3857.
9.79251000000000 3716.
9.79254000000000 3754.
9.79244000000000 3725.
9.79251000000000 3748.
9.79251000000000 3683.
9.79254000000000 3772.
9.79251000000000 3533.
9.79244000000000 3757.
9.79244000000000 3750.
9.79251000000000 3759.
9.79244000000000 3693.
9.79254000000000 3550.
9.79237000000000 3741.
9.79254000000000 3827.
9.79254000000000 3798.
9.79244000000000 3730.
9.79254000000000 3630.
9.79257000000000 3624.
9.79254000000000 3679.
9.79244000000000 3714.
9.79251000000000 3744.
9.79254000000000 3776.
9.79251000000000 3780.
9.79251000000000 3798.
9.79251000000000 3679.
9.79254000000000 3624.
9.79251000000000 3715.
9.79244000000000 3709.
9.79244000000000 3713.
9.79253000000000 3791.
9.79237000000000 3606.
9.79254000000000 3732.
9.79251000000000 3726.
9.79244000000000 3739.
9.79251000000000 3721.
9.79255000000000 3765.
9.79244000000000 3604.
9.79244000000000 3744.
9.79254000000000 3675.
9.79237000000000 3579.
9.79244000000000 3644.
9.79244000000000 3852.
9.79244000000000 3699.
9.79261000000000 3737.
9.79244000000000 3821.
9.79254000000000 3714.
9.79244000000000 3664.
9.79254000000000 3741.
9.79254000000000 3752.
9.79244000000000 3617.
9.79251000000000 3759.
9.79261000000000 3748.
9.79251000000000 3595.
9.79254000000000 3783.
9.79251000000000 3674.
9.79254000000000 3618.
9.79251000000000 3895.
9.79255000000000 3743.
9.79251000000000 3732.
9.79244000000000 3568.
9.79251000000000 3744.
9.79244000000000 3645.
9.79254000000000 3781.
9.79254000000000 3718.
9.79237000000000 3722.
9.79244000000000 3675.
9.79261000000000 3706.
9.79251000000000 3654.
9.79251000000000 3714.
9.79257000000000 3627.
9.79244000000000 3772.
9.79251000000000 3648.
9.79260000000000 3627.
9.79242000000000 3682.
9.79255000000000 3659.
9.79254000000000 3682.
9.79254000000000 3666.
9.79251000000000 3835.
9.79254000000000 3683.
9.79254000000000 3741.
9.79251000000000 3826.
9.79251000000000 3920.
9.79244000000000 3628.
9.79255000000000 3658.
9.79254000000000 3702.
9.79251000000000 3695.
9.79258000000000 3607.
9.79254000000000 3895.
9.79257000000000 3666.
9.79244000000000 3668.
9.79251000000000 3642.
9.79254000000000 3726.
9.79254000000000 3705.
9.79251000000000 3687.
9.79251000000000 3667.
9.79254000000000 3675.
9.79244000000000 3751.
9.79251000000000 3746.
9.79244000000000 3601.
9.79254000000000 3753.
9.79254000000000 3828.
9.79254000000000 3752.
9.79244000000000 3809.
9.79254000000000 3780.
9.79251000000000 3727.
9.79254000000000 3721.
9.79251000000000 3677.
9.79254000000000 3714.
9.79251000000000 3642.
9.79244000000000 3850.
9.79254000000000 3721.
9.79244000000000 3774.
9.79251000000000 3761.
9.79251000000000 3711.
9.79251000000000 3706.
9.79257000000000 3631.
9.79251000000000 3731.
9.79254000000000 3666.
9.79244000000000 3818.
9.79244000000000 3775.
9.79251000000000 3697.
9.79244000000000 3644.
9.79254000000000 3705.
9.79254000000000 3711.
9.79254000000000 3744.
9.79244000000000 3777.
9.79254000000000 3800.
9.79251000000000 3617.
9.79254000000000 3782.
9.79251000000000 3727.
9.79251000000000 3676.
9.79244000000000 3655.
9.79251000000000 3643.
9.79244000000000 3562.
9.79251000000000 3719.
9.79244000000000 3627.
9.79251000000000 3748.
9.79244000000000 3735.
9.79251000000000 3748.
9.79254000000000 3724.
9.79251000000000 3687.
9.79254000000000 3728.
9.79254000000000 3740.
9.79244000000000 3745.
9.79251000000000 3626.
9.79244000000000 3631.
9.79254000000000 3649.
9.79251000000000 3532.
9.79251000000000 3850.
9.79260000000000 3783.
9.79244000000000 3629.
9.79251000000000 3629.
9.79244000000000 3764.
9.79254000000000 3641.
9.79254000000000 3800.
9.79244000000000 3719.
9.79251000000000 3705.
9.79254000000000 3753.
9.79251000000000 3780.
9.79254000000000 3646.
