9.79247000000000 2399.
9.79247000000000 2201.
9.79247000000000 2332.
9.79254000000000 2364.
9.79247000000000 2355.
9.79247000000000 2291.
9.79262000000000 2415.
9.79247000000000 2442.
9.79247000000000 2427.
9.79248000000000 2362.
9.79247000000000 2298.
9.79247000000000 2351.
9.79247000000000 2246.
9.79247000000000 2296.
9.79247000000000 2353.
9.79247000000000 2372.
9.79248000000000 2441.
9.79247000000000 2331.
9.79257000000000 2370.
9.79248000000000 2354.
9.79251000000000 2301.
9.79247000000000 2312.
9.79247000000000 2313.
9.79247000000000 2332.
9.79248000000000 2251.
9.79253000000000 2388.
9.79251000000000 2353.
9.79247000000000 2336.
9.79247000000000 2313.
9.79247000000000 2313.
9.79247000000000 2283.
9.79247000000000 2357.
9.79247000000000 2425.
9.79247000000000 2306.
9.79247000000000 2289.
9.79247000000000 2289.
9.79247000000000 2367.
9.79247000000000 2332.
9.79247000000000 2330.
9.79247000000000 2345.
9.79247000000000 2498.
9.79247000000000 2320.
9.79248000000000 2349.
9.79247000000000 2382.
9.79248000000000 2301.
9.79247000000000 2337.
9.79247000000000 2197.
9.79247000000000 2341.
9.79247000000000 2275.
9.79247000000000 2331.
9.79247000000000 2303.
9.79254000000000 2278.
9.79247000000000 2391.
9.79247000000000 2304.
9.79247000000000 2349.
9.79248000000000 2379.
9.79254000000000 2316.
9.79257000000000 2352.
9.79247000000000 2294.
9.79261000000000 2400.
9.79254000000000 2300.
9.79254000000000 2343.
9.79247000000000 2378.
9.79251000000000 2346.
9.79247000000000 2430.
9.79247000000000 2372.
9.79254000000000 2314.
9.79248000000000 2271.
9.79247000000000 2367.
9.79248000000000 2414.
9.79247000000000 2421.
9.79247000000000 2372.
9.79247000000000 2295.
9.79247000000000 2380.
9.79254000000000 2291.
9.79247000000000 2333.
9.79261000000000 2274.
9.79247000000000 2354.
9.79247000000000 2361.
9.79247000000000 2367.
9.79248000000000 2303.
9.79248000000000 2349.
9.79247000000000 2338.
9.79247000000000 2412.
9.79247000000000 2345.
9.79247000000000 2342.
9.79248000000000 2253.
9.79251000000000 2323.
9.79247000000000 2323.
9.79247000000000 2428.
9.79254000000000 2258.
9.79247000000000 2320.
9.79247000000000 2313.
9.79247000000000 2388.
9.79247000000000 2373.
9.79248000000000 2330.
9.79247000000000 2369.
9.79241000000000 2324.
9.79248000000000 2275.
9.79247000000000 2320.
9.79247000000000 2344.
9.79247000000000 2396.
9.79248000000000 2266.
9.79248000000000 2353.
9.79248000000000 2349.
9.79248000000000 2425.
9.79254000000000 2358.
9.79247000000000 2271.
9.79248000000000 2349.
9.79247000000000 2407.
9.79248000000000 2327.
9.79254000000000 2414.
9.79247000000000 2390.
9.79254000000000 2352.
9.79247000000000 2358.
9.79248000000000 2279.
9.79247000000000 2397.
9.79247000000000 2429.
9.79247000000000 2378.
9.79247000000000 2399.
9.79248000000000 2299.
9.79254000000000 2326.
9.79247000000000 2340.
9.79247000000000 2339.
9.79247000000000 2325.
9.79251000000000 2276.
9.79253000000000 2306.
9.79247000000000 2372.
9.79253000000000 2391.
9.79253000000000 2302.
9.79247000000000 2339.
9.79248000000000 2320.
9.79261000000000 2295.
9.79247000000000 2332.
9.79247000000000 2285.
9.79247000000000 2276.
9.79257000000000 2267.
9.79254000000000 2394.
9.79247000000000 2331.
9.79247000000000 2389.
9.79247000000000 2350.
9.79248000000000 2301.
9.79247000000000 2413.
9.79247000000000 2295.
9.79247000000000 2328.
9.79247000000000 2329.
9.79247000000000 2382.
9.79247000000000 2438.
9.79247000000000 2307.
9.79247000000000 2361.
9.79247000000000 2338.
9.79248000000000 2361.
9.79248000000000 2251.
9.79254000000000 2206.
9.79247000000000 2320.
9.79247000000000 2335.
9.79261000000000 2360.
9.79248000000000 2317.
9.79247000000000 2276.
9.79247000000000 2375.
9.79253000000000 2382.
9.79248000000000 2384.
9.79247000000000 2393.
9.79248000000000 2350.
9.79254000000000 2333.
9.79247000000000 2315.
9.79248000000000 2301.
9.79247000000000 2452.
9.79247000000000 2332.
9.79247000000000 2359.
9.79261000000000 2360.
9.79247000000000 2356.
9.79247000000000 2385.
9.79248000000000 2313.
9.79248000000000 2384.
9.79247000000000 2377.
9.79247000000000 2348.
9.79248000000000 2308.
9.79254000000000 2305.
9.79247000000000 2399.
9.79247000000000 2304.
9.79247000000000 2312.
9.79247000000000 2301.
9.79247000000000 2314.
9.79257000000000 2302.
9.79257000000000 2347.
9.79247000000000 2336.
9.79254000000000 2309.
9.79247000000000 2357.
9.79247000000000 2324.
9.79247000000000 2295.
9.79248000000000 2373.
9.79247000000000 2379.
9.79247000000000 2364.
9.79251000000000 2266.
9.79247000000000 2341.
9.79251000000000 2183.
9.79247000000000 2330.
9.79248000000000 2338.
9.79251000000000 2337.
9.79247000000000 2347.
9.79257000000000 2379.
9.79253000000000 2274.
9.79253000000000 2342.
9.79248000000000 2408.
9.79247000000000 2344.
9.79247000000000 2380.
9.79247000000000 2328.
9.79247000000000 2297.
9.79247000000000 2397.
9.79247000000000 2348.
9.79247000000000 2374.
9.79248000000000 2315.
9.79247000000000 2346.
9.79248000000000 2297.
9.79247000000000 2342.
9.79248000000000 2441.
9.79247000000000 2260.
9.79247000000000 2409.
9.79248000000000 2441.
9.79254000000000 2312.
9.79247000000000 2334.
9.79247000000000 2299.
9.79247000000000 2309.
9.79247000000000 2276.
9.79251000000000 2465.
9.79247000000000 2318.
9.79247000000000 2328.
9.79247000000000 2280.
9.79247000000000 2286.
9.79247000000000 2398.
9.79247000000000 2359.
9.79247000000000 2328.
9.79247000000000 2365.
9.79247000000000 2313.
9.79247000000000 2389.
9.79247000000000 2332.
9.79253000000000 2359.
9.79247000000000 2387.
9.79254000000000 2354.
9.79247000000000 2321.
9.79251000000000 2364.
9.79254000000000 2360.
9.79247000000000 2323.
9.79247000000000 2344.
9.79251000000000 2346.
9.79247000000000 2356.
9.79247000000000 2306.
9.79247000000000 2370.
9.79262000000000 2276.
9.79247000000000 2305.
9.79247000000000 2395.
9.79247000000000 2340.
9.79247000000000 2307.
9.79254000000000 2402.
9.79247000000000 2373.
9.79247000000000 2313.
9.79247000000000 2241.
9.79247000000000 2318.
9.79247000000000 2342.
9.79247000000000 2392.
9.79248000000000 2383.
9.79247000000000 2336.
9.79247000000000 2420.
9.79247000000000 2369.
9.79247000000000 2380.
9.79248000000000 2343.
9.79253000000000 2343.
9.79248000000000 2309.
9.79247000000000 2274.
9.79253000000000 2329.
9.79253000000000 2367.
9.79247000000000 2361.
9.79247000000000 2399.
9.79257000000000 2347.
9.79254000000000 2329.
9.79247000000000 2301.
9.79247000000000 2295.
9.79247000000000 2330.
9.79247000000000 2333.
9.79241000000000 2320.
9.79247000000000 2336.
9.79248000000000 2368.
9.79247000000000 2318.
9.79247000000000 2374.
9.79247000000000 2333.
9.79248000000000 2382.
9.79247000000000 2418.
9.79247000000000 2397.
9.79254000000000 2325.
9.79254000000000 2501.
9.79247000000000 2445.
9.79254000000000 2380.
9.79247000000000 2390.
9.79241000000000 2395.
9.79247000000000 2402.
9.79247000000000 2344.
9.79248000000000 2350.
9.79247000000000 2368.
9.79248000000000 2404.
9.79253000000000 2311.
9.79254000000000 2381.
9.79247000000000 2377.
9.79253000000000 2313.
9.79247000000000 2401.
9.79247000000000 2320.
9.79247000000000 2337.
9.79247000000000 2383.
9.79247000000000 2394.
9.79247000000000 2293.
9.79247000000000 2280.
9.79248000000000 2474.
9.79248000000000 2355.
9.79247000000000 2311.
9.79253000000000 2438.
9.79261000000000 2344.
9.79247000000000 2349.
9.79248000000000 2316.
9.79247000000000 2310.
9.79253000000000 2310.
9.79248000000000 2381.
9.79254000000000 2363.
9.79247000000000 2451.
9.79251000000000 2288.
9.79248000000000 2298.
9.79253000000000 2373.
9.79248000000000 2333.
9.79254000000000 2309.
9.79262000000000 2326.
9.79247000000000 2360.
9.79247000000000 2390.
9.79247000000000 2435.
9.79248000000000 2300.
9.79247000000000 2283.
9.79247000000000 2389.
9.79247000000000 2440.
9.79257000000000 2300.
9.79247000000000 2409.
9.79248000000000 2280.
9.79253000000000 2363.
9.79247000000000 2358.
9.79261000000000 2367.
9.79247000000000 2405.
9.79253000000000 2414.
9.79247000000000 2432.
9.79257000000000 2457.
9.79247000000000 2342.
9.79247000000000 2320.
9.79254000000000 2438.
9.79248000000000 2361.
9.79247000000000 2301.
9.79261000000000 2359.
9.79254000000000 2294.
9.79247000000000 2377.
9.79251000000000 2392.
9.79248000000000 2412.
9.79262000000000 2370.
9.79253000000000 2443.
9.79247000000000 2241.
9.79247000000000 2317.
9.79261000000000 2405.
9.79248000000000 2321.
9.79247000000000 2289.
9.79248000000000 2319.
9.79254000000000 2407.
9.79247000000000 2271.
9.79247000000000 2323.
9.79247000000000 2314.
9.79247000000000 2389.
9.79253000000000 2356.
9.79254000000000 2382.
9.79247000000000 2356.
9.79247000000000 2325.
9.79247000000000 2337.
9.79247000000000 2385.
9.79247000000000 2271.
9.79247000000000 2295.
9.79247000000000 2303.
9.79248000000000 2371.
9.79248000000000 2375.
9.79247000000000 2320.
9.79248000000000 2293.
9.79247000000000 2300.
9.79247000000000 2297.
9.79247000000000 2302.
9.79247000000000 2317.
9.79247000000000 2294.
9.79247000000000 2442.
9.79254000000000 2305.
9.79247000000000 2414.
9.79247000000000 2293.
9.79247000000000 2242.
9.79247000000000 2390.
9.79251000000000 2342.
9.79247000000000 2275.
9.79251000000000 2288.
9.79247000000000 2383.
9.79247000000000 2365.
9.79247000000000 2374.
9.79247000000000 2328.
9.79247000000000 2265.
9.79247000000000 2327.
9.79247000000000 2313.
9.79247000000000 2243.
9.79248000000000 2341.
9.79247000000000 2319.
9.79247000000000 2355.
9.79247000000000 2300.
9.79247000000000 2360.
9.79247000000000 2346.
9.79247000000000 2373.
9.79247000000000 2381.
9.79247000000000 2313.
9.79247000000000 2329.
9.79247000000000 2280.
9.79247000000000 2260.
9.79247000000000 2290.
9.79248000000000 2334.
9.79247000000000 2276.
9.79247000000000 2389.
9.79248000000000 2422.
9.79247000000000 2321.
9.79247000000000 2382.
9.79247000000000 2289.
9.79247000000000 2395.
9.79247000000000 2410.
9.79247000000000 2356.
9.79248000000000 2396.
9.79247000000000 2365.
9.79247000000000 2305.
9.79247000000000 2374.
9.79248000000000 2361.
9.79248000000000 2246.
9.79254000000000 2315.
9.79245000000000 2405.
9.79247000000000 2289.
9.79257000000000 2376.
9.79247000000000 2232.
9.79257000000000 2297.
9.79261000000000 2462.
9.79248000000000 2317.
9.79248000000000 2330.
9.79248000000000 2374.
9.79247000000000 2359.
9.79247000000000 2330.
9.79247000000000 2309.
9.79251000000000 2364.
9.79247000000000 2338.
9.79247000000000 2296.
9.79248000000000 2254.
9.79254000000000 2402.
9.79247000000000 2284.
9.79262000000000 2368.
9.79247000000000 2330.
9.79254000000000 2257.
9.79248000000000 2292.
9.79247000000000 2377.
9.79248000000000 2352.
9.79248000000000 2341.
9.79248000000000 2366.
9.79247000000000 2365.
9.79247000000000 2304.
9.79247000000000 2339.
9.79248000000000 2375.
9.79247000000000 2348.
9.79253000000000 2250.
9.79247000000000 2411.
9.79257000000000 2288.
9.79254000000000 2216.
9.79251000000000 2351.
9.79254000000000 2408.
9.79241000000000 2428.
9.79247000000000 2287.
9.79249000000000 2330.
9.79254000000000 2362.
9.79247000000000 2401.
9.79253000000000 2313.
9.79247000000000 2298.
9.79247000000000 2382.
9.79247000000000 2362.
9.79247000000000 2288.
9.79247000000000 2404.
9.79247000000000 2300.
9.79247000000000 2341.
9.79251000000000 2244.
9.79247000000000 2247.
9.79254000000000 2396.
9.79254000000000 2380.
9.79247000000000 2378.
9.79248000000000 2383.
9.79247000000000 2307.
9.79247000000000 2360.
9.79247000000000 2313.
9.79247000000000 2395.
9.79247000000000 2310.
9.79248000000000 2352.
9.79257000000000 2437.
9.79248000000000 2247.
9.79261000000000 2364.
9.79247000000000 2286.
