9.78764000000000 309.7
9.78764000000000 309.7
9.78870000000000 280.3
9.78870000000000 280.3
9.78870000000000 280.3
9.79456000000000 286.2
9.79456000000000 286.2
9.79456000000000 286.2
9.78518000000000 322.2
9.78518000000000 322.2
9.78518000000000 322.2
9.78607000000000 297.4
9.78607000000000 297.4
9.78607000000000 297.4
9.78870000000000 300.1
9.78870000000000 300.1
9.78870000000000 300.1
9.78531000000000 328.2
9.78531000000000 328.2
9.78531000000000 328.2
9.78764000000000 340.4
9.78764000000000 340.4
9.78764000000000 340.4
9.79211000000000 324.1
9.79211000000000 324.1
9.79211000000000 324.1
9.78504000000000 303.7
9.78504000000000 303.7
9.78504000000000 303.7
9.78504000000000 301.5
9.78504000000000 301.5
9.78504000000000 301.5
9.79211000000000 307.1
9.79211000000000 307.1
9.79211000000000 307.1
9.79009000000000 297.1
9.79009000000000 297.1
9.79009000000000 297.1
9.79009000000000 297.1
9.78764000000000 334.3
9.78764000000000 334.3
9.78764000000000 334.3
9.78870000000000 338.7
9.78870000000000 338.7
9.78870000000000 338.7
9.79211000000000 306.2
9.79211000000000 306.2
9.79211000000000 306.2
9.79196000000000 312.7
9.79196000000000 312.7
9.79196000000000 312.7
9.79206000000000 308.1
9.79206000000000 308.1
9.79206000000000 308.1
9.79269000000000 319.4
9.79269000000000 319.4
9.79269000000000 319.4
9.78518000000000 347.3
9.78518000000000 347.3
9.78518000000000 347.3
9.79099000000000 318.2
9.79099000000000 318.2
9.79099000000000 318.2
9.79495000000000 311.4
9.79495000000000 311.4
9.79495000000000 311.4
9.78595000000000 312.8
9.78595000000000 312.8
9.78595000000000 312.8
9.78587000000000 320.2
9.78587000000000 320.2
9.78587000000000 320.2
9.78607000000000 301.2
9.78607000000000 301.2
9.78607000000000 301.2
9.78870000000000 334.6
9.78870000000000 334.6
9.78870000000000 334.6
9.79495000000000 331.8
9.79495000000000 331.8
9.79495000000000 331.8
9.79366000000000 300.0
9.79366000000000 300.0
9.79366000000000 300.0
9.78723000000000 343.9
9.78723000000000 343.9
9.78723000000000 343.9
9.79081000000000 304.5
9.79081000000000 304.5
9.79081000000000 304.5
9.79211000000000 326.4
9.79211000000000 326.4
9.79211000000000 326.4
9.79211000000000 326.4
9.79495000000000 313.6
9.79495000000000 313.6
9.79495000000000 313.6
9.78870000000000 300.0
9.78870000000000 300.0
9.78870000000000 300.0
9.79269000000000 338.5
9.79269000000000 338.5
9.79269000000000 338.5
9.78544000000000 326.7
9.78544000000000 326.7
9.78544000000000 326.7
9.78607000000000 285.4
9.78607000000000 285.4
9.78607000000000 285.4
9.78607000000000 315.3
9.78607000000000 315.3
9.78607000000000 315.3
9.79125000000000 332.0
9.79125000000000 332.0
9.79125000000000 332.0
9.78710000000000 306.2
9.78710000000000 306.2
9.78710000000000 306.2
9.78504000000000 306.3
9.78504000000000 306.3
9.78504000000000 306.3
9.78870000000000 337.4
9.78870000000000 337.4
9.78870000000000 337.4
9.79404000000000 310.4
9.79404000000000 310.4
9.79404000000000 310.4
9.78504000000000 316.3
9.78504000000000 316.3
9.78504000000000 316.3
9.78517000000000 295.4
9.78517000000000 295.4
9.78517000000000 295.4
9.79488000000000 314.2
9.79488000000000 314.2
9.79488000000000 314.2
9.78870000000000 317.2
9.78870000000000 317.2
9.78870000000000 317.2
9.78880000000000 325.1
9.78880000000000 325.1
9.78880000000000 325.1
9.78880000000000 325.1
9.78777000000000 325.1
9.78777000000000 325.1
9.78777000000000 325.1
9.79211000000000 315.4
9.79211000000000 315.4
9.79211000000000 315.4
9.79495000000000 303.9
9.79495000000000 303.9
9.79495000000000 303.9
9.79193000000000 316.2
9.79193000000000 316.2
9.79193000000000 316.2
9.78870000000000 313.7
9.78870000000000 313.7
9.78870000000000 313.7
9.79495000000000 345.2
9.79495000000000 345.2
9.79495000000000 345.2
9.78531000000000 300.1
9.78531000000000 300.1
9.78531000000000 300.1
9.78764000000000 302.8
9.78764000000000 302.8
9.78764000000000 302.8
9.78870000000000 325.8
9.78870000000000 325.8
9.78870000000000 325.8
9.79148000000000 315.6
9.79148000000000 315.6
9.79148000000000 315.6
9.78870000000000 314.3
9.78870000000000 314.3
9.78870000000000 314.3
9.78757000000000 311.5
9.78757000000000 311.5
9.78757000000000 311.5
9.79125000000000 294.9
9.79125000000000 294.9
9.79125000000000 294.9
9.79495000000000 325.3
9.79495000000000 325.3
9.79495000000000 325.3
9.78531000000000 342.9
9.78531000000000 342.9
9.78531000000000 342.9
9.79125000000000 344.1
9.79125000000000 344.1
9.79125000000000 344.1
9.79349000000000 324.1
9.79349000000000 324.1
9.79349000000000 324.1
9.78607000000000 309.8
9.78607000000000 309.8
9.78607000000000 309.8
9.78906000000000 334.8
9.78906000000000 334.8
9.78906000000000 334.8
9.78906000000000 334.8
9.78723000000000 311.3
9.78723000000000 311.3
9.78723000000000 311.3
9.78607000000000 303.2
9.78607000000000 303.2
9.78607000000000 303.2
9.78518000000000 320.3
9.78518000000000 320.3
9.78518000000000 320.3
9.78607000000000 269.4
9.78607000000000 269.4
9.78607000000000 269.4
9.78870000000000 305.9
9.78870000000000 305.9
9.78870000000000 305.9
9.79109000000000 333.8
9.79109000000000 333.8
9.79109000000000 333.8
9.79495000000000 322.1
9.79495000000000 322.1
9.79495000000000 322.1
9.78607000000000 318.4
9.78607000000000 318.4
9.78607000000000 318.4
9.78710000000000 327.4
9.78710000000000 327.4
9.78710000000000 327.4
9.79006000000000 327.1
9.79006000000000 327.1
9.79006000000000 327.1
9.78607000000000 290.3
9.78607000000000 290.3
9.78607000000000 290.3
9.79196000000000 308.9
9.79196000000000 308.9
9.79196000000000 308.9
9.79109000000000 297.4
9.79109000000000 297.4
9.79109000000000 297.4
9.79051000000000 308.9
9.79051000000000 308.9
9.79051000000000 308.9
9.78504000000000 335.0
9.78504000000000 335.0
9.78504000000000 335.0
9.79495000000000 316.4
9.79495000000000 316.4
9.79495000000000 316.4
9.79495000000000 316.4
9.79424000000000 282.9
9.79424000000000 282.9
9.79424000000000 282.9
9.79340000000000 295.4
9.79340000000000 295.4
9.79340000000000 295.4
9.79495000000000 281.1
9.79495000000000 281.1
9.79495000000000 281.1
9.79211000000000 317.1
9.79211000000000 317.1
9.79211000000000 317.1
9.78870000000000 298.1
9.78870000000000 298.1
9.78870000000000 298.1
9.79488000000000 329.9
9.79488000000000 329.9
9.79488000000000 329.9
9.78764000000000 322.8
9.78764000000000 322.8
9.78764000000000 322.8
9.78870000000000 323.8
9.78870000000000 323.8
9.78870000000000 323.8
9.78835000000000 344.6
9.78835000000000 344.6
9.78835000000000 344.6
9.79125000000000 288.1
9.79125000000000 288.1
9.79125000000000 288.1
9.78880000000000 346.9
9.78880000000000 346.9
9.78880000000000 346.9
9.78532000000000 303.0
9.78532000000000 303.0
9.78532000000000 303.0
9.79495000000000 323.0
9.79495000000000 323.0
9.79495000000000 323.0
9.78513000000000 336.5
9.78513000000000 336.5
9.78513000000000 336.5
9.78870000000000 320.1
9.78870000000000 320.1
9.78870000000000 320.1
9.79094000000000 314.6
9.79094000000000 314.6
9.79094000000000 314.6
9.78504000000000 307.1
9.78504000000000 307.1
9.78504000000000 307.1
9.78504000000000 307.1
9.79495000000000 311.1
9.79495000000000 311.1
9.79495000000000 311.1
9.79112000000000 301.7
9.79112000000000 301.7
9.79112000000000 301.7
9.78607000000000 311.6
9.78607000000000 311.6
9.78607000000000 311.6
9.78539000000000 338.0
9.78539000000000 338.0
9.78539000000000 338.0
9.79051000000000 311.7
9.79051000000000 311.7
9.79051000000000 311.7
9.79282000000000 339.4
9.79282000000000 339.4
9.79282000000000 339.4
9.79211000000000 288.3
9.79211000000000 288.3
9.79211000000000 288.3
9.78710000000000 323.0
9.78710000000000 323.0
9.78710000000000 323.0
9.79327000000000 300.8
9.79327000000000 300.8
9.79327000000000 300.8
9.78544000000000 321.8
9.78544000000000 321.8
9.78544000000000 321.8
9.79211000000000 299.2
9.79211000000000 299.2
9.79211000000000 299.2
9.78710000000000 327.1
9.78710000000000 327.1
9.78710000000000 327.1
9.79211000000000 333.9
9.79211000000000 333.9
9.79211000000000 333.9
9.79211000000000 320.7
9.79211000000000 320.7
9.79211000000000 320.7
9.79495000000000 321.3
9.79495000000000 321.3
9.79495000000000 321.3
9.78712000000000 297.0
9.78712000000000 297.0
9.78712000000000 297.0
9.78519000000000 315.9
9.78519000000000 315.9
9.78519000000000 315.9
9.78777000000000 344.9
9.78777000000000 344.9
9.78777000000000 344.9
9.78870000000000 311.6
9.78870000000000 311.6
9.78870000000000 311.6
9.79125000000000 305.1
9.79125000000000 305.1
9.79125000000000 305.1
9.79125000000000 305.1
9.79340000000000 337.4
9.79340000000000 337.4
9.79340000000000 337.4
9.79211000000000 309.7
9.79211000000000 309.7
9.79211000000000 309.7
9.78764000000000 322.4
9.78764000000000 322.4
9.78764000000000 322.4
9.79495000000000 290.4
9.79495000000000 290.4
9.79495000000000 290.4
9.78870000000000 316.5
9.78870000000000 316.5
9.78870000000000 316.5
9.78531000000000 327.7
9.78531000000000 327.7
9.78531000000000 327.7
9.78518000000000 307.6
9.78518000000000 307.6
9.78518000000000 307.6
9.78938000000000 304.1
9.78938000000000 304.1
9.78938000000000 304.1
9.79219000000000 299.5
9.79219000000000 299.5
9.79219000000000 299.5
9.79009000000000 352.7
9.79009000000000 352.7
9.79009000000000 352.7
9.78870000000000 347.4
9.78870000000000 347.4
9.78870000000000 347.4
9.79211000000000 312.5
9.79211000000000 312.5
9.79211000000000 312.5
9.78607000000000 342.8
9.78607000000000 342.8
9.78607000000000 342.8
9.79495000000000 299.9
9.79495000000000 299.9
9.79495000000000 299.9
9.78764000000000 313.0
9.78764000000000 313.0
9.78764000000000 313.0
9.78764000000000 313.0
9.79224000000000 293.3
9.79224000000000 293.3
9.79224000000000 293.3
9.78607000000000 335.1
9.78607000000000 335.1
9.78607000000000 335.1
9.78710000000000 296.9
9.78710000000000 296.9
9.78710000000000 296.9
9.79495000000000 298.5
9.79495000000000 298.5
9.79495000000000 298.5
9.79125000000000 343.2
9.79125000000000 343.2
9.79125000000000 343.2
9.78764000000000 299.0
9.78764000000000 299.0
9.78764000000000 299.0
9.78504000000000 317.9
9.78504000000000 317.9
9.78504000000000 317.9
9.78504000000000 307.8
9.78504000000000 307.8
9.78504000000000 307.8
9.79495000000000 302.4
9.79495000000000 302.4
9.79495000000000 302.4
9.78531000000000 331.3
9.78531000000000 331.3
9.78531000000000 331.3
9.79109000000000 337.3
9.79109000000000 337.3
9.79109000000000 337.3
9.78504000000000 317.1
9.78504000000000 317.1
9.78504000000000 317.1
9.79139000000000 329.0
9.79139000000000 329.0
9.79139000000000 329.0
9.78607000000000 305.4
9.78607000000000 305.4
9.78607000000000 305.4
9.78764000000000 319.9
9.78764000000000 319.9
9.78764000000000 319.9
9.78764000000000 319.9
9.78504000000000 277.1
9.78504000000000 277.1
9.78504000000000 277.1
9.78607000000000 305.7
9.78607000000000 305.7
9.78607000000000 305.7
9.78777000000000 315.1
9.78777000000000 315.1
9.78777000000000 315.1
9.79211000000000 305.6
9.79211000000000 305.6
9.79211000000000 305.6
9.79211000000000 315.6
9.79211000000000 315.6
9.79211000000000 315.6
9.78764000000000 295.5
9.78764000000000 295.5
9.78764000000000 295.5
9.78710000000000 321.1
9.78710000000000 321.1
9.78710000000000 321.1
9.79125000000000 334.1
9.79125000000000 334.1
9.79125000000000 334.1
9.78607000000000 308.0
9.78607000000000 308.0
9.78607000000000 308.0
9.79006000000000 329.8
9.79006000000000 329.8
9.79006000000000 329.8
9.79064000000000 343.4
9.79064000000000 343.4
9.79064000000000 343.4
9.78731000000000 310.2
9.78731000000000 310.2
9.78731000000000 310.2
9.79495000000000 315.2
9.79495000000000 315.2
9.79495000000000 315.2
9.79211000000000 308.1
9.79211000000000 308.1
9.79211000000000 308.1
9.79495000000000 324.3
9.79495000000000 324.3
9.79495000000000 324.3
