9.79431000000000 6258.
9.79393000000000 6241.
9.79450000000000 6349.
9.79393000000000 6168.
9.79450000000000 6285.
9.79450000000000 6285.
9.79450000000000 6375.
9.79393000000000 6373.
9.79450000000000 6266.
9.79450000000000 6538.
9.79450000000000 6317.
9.79450000000000 6303.
9.79450000000000 6312.
9.79450000000000 6459.
9.79450000000000 6499.
9.79450000000000 6439.
9.79393000000000 6416.
9.79450000000000 6312.
9.79450000000000 6205.
9.79431000000000 6238.
9.79450000000000 6351.
9.79450000000000 6279.
9.79431000000000 6494.
9.79450000000000 6219.
9.79450000000000 6469.
9.79450000000000 6469.
9.79393000000000 6305.
9.79393000000000 6238.
9.79450000000000 6354.
9.79450000000000 6318.
9.79450000000000 6348.
9.79450000000000 6391.
9.79450000000000 6467.
9.79450000000000 6345.
9.79450000000000 6349.
9.79450000000000 6514.
9.79431000000000 6258.
9.79393000000000 6300.
9.79450000000000 6218.
9.79450000000000 6287.
9.79393000000000 6341.
9.79450000000000 6392.
9.79382000000000 6245.
9.79450000000000 6477.
9.79431000000000 6640.
9.79450000000000 6538.
9.79450000000000 6389.
9.79450000000000 6475.
9.79450000000000 6309.
9.79393000000000 6145.
9.79393000000000 6145.
9.79357000000000 6307.
9.79450000000000 6573.
9.79450000000000 6375.
9.79393000000000 6516.
9.79450000000000 6450.
9.79450000000000 6457.
9.79431000000000 6279.
9.79450000000000 6403.
9.79450000000000 6324.
9.79450000000000 6485.
9.79450000000000 6399.
9.79450000000000 6507.
9.79428000000000 6355.
9.79450000000000 6397.
9.79450000000000 6447.
9.79450000000000 6363.
9.79393000000000 6305.
9.79450000000000 6314.
9.79450000000000 6390.
9.79450000000000 6390.
9.79431000000000 6485.
9.79450000000000 6176.
9.79450000000000 6389.
9.79450000000000 6366.
9.79450000000000 6207.
9.79393000000000 6290.
9.79450000000000 6292.
9.79450000000000 6270.
9.79431000000000 6225.
9.79450000000000 6340.
9.79393000000000 6331.
9.79450000000000 6226.
9.79450000000000 6308.
9.79450000000000 6272.
9.79431000000000 6350.
9.79450000000000 6330.
9.79450000000000 6371.
9.79450000000000 6369.
9.79450000000000 6356.
9.79450000000000 6356.
9.79450000000000 6238.
9.79450000000000 6121.
9.79393000000000 6165.
9.79450000000000 6327.
9.79450000000000 6404.
9.79450000000000 6410.
9.79450000000000 6509.
9.79450000000000 6406.
9.79450000000000 6465.
9.79450000000000 6244.
9.79450000000000 6411.
9.79393000000000 6333.
9.79450000000000 6373.
9.79393000000000 6485.
9.79450000000000 6378.
9.79450000000000 6363.
9.79450000000000 6313.
9.79450000000000 6358.
9.79450000000000 6522.
9.79450000000000 6454.
9.79450000000000 6454.
9.79450000000000 6392.
9.79450000000000 6358.
9.79450000000000 6253.
9.79393000000000 6256.
9.79450000000000 6226.
9.79450000000000 6297.
9.79450000000000 6376.
9.79450000000000 6424.
9.79450000000000 6458.
9.79393000000000 6174.
9.79450000000000 6559.
9.79382000000000 6296.
9.79393000000000 6306.
9.79450000000000 6451.
9.79450000000000 6246.
9.79450000000000 6530.
9.79450000000000 6242.
9.79450000000000 6219.
9.79450000000000 6440.
9.79450000000000 6242.
9.79450000000000 6406.
9.79431000000000 6334.
9.79431000000000 6334.
9.79450000000000 6257.
9.79450000000000 6472.
9.79450000000000 6329.
9.79450000000000 6490.
9.79450000000000 6348.
9.79450000000000 6396.
9.79450000000000 6570.
9.79450000000000 6430.
9.79450000000000 6380.
9.79450000000000 6328.
9.79431000000000 6428.
9.79450000000000 6402.
9.79450000000000 6381.
9.79450000000000 6199.
9.79450000000000 6339.
9.79450000000000 6292.
9.79431000000000 6513.
9.79450000000000 6375.
9.79450000000000 6350.
9.79450000000000 6314.
9.79450000000000 6343.
9.79450000000000 6311.
9.79450000000000 6553.
9.79450000000000 6553.
9.79450000000000 6388.
9.79393000000000 6344.
9.79450000000000 6336.
9.79450000000000 6350.
9.79450000000000 6509.
9.79450000000000 6502.
9.79431000000000 6257.
9.79431000000000 6437.
9.79450000000000 6434.
9.79450000000000 6243.
9.79450000000000 6313.
9.79450000000000 6344.
9.79450000000000 6481.
9.79450000000000 6245.
9.79450000000000 6302.
9.79450000000000 6399.
9.79382000000000 6434.
9.79450000000000 6316.
9.79393000000000 6312.
9.79431000000000 6513.
9.79450000000000 6115.
9.79450000000000 6338.
9.79450000000000 6446.
9.79450000000000 6382.
9.79431000000000 6417.
9.79450000000000 6311.
9.79450000000000 6311.
9.79450000000000 6317.
9.79450000000000 6318.
9.79393000000000 6330.
9.79450000000000 6224.
9.79450000000000 6463.
9.79357000000000 6243.
9.79450000000000 6370.
9.79393000000000 6410.
9.79393000000000 6502.
9.79450000000000 6417.
9.79450000000000 6503.
9.79450000000000 6333.
9.79450000000000 6390.
9.79450000000000 6236.
9.79393000000000 6422.
9.79450000000000 6267.
9.79450000000000 6261.
9.79450000000000 6252.
9.79450000000000 6313.
9.79450000000000 6259.
9.79450000000000 6259.
9.79450000000000 6448.
9.79431000000000 6246.
9.79450000000000 6195.
9.79450000000000 6335.
9.79393000000000 6377.
9.79450000000000 6427.
9.79450000000000 6301.
9.79450000000000 6373.
9.79450000000000 6477.
9.79393000000000 6322.
9.79450000000000 6408.
9.79450000000000 6438.
9.79393000000000 6406.
9.79450000000000 6268.
9.79431000000000 6291.
9.79450000000000 6370.
9.79431000000000 6514.
9.79450000000000 6372.
9.79450000000000 6475.
9.79393000000000 6373.
9.79450000000000 6262.
9.79382000000000 6242.
9.79450000000000 6283.
9.79450000000000 6312.
9.79450000000000 6275.
9.79450000000000 6356.
9.79382000000000 6212.
9.79450000000000 6218.
9.79450000000000 6218.
9.79450000000000 6385.
9.79450000000000 6323.
9.79450000000000 6353.
9.79450000000000 6358.
9.79393000000000 6319.
9.79450000000000 6316.
9.79450000000000 6123.
9.79450000000000 6193.
9.79450000000000 6440.
9.79450000000000 6318.
9.79450000000000 6453.
9.79450000000000 6320.
9.79450000000000 6344.
9.79450000000000 6320.
9.79450000000000 6352.
9.79450000000000 6468.
9.79450000000000 6265.
9.79450000000000 6474.
9.79450000000000 6418.
9.79450000000000 6418.
9.79450000000000 6257.
9.79450000000000 6210.
9.79450000000000 6393.
9.79450000000000 6439.
9.79450000000000 6322.
9.79450000000000 6376.
9.79450000000000 6409.
9.79393000000000 6336.
9.79450000000000 6325.
9.79450000000000 6480.
9.79450000000000 6350.
9.79450000000000 6301.
9.79450000000000 6396.
9.79450000000000 6640.
9.79450000000000 6506.
9.79450000000000 6275.
9.79450000000000 6382.
9.79450000000000 6286.
9.79431000000000 6383.
9.79393000000000 6454.
9.79450000000000 6547.
9.79450000000000 6231.
9.79450000000000 6474.
9.79450000000000 6253.
9.79450000000000 6466.
9.79450000000000 6359.
9.79450000000000 6369.
9.79450000000000 6357.
9.79431000000000 6247.
9.79450000000000 6489.
9.79450000000000 6489.
9.79450000000000 6511.
9.79450000000000 6546.
9.79450000000000 6362.
9.79431000000000 6405.
9.79450000000000 6431.
9.79450000000000 6323.
9.79450000000000 6288.
9.79450000000000 6376.
9.79450000000000 6269.
9.79450000000000 6221.
9.79431000000000 6544.
9.79450000000000 6455.
9.79450000000000 6331.
9.79393000000000 6325.
9.79393000000000 6545.
9.79393000000000 6357.
9.79450000000000 6493.
9.79450000000000 6362.
9.79450000000000 6373.
9.79450000000000 6348.
9.79393000000000 6286.
9.79450000000000 6336.
9.79450000000000 6460.
9.79450000000000 6469.
9.79450000000000 6362.
9.79450000000000 6249.
9.79450000000000 6288.
9.79450000000000 6352.
9.79450000000000 6317.
9.79450000000000 6408.
9.79450000000000 6313.
9.79393000000000 6315.
9.79450000000000 6440.
9.79450000000000 6440.
9.79450000000000 6360.
9.79450000000000 6469.
9.79450000000000 6265.
9.79431000000000 6346.
9.79450000000000 6233.
9.79450000000000 6366.
9.79431000000000 6373.
9.79450000000000 6228.
9.79450000000000 6456.
9.79431000000000 6335.
9.79393000000000 6217.
9.79450000000000 6160.
9.79393000000000 6313.
9.79382000000000 6105.
9.79450000000000 6422.
9.79450000000000 6453.
9.79450000000000 6420.
9.79450000000000 6304.
9.79431000000000 6432.
9.79393000000000 6386.
9.79431000000000 6450.
9.79450000000000 6380.
9.79450000000000 6415.
9.79450000000000 6415.
9.79450000000000 6398.
9.79450000000000 6116.
9.79450000000000 6403.
9.79450000000000 6222.
9.79450000000000 6162.
9.79393000000000 6313.
9.79450000000000 6207.
9.79450000000000 6402.
9.79450000000000 6408.
9.79450000000000 6299.
9.79450000000000 6487.
9.79450000000000 6346.
9.79450000000000 6397.
9.79450000000000 6319.
9.79431000000000 6752.
9.79450000000000 6354.
9.79450000000000 6559.
9.79450000000000 6377.
9.79450000000000 6355.
9.79450000000000 6520.
9.79450000000000 6441.
9.79450000000000 6292.
9.79382000000000 6265.
9.79382000000000 6265.
9.79450000000000 6363.
9.79450000000000 6443.
9.79450000000000 6525.
9.79450000000000 6413.
9.79385000000000 6445.
9.79450000000000 6341.
9.79450000000000 6402.
9.79450000000000 6505.
9.79450000000000 6293.
9.79393000000000 6352.
9.79393000000000 6302.
9.79450000000000 6455.
9.79450000000000 6368.
9.79450000000000 6291.
9.79450000000000 6308.
9.79431000000000 6447.
9.79450000000000 6276.
9.79450000000000 6217.
9.79450000000000 6492.
9.79450000000000 6492.
9.79450000000000 6278.
9.79450000000000 6224.
9.79382000000000 6465.
9.79450000000000 6394.
9.79450000000000 6349.
9.79450000000000 6406.
9.79450000000000 6395.
9.79450000000000 6376.
9.79450000000000 6277.
9.79450000000000 6359.
9.79393000000000 6331.
9.79450000000000 6252.
9.79450000000000 6531.
9.79450000000000 6472.
9.79450000000000 6314.
9.79450000000000 6296.
9.79450000000000 6245.
9.79450000000000 6625.
9.79450000000000 6204.
9.79450000000000 6204.
9.79393000000000 6428.
9.79450000000000 6396.
9.79393000000000 6410.
9.79431000000000 6367.
9.79450000000000 6299.
9.79393000000000 6359.
9.79450000000000 6330.
9.79450000000000 6428.
9.79450000000000 6295.
9.79450000000000 6173.
9.79450000000000 6283.
9.79450000000000 6487.
9.79431000000000 6228.
9.79431000000000 6330.
9.79450000000000 6458.
9.79450000000000 6547.
9.79450000000000 6624.
9.79450000000000 6239.
9.79450000000000 6463.
9.79393000000000 6150.
9.79450000000000 6309.
9.79450000000000 6303.
9.79450000000000 6252.
9.79450000000000 6381.
9.79450000000000 6388.
9.79450000000000 6388.
9.79450000000000 6356.
9.79450000000000 6387.
9.79450000000000 6368.
9.79450000000000 6351.
9.79450000000000 6392.
9.79450000000000 6410.
9.79450000000000 6343.
9.79450000000000 6312.
9.79450000000000 6253.
9.79450000000000 6323.
9.79450000000000 6349.
9.79450000000000 6138.
9.79393000000000 6409.
9.79393000000000 6289.
9.79450000000000 6369.
9.79450000000000 6417.
9.79450000000000 6523.
9.79393000000000 6266.
9.79450000000000 6431.
9.79393000000000 6465.
9.79393000000000 6465.
9.79450000000000 6293.
9.79450000000000 6323.
9.79393000000000 6325.
9.79450000000000 6358.
9.79450000000000 6145.
9.79450000000000 6375.
9.79382000000000 6378.
9.79450000000000 6406.
9.79450000000000 6412.
9.79450000000000 6410.
9.79382000000000 6383.
9.79450000000000 6455.
9.79450000000000 6386.
9.79393000000000 6430.
9.79450000000000 6334.
9.79450000000000 6470.
9.79393000000000 6386.
9.79450000000000 6284.
9.79450000000000 6284.
9.79450000000000 6485.
9.79450000000000 6366.
9.79450000000000 6331.
9.79450000000000 6225.
9.79385000000000 6408.
9.79450000000000 6496.
9.79393000000000 6348.
9.79393000000000 6426.
9.79450000000000 6201.
9.79393000000000 6366.
9.79450000000000 6302.
9.79450000000000 6221.
9.79431000000000 6404.
9.79450000000000 6563.
9.79393000000000 6390.
9.79450000000000 6400.
9.79393000000000 6437.
9.79431000000000 6328.
9.79450000000000 6369.
9.79450000000000 6520.
9.79382000000000 6466.
9.79450000000000 6227.
9.79450000000000 6227.
9.79450000000000 6169.
9.79450000000000 6500.
