9.78706000000000 1469.
9.78706000000000 1439.
9.78710000000000 1492.
9.78710000000000 1492.
9.78710000000000 1469.
9.78710000000000 1509.
9.78710000000000 1509.
9.78710000000000 1528.
9.78706000000000 1363.
9.78710000000000 1451.
9.78710000000000 1451.
9.78710000000000 1530.
9.78710000000000 1488.
9.78706000000000 1489.
9.78706000000000 1489.
9.78710000000000 1554.
9.78725000000000 1491.
9.78725000000000 1491.
9.78710000000000 1484.
9.78727000000000 1554.
9.78727000000000 1554.
9.78710000000000 1487.
9.78706000000000 1411.
9.78706000000000 1454.
9.78706000000000 1454.
9.78710000000000 1417.
9.78718000000000 1500.
9.78706000000000 1570.
9.78706000000000 1570.
9.78721000000000 1473.
9.78710000000000 1523.
9.78710000000000 1523.
9.78718000000000 1432.
9.78710000000000 1462.
9.78706000000000 1445.
9.78706000000000 1445.
9.78710000000000 1459.
9.78706000000000 1396.
9.78710000000000 1431.
9.78710000000000 1431.
9.78706000000000 1408.
9.78727000000000 1433.
9.78727000000000 1433.
9.78710000000000 1451.
9.78706000000000 1456.
9.78710000000000 1417.
9.78710000000000 1417.
9.78721000000000 1553.
9.78727000000000 1564.
9.78727000000000 1564.
9.78710000000000 1480.
9.78727000000000 1503.
9.78710000000000 1584.
9.78710000000000 1584.
9.78710000000000 1496.
9.78710000000000 1471.
9.78710000000000 1503.
9.78710000000000 1503.
9.78706000000000 1401.
9.78706000000000 1433.
9.78706000000000 1433.
9.78729000000000 1498.
9.78727000000000 1444.
9.78727000000000 1444.
9.78723000000000 1452.
9.78710000000000 1485.
9.78706000000000 1460.
9.78706000000000 1460.
9.78710000000000 1461.
9.78710000000000 1462.
9.78710000000000 1462.
9.78718000000000 1491.
9.78710000000000 1405.
9.78710000000000 1461.
9.78710000000000 1461.
9.78718000000000 1471.
9.78664000000000 1496.
9.78664000000000 1496.
9.78710000000000 1474.
9.78710000000000 1550.
9.78710000000000 1550.
9.78706000000000 1499.
9.78710000000000 1422.
9.78710000000000 1514.
9.78710000000000 1514.
9.78706000000000 1527.
9.78710000000000 1406.
9.78710000000000 1406.
9.78710000000000 1454.
9.78727000000000 1483.
9.78727000000000 1483.
9.78721000000000 1532.
9.78710000000000 1413.
9.78710000000000 1449.
9.78710000000000 1449.
9.78727000000000 1477.
9.78710000000000 1482.
9.78710000000000 1482.
9.78710000000000 1431.
9.78723000000000 1523.
9.78723000000000 1523.
9.78710000000000 1412.
9.78706000000000 1510.
9.78710000000000 1500.
9.78710000000000 1500.
9.78710000000000 1499.
9.78710000000000 1513.
9.78710000000000 1513.
9.78727000000000 1394.
9.78721000000000 1413.
9.78710000000000 1557.
9.78710000000000 1557.
9.78710000000000 1541.
9.78710000000000 1566.
9.78710000000000 1566.
9.78710000000000 1425.
9.78710000000000 1378.
9.78710000000000 1378.
9.78706000000000 1471.
9.78710000000000 1504.
9.78710000000000 1543.
9.78710000000000 1543.
9.78706000000000 1444.
9.78727000000000 1514.
9.78727000000000 1514.
9.78725000000000 1405.
9.78710000000000 1526.
9.78710000000000 1526.
9.78706000000000 1539.
9.78721000000000 1507.
9.78664000000000 1495.
9.78664000000000 1495.
9.78710000000000 1487.
9.78721000000000 1450.
9.78721000000000 1450.
9.78710000000000 1526.
9.78706000000000 1434.
9.78710000000000 1496.
9.78710000000000 1496.
9.78727000000000 1467.
9.78710000000000 1474.
9.78710000000000 1474.
9.78710000000000 1517.
9.78710000000000 1514.
9.78721000000000 1449.
9.78721000000000 1449.
9.78706000000000 1477.
9.78706000000000 1417.
9.78706000000000 1417.
9.78691000000000 1504.
9.78727000000000 1517.
9.78710000000000 1404.
9.78710000000000 1404.
9.78706000000000 1381.
9.78706000000000 1451.
9.78706000000000 1451.
9.78710000000000 1421.
9.78710000000000 1464.
9.78710000000000 1464.
9.78706000000000 1514.
9.78721000000000 1510.
9.78721000000000 1460.
9.78721000000000 1460.
9.78710000000000 1428.
9.78710000000000 1542.
9.78710000000000 1542.
9.78700000000000 1408.
9.78706000000000 1560.
9.78706000000000 1560.
9.78710000000000 1423.
9.78710000000000 1494.
9.78710000000000 1518.
9.78710000000000 1518.
9.78706000000000 1502.
9.78710000000000 1513.
9.78710000000000 1513.
9.78664000000000 1492.
9.78727000000000 1426.
9.78727000000000 1426.
9.78727000000000 1392.
9.78710000000000 1486.
9.78710000000000 1492.
9.78710000000000 1492.
9.78718000000000 1442.
9.78710000000000 1444.
9.78710000000000 1444.
9.78710000000000 1541.
9.78706000000000 1459.
9.78710000000000 1530.
9.78710000000000 1530.
9.78706000000000 1434.
9.78664000000000 1441.
9.78664000000000 1441.
9.78727000000000 1506.
9.78710000000000 1481.
9.78710000000000 1481.
9.78706000000000 1547.
9.78710000000000 1515.
9.78706000000000 1401.
9.78706000000000 1401.
9.78710000000000 1403.
9.78706000000000 1511.
9.78706000000000 1511.
9.78706000000000 1455.
9.78727000000000 1490.
9.78706000000000 1490.
9.78706000000000 1490.
9.78721000000000 1449.
9.78706000000000 1406.
9.78706000000000 1406.
9.78727000000000 1491.
9.78710000000000 1495.
9.78710000000000 1495.
9.78706000000000 1417.
9.78727000000000 1505.
9.78721000000000 1530.
9.78721000000000 1530.
9.78721000000000 1440.
9.78706000000000 1453.
9.78706000000000 1453.
9.78710000000000 1472.
9.78710000000000 1473.
9.78710000000000 1473.
9.78706000000000 1435.
9.78706000000000 1464.
9.78706000000000 1510.
9.78706000000000 1510.
9.78721000000000 1471.
9.78727000000000 1463.
9.78727000000000 1463.
9.78710000000000 1438.
9.78710000000000 1482.
9.78710000000000 1435.
9.78710000000000 1435.
9.78710000000000 1484.
9.78706000000000 1403.
9.78706000000000 1403.
9.78710000000000 1365.
9.78710000000000 1484.
9.78725000000000 1422.
9.78725000000000 1422.
9.78710000000000 1472.
9.78706000000000 1392.
9.78706000000000 1392.
9.78706000000000 1470.
9.78706000000000 1445.
9.78706000000000 1445.
9.78725000000000 1464.
9.78727000000000 1484.
9.78727000000000 1471.
9.78727000000000 1471.
9.78710000000000 1406.
9.78700000000000 1543.
9.78700000000000 1543.
9.78727000000000 1448.
9.78718000000000 1467.
9.78710000000000 1472.
9.78710000000000 1472.
9.78710000000000 1420.
9.78721000000000 1538.
9.78721000000000 1538.
9.78710000000000 1411.
9.78710000000000 1402.
9.78710000000000 1402.
9.78706000000000 1509.
9.78710000000000 1438.
9.78710000000000 1458.
9.78710000000000 1458.
9.78727000000000 1473.
9.78721000000000 1472.
9.78721000000000 1472.
9.78727000000000 1480.
9.78706000000000 1422.
9.78723000000000 1430.
9.78723000000000 1430.
9.78710000000000 1463.
9.78664000000000 1359.
9.78664000000000 1359.
9.78710000000000 1416.
9.78721000000000 1488.
9.78721000000000 1488.
9.78706000000000 1513.
9.78710000000000 1382.
9.78710000000000 1513.
9.78710000000000 1513.
9.78727000000000 1406.
9.78710000000000 1464.
9.78710000000000 1464.
9.78706000000000 1461.
9.78706000000000 1471.
9.78706000000000 1475.
9.78706000000000 1475.
9.78706000000000 1465.
9.78710000000000 1466.
9.78710000000000 1466.
9.78721000000000 1463.
9.78725000000000 1485.
9.78725000000000 1485.
9.78706000000000 1437.
9.78710000000000 1402.
9.78706000000000 1499.
9.78706000000000 1499.
9.78725000000000 1523.
9.78710000000000 1406.
9.78710000000000 1406.
9.78710000000000 1448.
9.78727000000000 1454.
9.78727000000000 1439.
9.78727000000000 1439.
9.78727000000000 1488.
9.78706000000000 1427.
9.78706000000000 1427.
9.78710000000000 1432.
9.78664000000000 1421.
9.78710000000000 1486.
9.78710000000000 1486.
9.78727000000000 1431.
9.78664000000000 1514.
9.78664000000000 1514.
9.78710000000000 1514.
9.78706000000000 1459.
9.78710000000000 1390.
9.78710000000000 1390.
9.78706000000000 1489.
9.78664000000000 1473.
9.78664000000000 1473.
9.78727000000000 1464.
9.78710000000000 1485.
9.78710000000000 1485.
9.78710000000000 1491.
9.78710000000000 1468.
9.78710000000000 1374.
9.78710000000000 1374.
9.78710000000000 1415.
9.78727000000000 1477.
9.78727000000000 1477.
9.78727000000000 1475.
9.78706000000000 1474.
9.78710000000000 1492.
9.78710000000000 1492.
9.78727000000000 1449.
9.78710000000000 1341.
9.78710000000000 1341.
9.78691000000000 1498.
9.78710000000000 1569.
9.78710000000000 1569.
9.78710000000000 1492.
9.78721000000000 1402.
9.78710000000000 1493.
9.78710000000000 1493.
9.78706000000000 1439.
9.78710000000000 1462.
9.78710000000000 1462.
9.78721000000000 1460.
9.78710000000000 1438.
9.78710000000000 1433.
9.78710000000000 1433.
9.78727000000000 1456.
9.78721000000000 1409.
9.78721000000000 1409.
9.78710000000000 1469.
9.78664000000000 1501.
9.78664000000000 1501.
9.78710000000000 1443.
9.78727000000000 1450.
9.78710000000000 1388.
9.78710000000000 1388.
9.78721000000000 1510.
9.78706000000000 1478.
9.78706000000000 1478.
9.78710000000000 1508.
9.78727000000000 1504.
9.78723000000000 1464.
9.78723000000000 1464.
9.78710000000000 1491.
9.78706000000000 1488.
9.78706000000000 1488.
9.78706000000000 1489.
9.78710000000000 1495.
9.78710000000000 1433.
9.78710000000000 1433.
9.78710000000000 1418.
9.78727000000000 1533.
9.78727000000000 1533.
9.78706000000000 1522.
9.78727000000000 1467.
9.78727000000000 1467.
9.78727000000000 1443.
9.78710000000000 1512.
9.78710000000000 1467.
9.78710000000000 1467.
9.78710000000000 1494.
9.78725000000000 1495.
9.78725000000000 1495.
9.78710000000000 1449.
9.78664000000000 1496.
9.78706000000000 1411.
9.78706000000000 1411.
9.78710000000000 1570.
9.78706000000000 1450.
9.78706000000000 1450.
9.78721000000000 1436.
9.78710000000000 1549.
9.78710000000000 1549.
9.78664000000000 1443.
9.78725000000000 1410.
9.78710000000000 1521.
9.78710000000000 1521.
9.78710000000000 1443.
9.78710000000000 1490.
9.78710000000000 1490.
9.78706000000000 1372.
9.78710000000000 1455.
9.78710000000000 1459.
9.78710000000000 1459.
9.78710000000000 1468.
9.78721000000000 1413.
9.78721000000000 1413.
9.78706000000000 1386.
9.78725000000000 1538.
9.78725000000000 1538.
9.78718000000000 1497.
9.78710000000000 1425.
9.78706000000000 1505.
9.78706000000000 1505.
9.78710000000000 1441.
9.78710000000000 1425.
9.78710000000000 1425.
9.78710000000000 1433.
9.78706000000000 1458.
9.78706000000000 1400.
9.78706000000000 1400.
9.78710000000000 1444.
9.78710000000000 1514.
9.78710000000000 1514.
9.78706000000000 1501.
9.78725000000000 1459.
9.78725000000000 1459.
9.78706000000000 1565.
9.78725000000000 1550.
9.78725000000000 1550.
9.78710000000000 1444.
9.78706000000000 1450.
9.78664000000000 1446.
9.78664000000000 1446.
9.78710000000000 1502.
9.78727000000000 1430.
9.78727000000000 1430.
9.78706000000000 1471.
9.78706000000000 1383.
9.78710000000000 1406.
9.78710000000000 1406.
9.78710000000000 1445.
9.78664000000000 1439.
9.78664000000000 1439.
9.78727000000000 1508.
9.78710000000000 1396.
9.78710000000000 1396.
9.78710000000000 1458.
9.78727000000000 1514.
9.78727000000000 1452.
9.78727000000000 1452.
9.78710000000000 1456.
9.78710000000000 1468.
9.78710000000000 1468.
9.78727000000000 1399.
9.78710000000000 1447.
9.78710000000000 1447.
9.78710000000000 1346.
9.78706000000000 1423.
9.78710000000000 1476.
9.78710000000000 1476.
9.78664000000000 1489.
9.78710000000000 1484.
9.78710000000000 1484.
9.78706000000000 1487.
9.78706000000000 1446.
9.78706000000000 1446.
9.78706000000000 1583.
9.78718000000000 1477.
9.78725000000000 1472.
9.78725000000000 1472.
9.78710000000000 1486.
9.78721000000000 1492.
9.78721000000000 1492.
9.78710000000000 1508.
9.78710000000000 1456.
9.78710000000000 1456.
9.78710000000000 1498.
9.78706000000000 1475.
9.78718000000000 1430.
9.78718000000000 1430.
9.78710000000000 1451.
9.78710000000000 1464.
9.78710000000000 1464.
9.78723000000000 1473.
9.78727000000000 1490.
9.78721000000000 1425.
9.78721000000000 1425.
9.78721000000000 1489.
