9.78957000000000 4253.
9.78957000000000 4253.
9.78952000000000 4053.
9.78952000000000 3984.
9.78952000000000 3984.
9.78952000000000 3936.
9.78952000000000 3936.
9.78957000000000 3954.
9.78957000000000 3949.
9.78957000000000 3949.
9.78952000000000 3998.
9.78952000000000 3976.
9.78952000000000 3976.
9.78957000000000 3946.
9.78957000000000 3946.
9.78952000000000 3936.
9.78952000000000 4022.
9.78952000000000 4022.
9.78942000000000 4029.
9.78942000000000 4029.
9.78952000000000 4096.
9.78967000000000 4080.
9.78967000000000 4080.
9.78957000000000 3926.
9.78957000000000 3926.
9.78952000000000 3949.
9.78952000000000 4075.
9.78952000000000 4075.
9.78952000000000 4027.
9.78952000000000 4027.
9.78962000000000 3983.
9.78952000000000 4081.
9.78952000000000 4081.
9.78952000000000 3988.
9.78952000000000 3988.
9.78962000000000 4036.
9.78962000000000 4036.
9.78952000000000 3937.
9.78952000000000 3988.
9.78952000000000 3988.
9.78952000000000 4017.
9.78952000000000 4017.
9.78942000000000 4068.
9.78942000000000 3921.
9.78942000000000 3921.
9.78957000000000 4003.
9.78957000000000 4003.
9.78942000000000 4128.
9.78972000000000 4066.
9.78972000000000 4066.
9.78952000000000 3973.
9.78952000000000 3973.
9.78952000000000 4023.
9.78952000000000 4081.
9.78952000000000 4081.
9.78952000000000 4103.
9.78952000000000 4103.
9.78952000000000 4194.
9.78952000000000 4037.
9.78952000000000 4037.
9.78972000000000 3945.
9.78972000000000 3945.
9.78967000000000 3907.
9.78967000000000 3907.
9.78952000000000 4030.
9.78952000000000 3936.
9.78952000000000 3936.
9.78942000000000 4099.
9.78942000000000 4099.
9.78952000000000 3957.
9.78952000000000 4003.
9.78952000000000 4003.
9.78967000000000 4072.
9.78967000000000 4072.
9.78952000000000 4108.
9.78952000000000 3929.
9.78952000000000 3929.
9.78952000000000 4100.
9.78952000000000 4100.
9.78952000000000 4034.
9.78952000000000 4096.
9.78952000000000 4096.
9.78952000000000 3946.
9.78952000000000 3946.
9.78952000000000 4082.
9.78952000000000 4006.
9.78952000000000 4006.
9.78952000000000 3960.
9.78952000000000 3960.
9.78952000000000 4073.
9.78957000000000 4031.
9.78957000000000 4031.
9.78952000000000 4125.
9.78952000000000 4125.
9.78952000000000 4063.
9.78952000000000 4069.
9.78952000000000 4069.
9.78952000000000 4270.
9.78952000000000 4270.
9.78952000000000 4051.
9.78952000000000 4099.
9.78952000000000 4099.
9.78942000000000 4114.
9.78942000000000 4114.
9.78952000000000 4042.
9.78952000000000 3988.
9.78952000000000 3988.
9.78952000000000 3922.
9.78952000000000 3922.
9.78952000000000 4060.
9.78952000000000 4007.
9.78952000000000 4007.
9.78972000000000 4007.
9.78972000000000 4007.
9.78952000000000 4115.
9.78952000000000 4115.
9.78952000000000 4090.
9.78952000000000 4022.
9.78952000000000 4022.
9.78952000000000 4038.
9.78952000000000 4038.
9.78952000000000 3959.
9.78952000000000 3963.
9.78952000000000 3963.
9.78942000000000 3966.
9.78942000000000 3966.
9.78967000000000 4112.
9.78952000000000 3999.
9.78952000000000 3999.
9.78952000000000 4082.
9.78952000000000 4082.
9.78952000000000 4077.
9.78957000000000 4006.
9.78957000000000 4006.
9.78952000000000 4052.
9.78952000000000 4052.
9.78952000000000 4077.
9.78952000000000 4063.
9.78952000000000 4063.
9.78995000000000 4030.
9.78995000000000 4030.
9.78942000000000 4011.
9.78952000000000 3937.
9.78952000000000 3937.
9.78995000000000 4058.
9.78995000000000 4058.
9.78982000000000 3973.
9.78982000000000 3973.
9.78952000000000 4044.
9.78982000000000 4021.
9.78982000000000 4021.
9.78952000000000 3987.
9.78952000000000 3987.
9.78972000000000 3908.
9.78952000000000 3914.
9.78952000000000 3914.
9.78957000000000 3928.
9.78957000000000 3928.
9.78952000000000 4097.
9.78952000000000 4033.
9.78952000000000 4033.
9.78952000000000 3971.
9.78952000000000 3971.
9.78952000000000 4197.
9.78952000000000 4012.
9.78952000000000 4012.
9.78952000000000 4112.
9.78952000000000 4112.
9.78952000000000 3846.
9.78952000000000 3846.
9.78942000000000 4070.
9.78952000000000 4129.
9.78952000000000 4129.
9.78952000000000 4088.
9.78952000000000 4088.
9.78967000000000 4134.
9.78982000000000 4125.
9.78982000000000 4125.
9.78962000000000 4003.
9.78962000000000 4003.
9.78952000000000 4026.
9.78995000000000 4107.
9.78995000000000 4107.
9.78952000000000 3962.
9.78952000000000 3962.
9.78995000000000 4036.
9.78952000000000 4105.
9.78952000000000 4105.
9.78952000000000 3789.
9.78952000000000 3789.
9.78952000000000 4014.
9.78952000000000 4099.
9.78952000000000 4099.
9.78952000000000 4030.
9.78952000000000 4030.
9.78952000000000 3947.
9.78952000000000 3947.
9.78942000000000 4096.
9.78952000000000 4145.
9.78952000000000 4145.
9.78952000000000 3976.
9.78952000000000 3976.
9.78952000000000 3996.
9.78952000000000 3924.
9.78952000000000 3924.
9.78952000000000 3958.
9.78952000000000 3958.
9.78952000000000 3950.
9.78952000000000 3813.
9.78952000000000 3813.
9.78972000000000 4019.
9.78972000000000 4019.
9.78952000000000 4112.
9.78952000000000 4044.
9.78952000000000 4044.
9.78952000000000 4116.
9.78952000000000 4116.
9.78952000000000 3959.
9.78995000000000 4032.
9.78995000000000 4032.
9.78952000000000 4070.
9.78952000000000 4070.
9.78972000000000 4054.
9.78952000000000 3871.
9.78952000000000 3871.
9.78952000000000 4014.
9.78952000000000 4014.
9.78952000000000 4052.
9.78952000000000 4090.
9.78952000000000 4090.
9.78952000000000 4052.
9.78952000000000 4052.
9.78995000000000 3957.
9.78952000000000 4012.
9.78952000000000 4012.
9.78952000000000 4044.
9.78952000000000 4044.
9.78952000000000 3961.
9.78952000000000 3961.
9.78952000000000 4115.
9.78962000000000 3980.
9.78962000000000 3980.
9.78952000000000 4035.
9.78952000000000 4035.
9.78952000000000 4119.
9.78952000000000 4106.
9.78952000000000 4106.
9.78952000000000 3997.
9.78952000000000 3997.
9.78952000000000 4097.
9.78952000000000 4009.
9.78952000000000 4009.
9.78962000000000 4117.
9.78962000000000 4117.
9.78952000000000 3904.
9.78952000000000 4131.
9.78952000000000 4131.
9.78952000000000 3988.
9.78952000000000 3988.
9.78982000000000 4061.
9.78952000000000 4010.
9.78952000000000 4010.
9.78952000000000 4067.
9.78952000000000 4067.
9.78957000000000 4119.
9.78967000000000 4194.
9.78967000000000 4194.
9.78942000000000 4024.
9.78942000000000 4024.
9.78967000000000 3987.
9.78962000000000 4054.
9.78962000000000 4054.
9.78952000000000 3894.
9.78952000000000 3894.
9.78952000000000 4079.
9.78952000000000 4027.
9.78952000000000 4027.
9.78952000000000 4056.
9.78952000000000 4056.
9.78952000000000 4053.
9.78952000000000 4053.
9.78952000000000 3943.
9.78952000000000 4010.
9.78952000000000 4010.
9.78972000000000 3960.
9.78972000000000 3960.
9.78957000000000 4033.
9.78952000000000 4006.
9.78952000000000 4006.
9.78952000000000 3950.
9.78952000000000 3950.
9.78972000000000 3940.
9.78952000000000 3994.
9.78952000000000 3994.
9.78952000000000 3952.
9.78952000000000 3952.
9.78972000000000 4033.
9.78952000000000 3993.
9.78952000000000 3993.
9.78952000000000 4072.
9.78952000000000 4072.
9.78952000000000 3974.
9.78952000000000 3974.
9.78952000000000 3974.
9.78952000000000 4110.
9.78952000000000 4110.
9.78952000000000 4008.
9.78952000000000 4191.
9.78952000000000 4191.
9.78952000000000 4013.
9.78952000000000 4013.
9.78952000000000 3966.
9.78952000000000 3966.
9.78952000000000 4075.
9.78952000000000 4059.
9.78952000000000 4059.
9.78952000000000 3935.
9.78952000000000 3935.
9.78942000000000 3923.
9.78952000000000 3985.
9.78952000000000 3985.
9.78952000000000 4105.
9.78952000000000 4105.
9.78962000000000 4074.
9.78952000000000 4229.
9.78952000000000 4229.
9.78952000000000 4030.
9.78952000000000 4030.
9.78952000000000 3978.
9.78967000000000 4089.
9.78967000000000 4089.
9.78952000000000 3991.
9.78952000000000 3991.
9.78952000000000 4184.
9.78952000000000 4151.
9.78952000000000 4151.
9.78995000000000 3936.
9.78995000000000 3936.
9.78952000000000 3996.
9.78952000000000 4102.
9.78952000000000 4102.
9.78952000000000 4096.
9.78952000000000 4096.
9.78952000000000 3953.
9.78982000000000 4114.
9.78982000000000 4114.
9.78972000000000 4017.
9.78972000000000 4017.
9.78952000000000 4007.
9.78952000000000 4104.
9.78952000000000 4104.
9.78967000000000 4036.
9.78967000000000 4036.
9.78952000000000 4134.
9.78952000000000 4059.
9.78952000000000 4059.
9.78972000000000 3927.
9.78972000000000 3927.
9.78962000000000 4052.
9.78995000000000 4008.
9.78995000000000 4008.
9.78952000000000 3999.
9.78952000000000 3999.
9.78952000000000 4032.
9.78952000000000 4100.
9.78952000000000 4100.
9.78957000000000 4105.
9.78957000000000 4105.
9.78952000000000 4034.
9.78952000000000 4034.
9.78952000000000 3931.
9.78952000000000 3997.
9.78952000000000 3997.
9.78952000000000 4041.
9.78952000000000 4041.
9.78952000000000 4070.
9.78952000000000 4022.
9.78952000000000 4022.
9.78952000000000 4151.
9.78952000000000 4151.
9.78957000000000 3960.
9.78952000000000 4013.
9.78952000000000 4013.
9.78952000000000 3952.
9.78952000000000 3952.
9.78982000000000 3953.
9.78952000000000 4001.
9.78952000000000 4001.
9.78977000000000 4009.
9.78977000000000 4009.
9.78952000000000 3993.
9.78952000000000 4081.
9.78952000000000 4081.
9.78952000000000 3981.
9.78952000000000 3981.
9.78957000000000 4087.
9.78952000000000 4065.
9.78952000000000 4065.
9.78952000000000 4164.
9.78952000000000 4164.
9.78952000000000 4059.
9.78952000000000 4034.
9.78952000000000 4034.
9.78952000000000 3877.
9.78952000000000 3877.
9.78952000000000 4036.
9.78995000000000 3982.
9.78995000000000 3982.
9.78952000000000 4034.
9.78952000000000 4034.
9.78952000000000 4103.
9.78952000000000 4070.
9.78952000000000 4070.
9.78972000000000 3983.
9.78972000000000 3983.
9.78952000000000 4092.
9.78952000000000 4091.
9.78952000000000 4091.
9.78957000000000 4097.
9.78957000000000 4097.
9.78967000000000 4104.
9.78952000000000 4000.
9.78952000000000 4000.
9.78952000000000 4045.
9.78952000000000 4045.
9.78952000000000 4099.
9.78952000000000 3927.
9.78952000000000 3927.
9.78952000000000 4023.
9.78952000000000 4023.
9.78952000000000 3970.
9.78952000000000 4067.
9.78952000000000 4067.
9.78982000000000 4129.
9.78982000000000 4129.
9.78952000000000 4120.
9.78952000000000 3995.
9.78952000000000 3995.
9.78952000000000 4137.
9.78952000000000 4137.
9.78967000000000 4053.
9.78967000000000 4053.
9.78982000000000 4106.
9.78952000000000 4042.
9.78952000000000 4042.
9.78952000000000 3990.
9.78952000000000 3990.
9.79025000000000 3937.
9.78952000000000 4115.
9.78952000000000 4115.
9.78952000000000 4092.
9.78952000000000 4092.
9.78952000000000 4120.
9.78952000000000 3950.
9.78952000000000 3950.
9.78952000000000 3946.
9.78952000000000 3946.
9.78957000000000 4000.
9.78952000000000 4037.
9.78952000000000 4037.
9.78952000000000 4041.
9.78952000000000 4041.
9.78952000000000 3994.
9.78977000000000 4051.
9.78977000000000 4051.
9.78952000000000 4188.
9.78952000000000 4188.
9.78952000000000 3899.
9.78952000000000 3899.
9.78967000000000 3954.
9.78952000000000 3910.
9.78952000000000 3910.
9.78952000000000 4000.
9.78952000000000 4000.
9.78952000000000 3836.
9.78952000000000 4192.
9.78952000000000 4192.
9.78967000000000 4061.
9.78967000000000 4061.
9.78952000000000 4099.
9.78995000000000 3983.
9.78995000000000 3983.
9.78957000000000 4036.
9.78957000000000 4036.
9.78952000000000 3999.
9.78952000000000 4045.
9.78952000000000 4045.
9.78967000000000 4076.
9.78967000000000 4076.
9.78952000000000 4133.
9.78952000000000 4078.
9.78952000000000 4078.
9.78952000000000 4162.
9.78952000000000 4162.
9.78952000000000 4107.
9.78942000000000 4061.
9.78942000000000 4061.
9.78995000000000 4073.
9.78995000000000 4073.
9.78952000000000 4069.
