9.79252000000000 6709.
9.79252000000000 6875.
9.79252000000000 6903.
9.79252000000000 6791.
9.79252000000000 6785.
9.79253000000000 6897.
9.79252000000000 6809.
9.79252000000000 6924.
9.79252000000000 6979.
9.79252000000000 6688.
9.79252000000000 6883.
9.79253000000000 6831.
9.79252000000000 6796.
9.79252000000000 6882.
9.79252000000000 6809.
9.79252000000000 6820.
9.79252000000000 6858.
9.79252000000000 6758.
9.79252000000000 6980.
9.79252000000000 6779.
9.79252000000000 6930.
9.79252000000000 6837.
9.79252000000000 6755.
9.79252000000000 6873.
9.79252000000000 6801.
9.79252000000000 6765.
9.79252000000000 6766.
9.79253000000000 6686.
9.79252000000000 6743.
9.79252000000000 6842.
9.79252000000000 6781.
9.79252000000000 6899.
9.79252000000000 6913.
9.79246000000000 6871.
9.79252000000000 6784.
9.79252000000000 6677.
9.79252000000000 6893.
9.79252000000000 6931.
9.79252000000000 6797.
9.79252000000000 6784.
9.79252000000000 7004.
9.79252000000000 6881.
9.79252000000000 6892.
9.79252000000000 6889.
9.79252000000000 6682.
9.79252000000000 6803.
9.79252000000000 6752.
9.79252000000000 6891.
9.79252000000000 6763.
9.79252000000000 6831.
9.79252000000000 6845.
9.79252000000000 6975.
9.79253000000000 6897.
9.79252000000000 6829.
9.79252000000000 6548.
9.79252000000000 6892.
9.79252000000000 6967.
9.79252000000000 6745.
9.79252000000000 6901.
9.79252000000000 6928.
9.79252000000000 6796.
9.79252000000000 6953.
9.79252000000000 6763.
9.79252000000000 6980.
9.79252000000000 6726.
9.79252000000000 6701.
9.79252000000000 6916.
9.79252000000000 6958.
9.79252000000000 6864.
9.79252000000000 6839.
9.79252000000000 7052.
9.79253000000000 6877.
9.79252000000000 6907.
9.79252000000000 6822.
9.79252000000000 6925.
9.79252000000000 7058.
9.79252000000000 6686.
9.79252000000000 6777.
9.79252000000000 6846.
9.79252000000000 6659.
9.79252000000000 7021.
9.79252000000000 6944.
9.79252000000000 6778.
9.79252000000000 7044.
9.79252000000000 6895.
9.79252000000000 6824.
9.79252000000000 6929.
9.79252000000000 6785.
9.79252000000000 7021.
9.79252000000000 6770.
9.79252000000000 6849.
9.79252000000000 6690.
9.79252000000000 6851.
9.79252000000000 6869.
9.79252000000000 6888.
9.79252000000000 6875.
9.79252000000000 6628.
9.79252000000000 6877.
9.79252000000000 6794.
9.79252000000000 6864.
9.79252000000000 6808.
9.79252000000000 6851.
9.79252000000000 6698.
9.79252000000000 6904.
9.79252000000000 6839.
9.79252000000000 6724.
9.79252000000000 6848.
9.79252000000000 6893.
9.79252000000000 6855.
9.79252000000000 6933.
9.79252000000000 6904.
9.79252000000000 6841.
9.79252000000000 6845.
9.79252000000000 6896.
9.79252000000000 6729.
9.79252000000000 6897.
9.79252000000000 6805.
9.79252000000000 6905.
9.79252000000000 6930.
9.79252000000000 6814.
9.79252000000000 6949.
9.79252000000000 6802.
9.79252000000000 6739.
9.79252000000000 6700.
9.79252000000000 6831.
9.79252000000000 6752.
9.79252000000000 6731.
9.79252000000000 6641.
9.79252000000000 6794.
9.79252000000000 6814.
9.79252000000000 6802.
9.79252000000000 6934.
9.79252000000000 6717.
9.79252000000000 6832.
9.79252000000000 6930.
9.79252000000000 6852.
9.79252000000000 6922.
9.79252000000000 6803.
9.79252000000000 6887.
9.79252000000000 6929.
9.79252000000000 6905.
9.79252000000000 6900.
9.79252000000000 6705.
9.79252000000000 6871.
9.79252000000000 6746.
9.79252000000000 6832.
9.79252000000000 6900.
9.79252000000000 6854.
9.79252000000000 6747.
9.79252000000000 6887.
9.79252000000000 6918.
9.79252000000000 6747.
9.79252000000000 6782.
9.79252000000000 6824.
9.79253000000000 6889.
9.79252000000000 6923.
9.79252000000000 7005.
9.79252000000000 6828.
9.79252000000000 6744.
9.79252000000000 6810.
9.79252000000000 6625.
9.79253000000000 6977.
9.79252000000000 6939.
9.79252000000000 6803.
9.79252000000000 6841.
9.79252000000000 6872.
9.79252000000000 6915.
9.79252000000000 6706.
9.79252000000000 6844.
9.79252000000000 6853.
9.79252000000000 6799.
9.79252000000000 6816.
9.79252000000000 6750.
9.79252000000000 6726.
9.79252000000000 6865.
9.79252000000000 6703.
9.79252000000000 6844.
9.79252000000000 7052.
9.79252000000000 6802.
9.79252000000000 6911.
9.79252000000000 6767.
9.79252000000000 6948.
9.79252000000000 6784.
9.79252000000000 6823.
9.79252000000000 6774.
9.79252000000000 6824.
9.79252000000000 6873.
9.79252000000000 6661.
9.79252000000000 6920.
9.79252000000000 6785.
9.79252000000000 6866.
9.79252000000000 6815.
9.79252000000000 6906.
9.79252000000000 6707.
9.79252000000000 6821.
9.79252000000000 6755.
9.79252000000000 6841.
9.79252000000000 6885.
9.79252000000000 6707.
9.79252000000000 6874.
9.79252000000000 6782.
9.79252000000000 6985.
9.79252000000000 7017.
9.79252000000000 6697.
9.79252000000000 6693.
9.79252000000000 7020.
9.79252000000000 6786.
9.79252000000000 6774.
9.79252000000000 6943.
9.79252000000000 6772.
9.79252000000000 6729.
9.79252000000000 6622.
9.79252000000000 7079.
9.79252000000000 6804.
9.79252000000000 6987.
9.79252000000000 6956.
9.79252000000000 6699.
9.79252000000000 6890.
9.79252000000000 6780.
9.79252000000000 6696.
9.79252000000000 6917.
9.79253000000000 6757.
9.79252000000000 6906.
9.79252000000000 6726.
9.79252000000000 6837.
9.79252000000000 6757.
9.79252000000000 6979.
9.79252000000000 6914.
9.79252000000000 6953.
9.79252000000000 6774.
9.79252000000000 6880.
9.79252000000000 6660.
9.79252000000000 6776.
9.79252000000000 6792.
9.79252000000000 6994.
9.79252000000000 6838.
9.79252000000000 6909.
9.79252000000000 6854.
9.79252000000000 6820.
9.79252000000000 6907.
9.79252000000000 6952.
9.79252000000000 6748.
9.79252000000000 6955.
9.79252000000000 6833.
9.79252000000000 6947.
9.79252000000000 7011.
9.79252000000000 6984.
9.79252000000000 6815.
9.79252000000000 6688.
9.79252000000000 6810.
9.79252000000000 6744.
9.79252000000000 6909.
9.79252000000000 6934.
9.79252000000000 6735.
9.79252000000000 6963.
9.79252000000000 6953.
9.79252000000000 6794.
9.79252000000000 6763.
9.79252000000000 6985.
9.79252000000000 6833.
9.79252000000000 6843.
9.79252000000000 7049.
9.79252000000000 6915.
9.79252000000000 6825.
9.79252000000000 6909.
9.79252000000000 6652.
9.79252000000000 6945.
9.79252000000000 6858.
9.79252000000000 6746.
9.79252000000000 6742.
9.79252000000000 6827.
9.79252000000000 6882.
9.79252000000000 6788.
9.79252000000000 6851.
9.79252000000000 6674.
9.79253000000000 6893.
9.79252000000000 6873.
9.79252000000000 6934.
9.79253000000000 6824.
9.79252000000000 6899.
9.79252000000000 6673.
9.79252000000000 7028.
9.79252000000000 6732.
9.79252000000000 6757.
9.79252000000000 6920.
9.79252000000000 6998.
9.79252000000000 6866.
9.79252000000000 6858.
9.79252000000000 6838.
9.79252000000000 6650.
9.79252000000000 6791.
9.79252000000000 6652.
9.79252000000000 6730.
9.79252000000000 6885.
9.79252000000000 6832.
9.79252000000000 7009.
9.79252000000000 6880.
9.79252000000000 6969.
9.79252000000000 6800.
9.79252000000000 6907.
9.79252000000000 6725.
9.79252000000000 6709.
9.79252000000000 6873.
9.79252000000000 6925.
9.79252000000000 6705.
9.79252000000000 6803.
9.79252000000000 6793.
9.79252000000000 6817.
9.79252000000000 6896.
9.79252000000000 6838.
9.79252000000000 6734.
9.79252000000000 6789.
9.79252000000000 6832.
9.79252000000000 6811.
9.79252000000000 6837.
9.79252000000000 6914.
9.79252000000000 6910.
9.79252000000000 6841.
9.79252000000000 6767.
9.79252000000000 6829.
9.79252000000000 6817.
9.79252000000000 6785.
9.79252000000000 6763.
9.79252000000000 6884.
9.79252000000000 6902.
9.79252000000000 6711.
9.79252000000000 6798.
9.79252000000000 6742.
9.79252000000000 6837.
9.79252000000000 6817.
9.79252000000000 6765.
9.79252000000000 6933.
9.79252000000000 6699.
9.79252000000000 7007.
9.79252000000000 6864.
9.79253000000000 7032.
9.79252000000000 6765.
9.79252000000000 6903.
9.79252000000000 6899.
9.79253000000000 6843.
9.79252000000000 6915.
9.79252000000000 6967.
9.79252000000000 6922.
9.79252000000000 6959.
9.79252000000000 6825.
9.79252000000000 6866.
9.79252000000000 6730.
9.79252000000000 6969.
9.79252000000000 6899.
9.79252000000000 6853.
9.79253000000000 6731.
9.79253000000000 7063.
9.79252000000000 6941.
9.79252000000000 6946.
9.79253000000000 6673.
9.79252000000000 6770.
9.79252000000000 6827.
9.79252000000000 6901.
9.79252000000000 6799.
9.79252000000000 6889.
9.79252000000000 6939.
9.79252000000000 6978.
9.79252000000000 6785.
9.79252000000000 6862.
9.79252000000000 6662.
9.79252000000000 6745.
9.79252000000000 6775.
9.79252000000000 6829.
9.79252000000000 6721.
9.79252000000000 6788.
9.79252000000000 6884.
9.79252000000000 6846.
9.79252000000000 7030.
9.79252000000000 6887.
9.79252000000000 6627.
9.79252000000000 6747.
9.79252000000000 6886.
9.79252000000000 7094.
9.79252000000000 6938.
9.79252000000000 6702.
9.79252000000000 7059.
9.79252000000000 6832.
9.79252000000000 6936.
9.79253000000000 6834.
9.79252000000000 6781.
9.79252000000000 6845.
9.79252000000000 6840.
9.79252000000000 6960.
9.79252000000000 6890.
9.79252000000000 6796.
9.79252000000000 6866.
9.79252000000000 6886.
9.79252000000000 6839.
9.79252000000000 6801.
9.79252000000000 6832.
9.79252000000000 6897.
9.79252000000000 6893.
9.79252000000000 6455.
9.79252000000000 6817.
9.79252000000000 6848.
9.79252000000000 6809.
9.79252000000000 6888.
9.79252000000000 6802.
9.79252000000000 6870.
9.79252000000000 6861.
9.79252000000000 6948.
9.79252000000000 6775.
9.79252000000000 6892.
9.79252000000000 6890.
9.79252000000000 6666.
9.79252000000000 6758.
9.79253000000000 6796.
9.79253000000000 6748.
9.79252000000000 6815.
9.79252000000000 6825.
9.79252000000000 6845.
9.79252000000000 6930.
9.79252000000000 6844.
9.79252000000000 6950.
9.79252000000000 6864.
9.79252000000000 6930.
9.79252000000000 6784.
9.79252000000000 6871.
9.79252000000000 6879.
9.79252000000000 6824.
9.79252000000000 6883.
9.79252000000000 6877.
9.79252000000000 6814.
9.79252000000000 6901.
9.79252000000000 6701.
9.79252000000000 6776.
9.79252000000000 6939.
9.79252000000000 6769.
9.79252000000000 6769.
9.79253000000000 6870.
9.79252000000000 6792.
9.79252000000000 6776.
9.79252000000000 6850.
9.79252000000000 6896.
9.79252000000000 6868.
9.79252000000000 6805.
9.79252000000000 6789.
9.79252000000000 6755.
9.79252000000000 6810.
9.79252000000000 6835.
9.79252000000000 6897.
9.79252000000000 6784.
9.79252000000000 6838.
9.79252000000000 6798.
9.79252000000000 6753.
9.79252000000000 6720.
9.79252000000000 6793.
9.79252000000000 6876.
9.79252000000000 6860.
9.79252000000000 6764.
9.79252000000000 6808.
9.79247000000000 6817.
9.79252000000000 6888.
9.79252000000000 6908.
9.79252000000000 6669.
9.79252000000000 6689.
9.79252000000000 6848.
9.79252000000000 6795.
9.79252000000000 6765.
9.79253000000000 6942.
9.79252000000000 6672.
9.79252000000000 6815.
9.79252000000000 7069.
9.79252000000000 6801.
9.79252000000000 6924.
9.79252000000000 6924.
9.79252000000000 6899.
9.79252000000000 6932.
9.79252000000000 6838.
9.79252000000000 6728.
9.79252000000000 6834.
9.79252000000000 6728.
9.79252000000000 6926.
9.79252000000000 6736.
9.79252000000000 6982.
9.79252000000000 6961.
9.79252000000000 6766.
9.79252000000000 6733.
9.79252000000000 6940.
9.79252000000000 6869.
9.79252000000000 6707.
9.79252000000000 6850.
9.79252000000000 6807.
9.79252000000000 6821.
9.79252000000000 6803.
9.79252000000000 6862.
9.79252000000000 6812.
9.79252000000000 6746.
9.79252000000000 6911.
9.79252000000000 6844.
9.79252000000000 6926.
9.79252000000000 6735.
9.79252000000000 7014.
9.79252000000000 6737.
9.79252000000000 6917.
