9.79434000000000 7810.
9.79433000000000 8062.
9.79434000000000 7964.
9.79434000000000 8021.
9.79434000000000 8249.
9.79434000000000 8046.
9.79434000000000 8128.
9.79434000000000 7922.
9.79440000000000 8112.
9.79433000000000 8039.
9.79434000000000 8010.
9.79434000000000 8214.
9.79440000000000 8122.
9.79434000000000 8018.
9.79434000000000 8113.
9.79434000000000 7990.
9.79428000000000 8176.
9.79437000000000 8130.
9.79434000000000 7912.
9.79434000000000 8212.
9.79428000000000 8202.
9.79434000000000 7887.
9.79434000000000 8137.
9.79437000000000 7848.
9.79434000000000 8147.
9.79434000000000 8275.
9.79434000000000 8336.
9.79441000000000 7951.
9.79434000000000 8095.
9.79434000000000 8000.
9.79434000000000 8104.
9.79437000000000 8183.
9.79434000000000 8236.
9.79434000000000 8301.
9.79434000000000 8148.
9.79428000000000 8024.
9.79434000000000 8138.
9.79434000000000 7960.
9.79434000000000 8102.
9.79434000000000 8061.
9.79434000000000 8172.
9.79437000000000 8076.
9.79434000000000 8078.
9.79434000000000 7946.
9.79434000000000 8254.
9.79434000000000 8029.
9.79434000000000 8166.
9.79434000000000 8069.
9.79434000000000 7914.
9.79434000000000 8149.
9.79433000000000 8340.
9.79434000000000 8106.
9.79434000000000 8151.
9.79434000000000 8160.
9.79434000000000 8209.
9.79434000000000 8160.
9.79434000000000 8088.
9.79437000000000 7832.
9.79437000000000 7956.
9.79443000000000 8057.
9.79434000000000 8173.
9.79434000000000 8026.
9.79428000000000 8048.
9.79434000000000 8247.
9.79434000000000 8114.
9.79434000000000 8206.
9.79434000000000 8028.
9.79434000000000 8026.
9.79433000000000 8103.
9.79434000000000 8140.
9.79434000000000 8052.
9.79434000000000 8167.
9.79434000000000 8039.
9.79428000000000 8032.
9.79434000000000 8104.
9.79434000000000 8202.
9.79434000000000 8104.
9.79437000000000 8305.
9.79434000000000 8205.
9.79434000000000 7929.
9.79437000000000 8205.
9.79434000000000 8119.
9.79434000000000 8387.
9.79437000000000 7901.
9.79434000000000 8213.
9.79434000000000 8071.
9.79434000000000 8236.
9.79434000000000 8114.
9.79434000000000 8230.
9.79434000000000 8049.
9.79433000000000 8091.
9.79434000000000 8190.
9.79434000000000 8115.
9.79428000000000 8203.
9.79434000000000 7806.
9.79434000000000 8282.
9.79434000000000 8057.
9.79428000000000 7926.
9.79434000000000 8030.
9.79434000000000 8134.
9.79437000000000 8281.
9.79434000000000 8138.
9.79428000000000 8071.
9.79434000000000 8043.
9.79434000000000 8034.
9.79434000000000 7964.
9.79434000000000 7922.
9.79434000000000 8118.
9.79434000000000 8135.
9.79440000000000 8280.
9.79434000000000 8093.
9.79434000000000 8054.
9.79437000000000 8192.
9.79434000000000 8031.
9.79434000000000 8229.
9.79434000000000 8178.
9.79434000000000 8067.
9.79428000000000 7995.
9.79434000000000 8134.
9.79437000000000 7959.
9.79437000000000 8071.
9.79434000000000 8111.
9.79434000000000 8143.
9.79434000000000 8011.
9.79434000000000 8171.
9.79428000000000 7823.
9.79434000000000 8139.
9.79434000000000 8026.
9.79437000000000 8093.
9.79428000000000 7927.
9.79434000000000 8265.
9.79428000000000 8003.
9.79437000000000 8381.
9.79434000000000 7885.
9.79434000000000 8186.
9.79434000000000 8024.
9.79428000000000 8230.
9.79440000000000 8100.
9.79434000000000 8133.
9.79434000000000 8057.
9.79428000000000 8131.
9.79428000000000 7999.
9.79434000000000 8192.
9.79434000000000 8120.
9.79437000000000 7981.
9.79434000000000 8128.
9.79434000000000 8007.
9.79428000000000 8040.
9.79434000000000 8227.
9.79434000000000 8269.
9.79434000000000 8027.
9.79434000000000 8114.
9.79434000000000 8173.
9.79443000000000 8023.
9.79434000000000 8036.
9.79437000000000 8107.
9.79434000000000 8290.
9.79437000000000 8165.
9.79434000000000 7970.
9.79434000000000 8234.
9.79437000000000 7980.
9.79434000000000 8010.
9.79434000000000 8064.
9.79434000000000 8022.
9.79434000000000 8102.
9.79437000000000 8039.
9.79434000000000 7908.
9.79434000000000 8177.
9.79434000000000 8101.
9.79434000000000 8036.
9.79437000000000 8009.
9.79428000000000 8030.
9.79434000000000 8065.
9.79434000000000 7844.
9.79434000000000 7993.
9.79428000000000 7976.
9.79434000000000 7974.
9.79437000000000 8082.
9.79433000000000 8132.
9.79434000000000 8155.
9.79434000000000 8075.
9.79440000000000 8245.
9.79434000000000 8328.
9.79434000000000 8115.
9.79434000000000 8088.
9.79428000000000 8019.
9.79434000000000 7969.
9.79433000000000 7970.
9.79434000000000 8292.
9.79434000000000 8226.
9.79434000000000 8145.
9.79434000000000 8201.
9.79434000000000 8255.
9.79434000000000 8192.
9.79434000000000 8125.
9.79440000000000 8181.
9.79437000000000 8155.
9.79437000000000 8105.
9.79434000000000 7991.
9.79434000000000 7919.
9.79434000000000 8118.
9.79434000000000 8083.
9.79434000000000 8120.
9.79433000000000 7940.
9.79434000000000 8205.
9.79433000000000 8069.
9.79434000000000 8119.
9.79437000000000 8087.
9.79434000000000 8280.
9.79440000000000 8032.
9.79434000000000 8036.
9.79433000000000 8225.
9.79434000000000 8097.
9.79434000000000 8190.
9.79440000000000 7962.
9.79434000000000 8192.
9.79434000000000 8059.
9.79425000000000 8073.
9.79428000000000 8227.
9.79434000000000 8080.
9.79434000000000 8131.
9.79434000000000 8138.
9.79434000000000 8286.
9.79434000000000 7898.
9.79434000000000 8002.
9.79434000000000 8086.
9.79434000000000 7958.
9.79434000000000 8100.
9.79437000000000 8234.
9.79434000000000 8235.
9.79434000000000 8225.
9.79440000000000 7822.
9.79434000000000 8126.
9.79434000000000 8146.
9.79434000000000 7937.
9.79434000000000 8133.
9.79434000000000 8073.
9.79428000000000 8060.
9.79433000000000 8215.
9.79428000000000 7948.
9.79437000000000 7963.
9.79434000000000 8138.
9.79434000000000 7947.
9.79434000000000 8004.
9.79434000000000 7999.
9.79440000000000 8034.
9.79437000000000 8006.
9.79437000000000 8134.
9.79433000000000 7973.
9.79434000000000 8162.
9.79434000000000 8213.
9.79428000000000 7967.
9.79434000000000 8029.
9.79433000000000 8084.
9.79425000000000 8079.
9.79434000000000 7978.
9.79434000000000 8209.
9.79433000000000 8201.
9.79440000000000 8390.
9.79434000000000 8338.
9.79434000000000 8282.
9.79434000000000 8106.
9.79433000000000 8125.
9.79443000000000 7879.
9.79437000000000 8036.
9.79440000000000 8158.
9.79434000000000 8017.
9.79434000000000 8181.
9.79434000000000 7971.
9.79434000000000 8030.
9.79434000000000 8010.
9.79434000000000 7724.
9.79434000000000 8195.
9.79434000000000 8285.
9.79437000000000 7959.
9.79437000000000 8125.
9.79433000000000 8014.
9.79428000000000 8121.
9.79433000000000 8284.
9.79434000000000 8171.
9.79437000000000 8356.
9.79433000000000 8162.
9.79434000000000 8014.
9.79443000000000 8167.
9.79434000000000 8114.
9.79434000000000 8210.
9.79434000000000 7997.
9.79434000000000 8054.
9.79437000000000 8093.
9.79440000000000 8072.
9.79434000000000 8125.
9.79434000000000 7966.
9.79434000000000 8160.
9.79434000000000 8042.
9.79437000000000 8133.
9.79428000000000 8166.
9.79437000000000 8123.
9.79428000000000 7945.
9.79437000000000 8149.
9.79434000000000 8074.
9.79437000000000 8242.
9.79434000000000 8125.
9.79434000000000 7866.
9.79434000000000 8143.
9.79437000000000 7980.
9.79438000000000 8062.
9.79428000000000 8264.
9.79437000000000 8213.
9.79434000000000 8193.
9.79433000000000 8138.
9.79434000000000 8088.
9.79425000000000 8136.
9.79434000000000 8027.
9.79434000000000 8157.
9.79434000000000 7960.
9.79434000000000 8117.
9.79425000000000 7966.
9.79434000000000 8068.
9.79434000000000 8222.
9.79437000000000 8212.
9.79428000000000 8217.
9.79428000000000 7860.
9.79434000000000 8098.
9.79443000000000 7990.
9.79434000000000 8083.
9.79434000000000 8133.
9.79434000000000 8043.
9.79428000000000 7973.
9.79433000000000 8070.
9.79428000000000 8250.
9.79434000000000 8283.
9.79434000000000 8315.
9.79434000000000 8028.
9.79434000000000 8442.
9.79437000000000 8279.
9.79434000000000 8100.
9.79434000000000 8216.
9.79434000000000 8189.
9.79443000000000 8049.
9.79434000000000 8183.
9.79434000000000 8200.
9.79434000000000 8073.
9.79434000000000 8035.
9.79434000000000 7960.
9.79434000000000 8168.
9.79434000000000 7943.
9.79434000000000 8140.
9.79434000000000 8086.
9.79434000000000 8080.
9.79440000000000 7991.
9.79434000000000 8246.
9.79434000000000 8266.
9.79437000000000 8286.
9.79434000000000 8123.
9.79434000000000 8094.
9.79434000000000 8269.
9.79440000000000 8098.
9.79434000000000 8089.
9.79434000000000 7959.
9.79434000000000 8149.
9.79434000000000 7985.
9.79434000000000 8196.
9.79428000000000 8050.
9.79437000000000 8178.
9.79437000000000 7925.
9.79433000000000 8028.
9.79433000000000 8356.
9.79437000000000 7881.
9.79437000000000 8172.
9.79433000000000 8199.
9.79434000000000 8086.
9.79433000000000 7978.
9.79434000000000 8086.
9.79437000000000 8282.
9.79434000000000 8101.
9.79434000000000 7966.
9.79434000000000 8170.
9.79437000000000 8111.
9.79434000000000 8019.
9.79434000000000 8195.
9.79428000000000 8181.
9.79428000000000 7967.
9.79437000000000 8217.
9.79437000000000 7887.
9.79434000000000 8166.
9.79440000000000 8075.
9.79434000000000 8026.
9.79434000000000 8011.
9.79434000000000 7989.
9.79434000000000 8214.
9.79434000000000 8168.
9.79434000000000 8109.
9.79434000000000 8116.
9.79437000000000 8043.
9.79433000000000 8049.
9.79434000000000 8040.
9.79434000000000 8220.
9.79434000000000 8102.
9.79434000000000 7994.
9.79434000000000 7873.
9.79434000000000 8209.
9.79440000000000 8083.
9.79440000000000 7996.
9.79433000000000 8087.
9.79434000000000 8212.
9.79434000000000 8402.
9.79425000000000 8018.
9.79434000000000 8054.
9.79434000000000 8115.
9.79434000000000 8154.
9.79434000000000 8284.
9.79434000000000 7947.
9.79433000000000 8240.
9.79434000000000 8142.
9.79434000000000 8074.
9.79433000000000 7991.
9.79440000000000 7855.
9.79437000000000 8149.
9.79428000000000 8214.
9.79434000000000 8083.
9.79428000000000 8149.
9.79433000000000 7997.
9.79434000000000 7942.
9.79433000000000 8151.
9.79433000000000 8081.
9.79433000000000 8194.
9.79434000000000 8095.
9.79434000000000 8138.
9.79434000000000 7970.
9.79428000000000 8077.
9.79443000000000 8231.
9.79434000000000 8034.
9.79428000000000 8314.
9.79434000000000 8082.
9.79434000000000 7986.
9.79434000000000 8058.
9.79440000000000 8003.
9.79434000000000 8199.
9.79428000000000 8203.
9.79434000000000 8136.
9.79434000000000 8185.
9.79434000000000 8129.
9.79434000000000 8070.
9.79437000000000 8126.
9.79437000000000 8219.
9.79433000000000 8095.
9.79428000000000 8186.
9.79434000000000 8016.
9.79428000000000 8031.
9.79434000000000 7991.
9.79434000000000 8115.
9.79434000000000 8260.
9.79434000000000 7869.
9.79434000000000 8188.
9.79433000000000 8028.
9.79434000000000 8089.
9.79434000000000 8043.
9.79434000000000 8117.
9.79434000000000 8019.
9.79433000000000 7997.
9.79434000000000 8014.
9.79434000000000 7987.
9.79434000000000 8045.
9.79434000000000 7995.
9.79433000000000 8218.
9.79437000000000 8190.
9.79434000000000 8039.
9.79434000000000 8047.
9.79434000000000 8027.
9.79434000000000 8159.
9.79434000000000 7946.
9.79434000000000 8143.
9.79434000000000 7933.
9.79434000000000 8066.
9.79434000000000 8193.
9.79437000000000 8171.
9.79437000000000 8142.
9.79434000000000 8072.
9.79434000000000 8074.
9.79437000000000 8149.
9.79434000000000 8021.
9.79434000000000 8381.
9.79433000000000 8074.
9.79437000000000 7933.
9.79434000000000 8145.
9.79437000000000 7989.
9.79425000000000 7899.
9.79434000000000 8077.
9.79434000000000 7960.
9.79437000000000 8054.
9.79434000000000 7958.
9.79440000000000 7921.
9.79434000000000 8110.
9.79434000000000 8139.
9.79437000000000 8358.
9.79434000000000 8042.
9.79434000000000 8163.
9.79433000000000 8277.
9.79434000000000 7993.
9.79434000000000 8123.
