9.80952100000000 971.7
9.80951600000000 1104.
9.80951600000000 1015.
9.80952200000000 1040.
9.80952000000000 994.0
9.80952000000000 1050.
9.80952100000000 982.2
9.80952000000000 1031.
9.80952000000000 990.5
9.80952000000000 1021.
9.80951400000000 966.7
9.80951600000000 999.2
9.80951400000000 1016.
9.80951600000000 996.1
9.80951600000000 986.2
9.80952000000000 1029.
9.80952100000000 1019.
9.80952100000000 1030.
9.80955100000000 1033.
9.80952200000000 1065.
9.80952000000000 1037.
9.80952100000000 1041.
9.80952100000000 1041.
9.80952100000000 971.9
9.80952000000000 1011.
9.80952000000000 986.7
9.80952000000000 1069.
9.80951600000000 1066.
9.80952000000000 1066.
9.80952100000000 1032.
9.80952100000000 1012.
9.80951600000000 1071.
9.80951500000000 1054.
9.80952000000000 1034.
9.80951900000000 1032.
9.80952000000000 1018.
9.80954500000000 1048.
9.80952000000000 1040.
9.80952200000000 1004.
9.80951600000000 989.3
9.80952000000000 1032.
9.80952000000000 1040.
9.80952000000000 997.8
9.80952000000000 999.6
9.80957700000000 1021.
9.80952000000000 1005.
9.80952000000000 1005.
9.80952000000000 1030.
9.80952100000000 1016.
9.80954600000000 1060.
9.80952000000000 1058.
9.80951600000000 1042.
9.80951600000000 1039.
9.80951600000000 1053.
9.80952000000000 1066.
9.80952000000000 1038.
9.80951400000000 1043.
9.80952000000000 985.8
9.80951700000000 1094.
9.80952000000000 1065.
9.80952000000000 1013.
9.80954500000000 997.4
9.80955100000000 965.1
9.80952000000000 1091.
9.80952200000000 1037.
9.80952000000000 985.7
9.80952000000000 967.7
9.80952000000000 1040.
9.80952000000000 996.1
9.80957800000000 1042.
9.80952000000000 996.0
9.80952000000000 1063.
9.80952000000000 1023.
9.80952100000000 1075.
9.80952000000000 982.7
9.80951600000000 996.7
9.80952000000000 1028.
9.80952000000000 1074.
9.80951600000000 1055.
9.80952000000000 1083.
9.80951900000000 970.2
9.80951400000000 1015.
9.80952000000000 1012.
9.80951600000000 973.7
9.80952000000000 1059.
9.80952000000000 952.7
9.80952100000000 1038.
9.80952000000000 977.4
9.80954500000000 935.9
9.80954800000000 1027.
9.80952100000000 1093.
9.80952200000000 1092.
9.80952000000000 1008.
9.80952000000000 1055.
9.80951600000000 991.0
9.80952000000000 1094.
9.80952100000000 1025.
9.80955400000000 970.2
9.80951600000000 1044.
9.80952100000000 1013.
9.80954300000000 1090.
9.80952000000000 1002.
9.80952000000000 991.7
9.80952000000000 1001.
9.80951400000000 1015.
9.80957700000000 1054.
9.80954300000000 952.1
9.80952000000000 1068.
9.80952000000000 1007.
9.80951600000000 946.2
9.80952000000000 982.3
9.80954500000000 1005.
9.80951600000000 1064.
9.80952000000000 1011.
9.80951600000000 1028.
9.80952000000000 1046.
9.80951600000000 1001.
9.80952200000000 984.3
9.80952100000000 1041.
9.80952000000000 1023.
9.80952000000000 985.3
9.80951400000000 1073.
9.80952100000000 1027.
9.80952100000000 998.2
9.80951600000000 1029.
9.80952000000000 1144.
9.80952000000000 1051.
9.80952000000000 921.8
9.80952000000000 1020.
9.80954300000000 1012.
9.80952000000000 1045.
9.80952100000000 971.8
9.80951400000000 1071.
9.80952000000000 984.0
9.80951400000000 1065.
9.80951400000000 953.1
9.80951600000000 1002.
9.80951600000000 1059.
9.80952000000000 1022.
9.80954500000000 1084.
9.80952000000000 989.5
9.80951600000000 1071.
9.80951600000000 1024.
9.80952000000000 1030.
9.80952000000000 1027.
9.80952000000000 997.7
9.80952000000000 1003.
9.80954600000000 1055.
9.80952000000000 1035.
9.80951400000000 1044.
9.80952100000000 981.3
9.80952100000000 1057.
9.80952000000000 981.0
9.80951400000000 1046.
9.80952000000000 1044.
9.80951600000000 1063.
9.80957800000000 1015.
9.80951600000000 1091.
9.80954500000000 1010.
9.80951600000000 1064.
9.80951600000000 1091.
9.80952000000000 1023.
9.80952000000000 988.0
9.80952000000000 1029.
9.80952100000000 993.1
9.80951400000000 994.9
9.80952100000000 1024.
9.80951800000000 1101.
9.80952000000000 969.3
9.80952000000000 1001.
9.80952100000000 1009.
9.80952000000000 1036.
9.80951600000000 1054.
9.80952000000000 1024.
9.80952100000000 1007.
9.80957800000000 1007.
9.80952000000000 1024.
9.80951600000000 1071.
9.80952000000000 1003.
9.80957800000000 1016.
9.80952000000000 1092.
9.80951400000000 1001.
9.80952000000000 1020.
9.80951600000000 1006.
9.80951000000000 1019.
9.80951600000000 1073.
9.80952000000000 1043.
9.80954500000000 1099.
9.80952200000000 1053.
9.80954500000000 1014.
9.80955400000000 1035.
9.80957800000000 970.9
9.80952000000000 1041.
9.80951400000000 1056.
9.80952000000000 1045.
9.80952000000000 999.4
9.80951600000000 1004.
9.80952200000000 1017.
9.80952000000000 1071.
9.80951800000000 1062.
9.80951600000000 986.5
9.80951400000000 1016.
9.80952200000000 1020.
9.80952000000000 977.6
9.80951600000000 1014.
9.80952000000000 992.9
9.80951800000000 1022.
9.80951600000000 1065.
9.80952000000000 1038.
9.80951800000000 1029.
9.80957700000000 1025.
9.80952000000000 1019.
9.80952100000000 1019.
9.80952200000000 1026.
9.80952000000000 1063.
9.80952000000000 1024.
9.80951400000000 1010.
9.80952000000000 1029.
9.80951600000000 1092.
9.80954600000000 1026.
9.80952000000000 1001.
9.80952100000000 982.5
9.80954900000000 985.7
9.80951600000000 992.9
9.80957700000000 1027.
9.80952000000000 1014.
9.80952000000000 987.2
9.80952100000000 1047.
9.80952000000000 1065.
9.80952100000000 998.5
9.80952000000000 1082.
9.80952000000000 992.9
9.80952000000000 1034.
9.80952000000000 1029.
9.80952000000000 1063.
9.80951800000000 1024.
9.80951600000000 1019.
9.80952000000000 1031.
9.80952000000000 995.3
9.80952100000000 1099.
9.80952000000000 1094.
9.80952100000000 1007.
9.80956600000000 982.7
9.80951600000000 1051.
9.80952000000000 1006.
9.80954500000000 991.4
9.80951600000000 961.0
9.80952000000000 1032.
9.80952000000000 994.4
9.80954500000000 963.1
9.80952100000000 1028.
9.80951600000000 974.0
9.80951600000000 1021.
9.80957800000000 947.7
9.80952000000000 1094.
9.80952000000000 1007.
9.80952000000000 997.6
9.80951600000000 934.7
9.80955800000000 995.0
9.80951400000000 1002.
9.80952000000000 1046.
9.80951600000000 1026.
9.80952000000000 1039.
9.80951000000000 1043.
9.80951400000000 1031.
9.80952000000000 1061.
9.80952000000000 1096.
9.80952200000000 1013.
9.80952000000000 970.1
9.80952000000000 1062.
9.80952000000000 1011.
9.80951600000000 1026.
9.80951600000000 1061.
9.80951800000000 1068.
9.80951600000000 1005.
9.80952000000000 1026.
9.80954500000000 1054.
9.80952000000000 907.6
9.80952000000000 1100.
9.80952100000000 989.3
9.80952000000000 1043.
9.80952000000000 1020.
9.80952100000000 992.1
9.80952000000000 976.2
9.80951600000000 1050.
9.80951600000000 951.2
9.80952000000000 1103.
9.80951600000000 970.9
9.80952200000000 1065.
9.80951600000000 1007.
9.80952000000000 987.9
9.80952000000000 1012.
9.80951900000000 1029.
9.80951600000000 1018.
9.80952000000000 970.1
9.80952000000000 1013.
9.80954600000000 1042.
9.80952000000000 989.8
9.80952000000000 936.7
9.80952000000000 1057.
9.80951000000000 975.3
9.80951600000000 982.9
9.80952000000000 1081.
9.80951900000000 1123.
9.80951400000000 1024.
9.80954300000000 1038.
9.80952000000000 996.0
9.80952100000000 1033.
9.80957700000000 1025.
9.80954600000000 1017.
9.80952100000000 1035.
9.80951800000000 1052.
9.80952000000000 1051.
9.80951000000000 1033.
9.80952000000000 1064.
9.80957700000000 1088.
9.80952100000000 1054.
9.80954500000000 993.4
9.80952100000000 984.5
9.80951600000000 1079.
9.80952000000000 982.0
9.80951600000000 1055.
9.80952000000000 1008.
9.80952100000000 1021.
9.80952200000000 1048.
9.80951600000000 1020.
9.80952000000000 1017.
9.80952200000000 919.8
9.80952000000000 1057.
9.80951600000000 975.7
9.80951800000000 993.2
9.80952000000000 996.7
9.80952100000000 1007.
9.80952000000000 1023.
9.80951600000000 1039.
9.80952100000000 1032.
9.80952100000000 1015.
9.80951000000000 1065.
9.80952100000000 1006.
9.80951600000000 1066.
9.80952000000000 962.3
9.80951400000000 1009.
9.80951400000000 963.3
9.80952000000000 1007.
9.80952000000000 1026.
9.80951600000000 1015.
9.80951600000000 983.7
9.80952000000000 998.8
9.80952000000000 1059.
9.80952000000000 1063.
9.80951600000000 947.5
9.80952000000000 989.4
9.80952000000000 1031.
9.80952000000000 972.7
9.80952000000000 986.6
9.80951600000000 993.5
9.80952000000000 1033.
9.80951600000000 1002.
9.80952000000000 1033.
9.80952100000000 1057.
9.80951400000000 1068.
9.80951600000000 1034.
9.80951400000000 1039.
9.80954300000000 1070.
9.80957800000000 1056.
9.80951600000000 1091.
9.80952000000000 1059.
9.80952100000000 1001.
9.80952100000000 1059.
9.80952000000000 1100.
9.80951600000000 1074.
9.80952000000000 1021.
9.80952000000000 1052.
9.80952100000000 1023.
9.80952000000000 1049.
9.80954500000000 1055.
9.80957700000000 982.3
9.80951600000000 1028.
9.80952000000000 1094.
9.80952000000000 985.1
9.80952000000000 986.7
9.80951400000000 976.9
9.80951600000000 962.7
9.80952000000000 983.1
9.80952100000000 1069.
9.80952000000000 1081.
9.80952000000000 1065.
9.80954300000000 983.1
9.80951900000000 1004.
9.80951600000000 944.9
9.80951600000000 1043.
9.80952000000000 1037.
9.80955500000000 1047.
9.80952000000000 1012.
9.80952000000000 991.5
9.80951600000000 1072.
9.80951000000000 1017.
9.80954500000000 1033.
9.80951600000000 997.3
9.80951500000000 1040.
9.80951600000000 1034.
9.80952000000000 1068.
9.80952000000000 1037.
9.80952000000000 1043.
9.80952000000000 951.1
9.80951600000000 1005.
9.80952000000000 986.8
9.80952000000000 1046.
9.80952000000000 999.2
9.80952000000000 1005.
9.80952000000000 980.8
9.80952000000000 1060.
9.80952100000000 1134.
9.80955400000000 1030.
9.80951800000000 1005.
9.80951600000000 1052.
9.80954300000000 1091.
9.80952000000000 1062.
9.80954500000000 1010.
9.80951600000000 1099.
9.80951600000000 1082.
9.80951400000000 1045.
9.80951600000000 1069.
9.80952200000000 1023.
9.80952000000000 1034.
9.80951600000000 982.1
9.80951600000000 982.7
9.80952000000000 980.0
9.80951600000000 1010.
9.80950900000000 959.9
9.80954500000000 1038.
9.80952000000000 1007.
9.80952000000000 1013.
9.80952000000000 1020.
9.80952200000000 1029.
9.80951600000000 1065.
9.80951400000000 1077.
9.80951600000000 1069.
9.80957700000000 1045.
9.80958100000000 1016.
9.80952000000000 956.9
9.80952000000000 1066.
9.80954500000000 1044.
9.80951600000000 1021.
9.80951600000000 996.6
9.80950500000000 1096.
9.80952000000000 1014.
9.80952100000000 995.7
9.80955800000000 1044.
9.80952100000000 1027.
9.80952000000000 1037.
9.80954900000000 1022.
9.80951600000000 1024.
9.80952100000000 1039.
9.80952000000000 993.2
9.80952000000000 1108.
9.80951600000000 1016.
9.80952000000000 970.0
9.80952100000000 1007.
9.80952200000000 1047.
9.80954500000000 1013.
9.80952000000000 1062.
9.80952100000000 1044.
9.80952000000000 1005.
9.80952000000000 967.3
9.80952000000000 1019.
9.80951600000000 1017.
9.80953700000000 965.1
9.80954300000000 1014.
9.80951600000000 1083.
9.80952100000000 1002.
9.80951600000000 1062.
9.80951600000000 1052.
9.80951600000000 991.8
9.80951600000000 1003.
9.80951400000000 1018.
9.80952000000000 998.1
9.80951600000000 1016.
9.80952000000000 1050.
9.80952000000000 1063.
9.80952000000000 1042.
9.80952000000000 1016.
9.80951600000000 1064.
9.80951600000000 1004.
9.80951600000000 995.0
9.80957700000000 1037.
9.80952000000000 1049.
9.80952000000000 1007.
9.80952000000000 1057.
9.80952000000000 1033.
9.80951600000000 1011.
9.80952000000000 991.4
9.80954500000000 1019.
9.80951600000000 1096.
9.80950900000000 1003.
9.80952000000000 1004.
9.80952000000000 1000.
9.80954300000000 1060.
9.80951600000000 1001.
9.80952000000000 997.4
9.80951400000000 1015.
9.80951600000000 1017.
9.80957800000000 1022.
9.80951800000000 990.2
9.80952000000000 971.9
9.80951600000000 1003.
9.80952000000000 1032.
9.80952000000000 1092.
9.80951600000000 1041.
9.80952000000000 1031.
9.80951600000000 977.2
9.80954500000000 998.6
9.80952200000000 999.0
9.80952000000000 963.8
9.80951600000000 1043.
9.80952000000000 1030.
9.80952000000000 1073.
9.80951600000000 1048.
9.80952000000000 935.7
9.80952000000000 1050.
9.80952000000000 1053.
9.80951600000000 1002.
9.80950900000000 1021.
9.80952000000000 996.6
9.80952000000000 1033.
9.80957700000000 994.9
9.80952100000000 1015.
9.80952000000000 1020.
9.80954500000000 1076.
9.80952100000000 1037.
9.80951600000000 1050.
9.80952100000000 998.4
9.80951600000000 1057.
9.80955500000000 1023.
9.80952000000000 1037.
9.80951800000000 1039.
9.80951600000000 1051.
9.80952000000000 1008.
9.80952000000000 1018.
9.80952000000000 1001.
9.80951600000000 999.6
9.80952100000000 1060.
9.80951600000000 1102.
9.80951900000000 1046.
9.80951800000000 1096.
9.80951600000000 1051.
9.80951800000000 1053.
9.80951600000000 986.0
9.80952000000000 1007.
9.80952000000000 1102.
9.80951600000000 1024.
9.80952000000000 1052.
9.80951600000000 996.9
9.80954300000000 1060.
9.80952000000000 1035.
9.80951400000000 1056.
9.80951400000000 1046.
9.80951600000000 951.6
9.80952000000000 1038.
9.80951800000000 989.6
9.80951400000000 1062.
9.80952100000000 1083.
9.80951400000000 970.8
9.80951400000000 1018.
9.80952000000000 1093.
9.80951600000000 1003.
9.80952100000000 1009.
9.80952000000000 1043.
9.80951600000000 1001.
9.80954100000000 1039.
9.80952000000000 1013.
9.80952000000000 1046.
9.80952000000000 1012.
9.80952100000000 1072.
9.80952000000000 1033.
9.80952000000000 1028.
9.80951800000000 967.7
9.80952000000000 1075.
9.80951600000000 983.5
9.80952000000000 1050.
9.80951400000000 1079.
9.80952100000000 1013.
9.80951800000000 990.0
9.80954700000000 1007.
9.80951400000000 1091.
9.80952100000000 994.2
9.80951600000000 1021.
9.80951400000000 1006.
9.80952200000000 1028.
9.80952000000000 982.0
9.80951600000000 1053.
9.80952100000000 1074.
9.80952000000000 971.9
9.80957900000000 963.5
9.80951400000000 1012.
9.80952200000000 1073.
9.80951600000000 1077.
9.80954300000000 1015.
9.80952000000000 1093.
9.80952000000000 1001.
9.80951600000000 971.0
9.80951600000000 1042.
9.80952000000000 1000.
9.80951600000000 1056.
9.80952100000000 1070.
9.80952000000000 1018.
9.80952000000000 1035.
9.80957300000000 969.7
9.80952000000000 957.8
9.80951900000000 1102.
9.80952000000000 1054.
9.80952000000000 1038.
9.80952200000000 954.0
9.80952000000000 1012.
9.80951800000000 996.0
9.80954500000000 987.1
9.80951600000000 1070.
9.80954500000000 1003.
9.80952000000000 986.1
9.80955100000000 1106.
9.80952000000000 1063.
9.80952000000000 923.4
9.80952000000000 1030.
9.80954600000000 1000.
9.80957800000000 1048.
9.80952000000000 1044.
9.80952000000000 1046.
9.80952200000000 1030.
9.80952000000000 1004.
9.80951600000000 985.3
9.80957800000000 978.2
9.80951600000000 1043.
9.80951400000000 986.5
9.80951400000000 1013.
9.80951400000000 1048.
9.80951400000000 1027.
9.80952000000000 1002.
9.80952000000000 1021.
9.80951900000000 1038.
9.80952000000000 1034.
9.80952000000000 1056.
9.80952100000000 1051.
9.80951400000000 966.1
9.80951600000000 989.4
9.80951400000000 1084.
9.80951600000000 1010.
9.80952100000000 1002.
9.80951600000000 982.4
9.80952000000000 1039.
9.80952000000000 977.8
9.80952000000000 1008.
9.80952000000000 1022.
9.80951600000000 1025.
9.80952000000000 1015.
9.80952200000000 1016.
9.80952000000000 997.7
9.80957800000000 1010.
9.80951800000000 1096.
9.80951600000000 1050.
9.80952100000000 997.6
9.80952100000000 1052.
9.80952100000000 1056.
9.80951600000000 1015.
9.80952200000000 973.8
9.80952000000000 1033.
9.80952100000000 1046.
9.80954300000000 968.5
9.80952000000000 981.2
9.80951600000000 1000.
9.80951600000000 979.3
9.80952000000000 950.3
9.80951600000000 1035.
9.80952000000000 1079.
9.80952000000000 1006.
9.80952000000000 1131.
9.80952000000000 1016.
9.80951800000000 1085.
9.80954600000000 1047.
9.80957700000000 967.1
9.80952000000000 1053.
9.80952000000000 987.3
9.80952000000000 1003.
9.80952000000000 976.2
9.80951600000000 1106.
9.80952100000000 1025.
9.80952100000000 978.6
9.80952000000000 1017.
9.80951600000000 1038.
9.80951800000000 1058.
9.80951600000000 1002.
9.80957800000000 1025.
9.80952100000000 1034.
9.80952000000000 1025.
9.80952000000000 1027.
9.80951600000000 1001.
9.80951400000000 1028.
9.80951600000000 980.5
9.80951600000000 962.4
9.80951600000000 978.3
9.80952000000000 1088.
9.80952200000000 959.3
9.80954500000000 923.6
9.80952000000000 1032.
9.80952000000000 980.8
9.80952000000000 1017.
9.80951900000000 1004.
9.80952000000000 1007.
9.80951500000000 1020.
9.80954600000000 1056.
9.80951800000000 1081.
9.80952000000000 1079.
9.80952000000000 1029.
9.80952000000000 1043.
9.80952000000000 1011.
9.80952000000000 973.1
9.80952200000000 1051.
9.80951600000000 963.5
9.80952000000000 1034.
9.80952100000000 957.0
9.80952000000000 1030.
9.80951800000000 1014.
9.80952000000000 1013.
9.80951600000000 1062.
9.80951400000000 1039.
9.80951600000000 1054.
9.80951900000000 962.9
9.80951600000000 1078.
9.80951600000000 1046.
9.80951600000000 998.0
9.80954500000000 1056.
9.80952100000000 1043.
9.80951600000000 1000.
9.80951600000000 1014.
9.80952000000000 1064.
9.80954300000000 1015.
9.80952000000000 1023.
9.80952000000000 1013.
9.80952000000000 1047.
9.80952000000000 1042.
9.80951600000000 1056.
9.80951600000000 995.7
9.80952000000000 1026.
9.80952000000000 989.7
9.80952200000000 1035.
9.80952000000000 997.4
9.80952000000000 1033.
9.80952000000000 968.7
9.80952000000000 1037.
9.80952000000000 995.7
9.80955800000000 1045.
9.80952000000000 1054.
9.80957900000000 1116.
9.80952200000000 1019.
9.80952000000000 1081.
9.80952000000000 1084.
9.80952100000000 1092.
9.80952000000000 1007.
9.80952100000000 1001.
9.80951600000000 997.6
9.80951800000000 977.9
9.80957800000000 1061.
9.80951400000000 985.3
9.80951800000000 1026.
9.80952000000000 1008.
9.80951600000000 1048.
9.80957700000000 937.5
9.80951600000000 1038.
9.80952000000000 1027.
9.80951600000000 945.1
9.80951600000000 992.8
9.80954300000000 978.6
9.80957700000000 979.3
9.80951700000000 1034.
9.80952000000000 1074.
9.80952000000000 1018.
9.80951800000000 966.5
9.80954700000000 995.8
9.80951600000000 988.6
9.80952000000000 1002.
9.80952000000000 1069.
9.80951400000000 1109.
9.80951400000000 1010.
9.80952000000000 1051.
9.80951600000000 972.3
9.80952000000000 1057.
9.80952100000000 1004.
9.80951600000000 1096.
9.80952000000000 1031.
9.80952000000000 987.4
9.80954600000000 976.0
9.80952000000000 1013.
9.80951600000000 1016.
9.80952200000000 1104.
9.80951900000000 982.6
9.80952000000000 1029.
9.80952000000000 1039.
9.80951400000000 990.0
9.80951600000000 1039.
9.80954300000000 1008.
9.80951000000000 1053.
9.80951600000000 1015.
9.80952100000000 1065.
9.80952100000000 1044.
9.80952200000000 987.2
9.80952200000000 1077.
9.80951600000000 1010.
9.80952100000000 1069.
9.80952000000000 1024.
9.80957700000000 1032.
9.80952000000000 1076.
9.80952000000000 973.7
9.80952100000000 1001.
9.80952000000000 962.1
9.80952000000000 993.8
9.80951600000000 984.9
9.80952000000000 1052.
9.80950800000000 1023.
9.80951000000000 966.2
9.80952000000000 1000.
9.80952000000000 985.7
9.80951800000000 1003.
9.80952000000000 998.8
9.80951600000000 1019.
9.80951600000000 1018.
9.80952100000000 1007.
9.80952000000000 1026.
9.80952000000000 975.4
9.80952000000000 1015.
9.80952000000000 1060.
9.80951600000000 1001.
9.80954500000000 1101.
9.80950900000000 989.9
9.80951800000000 991.4
9.80952000000000 997.8
9.80954800000000 1064.
9.80951000000000 1030.
9.80952000000000 997.3
9.80952000000000 1034.
9.80952000000000 1038.
9.80954500000000 1063.
9.80952000000000 1128.
9.80951600000000 1029.
9.80952000000000 993.9
9.80952000000000 1055.
9.80957700000000 1003.
9.80955400000000 1056.
9.80952000000000 939.1
9.80952000000000 1039.
9.80952000000000 993.3
9.80957700000000 990.0
9.80952000000000 1028.
9.80951600000000 1002.
9.80954500000000 1003.
9.80951900000000 1025.
9.80951800000000 1046.
9.80951400000000 1038.
9.80952000000000 1067.
9.80952000000000 964.7
9.80957700000000 1008.
9.80952000000000 996.4
9.80954500000000 983.7
9.80952000000000 1022.
9.80951600000000 1137.
9.80951600000000 995.0
9.80952100000000 1023.
9.80951600000000 1032.
9.80952000000000 1077.
9.80952100000000 979.1
9.80954900000000 1036.
9.80952200000000 1050.
9.80952000000000 1009.
9.80952000000000 991.3
9.80951800000000 1057.
9.80952100000000 1033.
9.80952000000000 968.3
9.80952000000000 1038.
9.80952000000000 974.3
9.80951600000000 1145.
9.80952000000000 995.7
9.80952000000000 1029.
9.80952000000000 1058.
9.80952000000000 991.7
9.80952000000000 1022.
9.80951400000000 1026.
9.80951600000000 999.5
9.80952000000000 1094.
9.80952000000000 1033.
9.80957800000000 1050.
9.80957800000000 963.3
9.80951600000000 1026.
9.80951400000000 1029.
9.80951400000000 991.0
9.80952100000000 1026.
9.80951600000000 1103.
9.80954500000000 1045.
9.80951600000000 1014.
9.80951400000000 1010.
9.80952000000000 1005.
9.80952000000000 978.0
9.80952000000000 983.9
9.80951800000000 1035.
9.80952000000000 1030.
9.80952100000000 1063.
9.80951800000000 990.9
9.80952200000000 1041.
9.80952100000000 1076.
9.80952000000000 988.3
9.80952000000000 976.7
9.80957700000000 964.1
9.80952200000000 990.7
9.80957800000000 1031.
9.80954500000000 982.4
9.80952100000000 1033.
9.80952000000000 1017.
9.80952100000000 976.5
9.80951600000000 1017.
9.80957700000000 1022.
9.80951400000000 1069.
9.80952000000000 1027.
9.80951600000000 1026.
9.80951600000000 1036.
9.80951600000000 1003.
9.80952000000000 1034.
9.80951600000000 1044.
9.80951600000000 967.9
9.80952000000000 1043.
9.80951600000000 1018.
9.80952000000000 1037.
9.80951600000000 1030.
9.80951600000000 987.4
9.80954500000000 1010.
9.80951600000000 989.0
9.80951400000000 991.5
9.80952000000000 1001.
9.80952000000000 927.2
9.80951600000000 990.5
9.80952000000000 1000.
9.80952000000000 1067.
9.80952000000000 1012.
9.80951600000000 1052.
9.80951400000000 1022.
9.80952000000000 1017.
9.80952200000000 969.4
9.80951400000000 1062.
9.80952100000000 986.9
9.80952000000000 1054.
9.80957700000000 1057.
9.80952100000000 1013.
9.80951900000000 995.1
9.80952000000000 1004.
9.80952000000000 1003.
9.80957700000000 1027.
9.80954900000000 1044.
9.80951600000000 1042.
9.80952200000000 1021.
9.80951600000000 977.5
9.80952000000000 1055.
9.80955100000000 1042.
9.80957900000000 1027.
9.80951400000000 1068.
9.80952000000000 1039.
9.80957900000000 1024.
9.80951600000000 980.7
9.80951600000000 1030.
9.80951400000000 1023.
9.80951600000000 1019.
9.80952000000000 1031.
9.80957800000000 1018.
9.80951900000000 988.1
9.80952000000000 1071.
9.80952000000000 1032.
9.80952000000000 1112.
9.80954300000000 1003.
9.80952000000000 989.9
9.80952100000000 1044.
9.80951600000000 1009.
9.80952000000000 1072.
9.80951600000000 909.7
9.80957700000000 1013.
9.80952000000000 1053.
9.80952100000000 1075.
9.80951600000000 1006.
9.80952000000000 1043.
9.80954500000000 1060.
9.80951600000000 1035.
9.80952000000000 970.7
9.80951600000000 983.7
9.80957700000000 968.0
9.80952000000000 1047.
9.80952000000000 1022.
9.80952000000000 1001.
9.80952000000000 997.0
9.80952200000000 1017.
9.80951400000000 1092.
9.80951600000000 974.7
9.80952000000000 1056.
9.80952200000000 1026.
9.80951400000000 1043.
9.80951600000000 959.6
9.80952000000000 1014.
