9.79187000000000 1666.
9.79287000000000 1689.
9.79287000000000 1689.
9.79187000000000 1589.
9.79187000000000 1727.
9.79187000000000 1727.
9.79419000000000 1665.
9.79187000000000 1546.
9.79187000000000 1742.
9.79187000000000 1742.
9.79419000000000 1638.
9.79230000000000 1728.
9.79230000000000 1728.
9.79187000000000 1742.
9.79310000000000 1713.
9.79240000000000 1736.
9.79240000000000 1736.
9.79187000000000 1661.
9.79187000000000 1767.
9.79187000000000 1767.
9.79243000000000 1716.
9.79499000000000 1697.
9.79499000000000 1697.
9.79187000000000 1699.
9.79187000000000 1687.
9.79251000000000 1710.
9.79251000000000 1710.
9.79187000000000 1669.
9.79310000000000 1686.
9.79310000000000 1686.
9.79187000000000 1686.
9.79187000000000 1642.
9.79310000000000 1746.
9.79310000000000 1746.
9.79310000000000 1716.
9.79273000000000 1651.
9.79273000000000 1651.
9.79230000000000 1634.
9.79187000000000 1728.
9.79187000000000 1728.
9.79187000000000 1665.
9.79118000000000 1759.
9.79310000000000 1625.
9.79310000000000 1625.
9.79187000000000 1626.
9.79187000000000 1724.
9.79187000000000 1724.
9.79187000000000 1618.
9.79310000000000 1643.
9.79187000000000 1646.
9.79187000000000 1646.
9.79310000000000 1662.
9.79187000000000 1714.
9.79187000000000 1714.
9.79340000000000 1703.
9.79187000000000 1683.
9.79187000000000 1683.
9.79230000000000 1673.
9.79187000000000 1662.
9.79187000000000 1640.
9.79187000000000 1640.
9.79187000000000 1640.
9.79187000000000 1651.
9.79187000000000 1651.
9.79187000000000 1664.
9.79187000000000 1674.
9.79187000000000 1674.
9.79187000000000 1679.
9.79230000000000 1714.
9.79187000000000 1697.
9.79187000000000 1697.
9.79370000000000 1691.
9.79240000000000 1703.
9.79240000000000 1703.
9.79273000000000 1649.
9.79187000000000 1634.
9.79187000000000 1634.
9.79187000000000 1661.
9.79187000000000 1648.
9.79230000000000 1791.
9.79230000000000 1791.
9.79187000000000 1668.
9.79187000000000 1585.
9.79187000000000 1585.
9.79187000000000 1677.
9.79343000000000 1630.
9.79230000000000 1648.
9.79230000000000 1648.
9.79187000000000 1668.
9.79187000000000 1697.
9.79187000000000 1697.
9.79419000000000 1615.
9.79230000000000 1702.
9.79230000000000 1702.
9.79310000000000 1726.
9.79310000000000 1623.
9.79230000000000 1647.
9.79230000000000 1647.
9.79187000000000 1766.
9.79230000000000 1575.
9.79230000000000 1575.
9.79230000000000 1755.
9.79118000000000 1717.
9.79118000000000 1717.
9.79187000000000 1710.
9.79187000000000 1690.
9.79187000000000 1681.
9.79187000000000 1681.
9.79187000000000 1693.
9.79187000000000 1651.
9.79187000000000 1651.
9.79240000000000 1661.
9.79230000000000 1759.
9.79230000000000 1759.
9.79187000000000 1708.
9.79187000000000 1620.
9.79393000000000 1729.
9.79393000000000 1729.
9.79187000000000 1726.
9.79187000000000 1694.
9.79187000000000 1694.
9.79366000000000 1639.
9.79187000000000 1703.
9.79187000000000 1703.
9.79187000000000 1688.
9.79230000000000 1693.
9.79310000000000 1730.
9.79310000000000 1730.
9.79240000000000 1744.
9.79187000000000 1699.
9.79187000000000 1699.
9.79187000000000 1679.
9.79187000000000 1646.
9.79187000000000 1646.
9.79419000000000 1625.
9.79187000000000 1675.
9.79197000000000 1638.
9.79197000000000 1638.
9.79230000000000 1674.
9.79187000000000 1672.
9.79187000000000 1672.
9.79187000000000 1754.
9.79230000000000 1633.
9.79187000000000 1753.
9.79187000000000 1753.
9.79187000000000 1602.
9.79240000000000 1721.
9.79240000000000 1721.
9.79187000000000 1715.
9.79423000000000 1675.
9.79423000000000 1675.
9.79187000000000 1668.
9.79310000000000 1653.
9.79310000000000 1653.
9.79310000000000 1610.
9.79187000000000 1645.
9.79187000000000 1671.
9.79187000000000 1671.
9.79187000000000 1783.
9.79240000000000 1660.
9.79240000000000 1660.
9.79187000000000 1728.
9.79187000000000 1675.
9.79187000000000 1675.
9.79187000000000 1627.
9.79187000000000 1593.
9.79499000000000 1612.
9.79499000000000 1612.
9.79240000000000 1702.
9.79197000000000 1713.
9.79197000000000 1713.
9.79187000000000 1698.
9.79240000000000 1759.
9.79240000000000 1759.
9.79230000000000 1664.
9.79187000000000 1688.
9.79439000000000 1706.
9.79439000000000 1706.
9.79347000000000 1715.
9.79187000000000 1741.
9.79187000000000 1741.
9.79230000000000 1682.
9.79187000000000 1685.
9.79187000000000 1732.
9.79187000000000 1732.
9.79343000000000 1652.
9.79230000000000 1728.
9.79230000000000 1728.
9.79230000000000 1710.
9.79475000000000 1576.
9.79475000000000 1576.
9.79310000000000 1700.
9.79187000000000 1716.
9.79187000000000 1708.
9.79187000000000 1708.
9.79475000000000 1645.
9.79187000000000 1601.
9.79187000000000 1601.
9.79230000000000 1685.
9.79187000000000 1732.
9.79187000000000 1701.
9.79187000000000 1701.
9.79230000000000 1665.
9.79187000000000 1632.
9.79187000000000 1632.
9.79240000000000 1752.
9.79230000000000 1719.
9.79230000000000 1719.
9.79177000000000 1681.
9.79187000000000 1684.
9.79297000000000 1720.
9.79297000000000 1720.
9.79187000000000 1694.
9.79187000000000 1703.
9.79187000000000 1703.
9.79187000000000 1720.
9.79419000000000 1671.
9.79240000000000 1641.
9.79240000000000 1641.
9.79187000000000 1633.
9.79310000000000 1689.
9.79310000000000 1689.
9.79197000000000 1644.
9.79187000000000 1821.
9.79187000000000 1821.
9.79230000000000 1651.
9.79187000000000 1682.
9.79187000000000 1616.
9.79187000000000 1616.
9.79240000000000 1628.
9.79197000000000 1636.
9.79197000000000 1636.
9.79230000000000 1664.
9.79419000000000 1780.
9.79187000000000 1680.
9.79187000000000 1680.
9.79187000000000 1670.
9.79230000000000 1636.
9.79230000000000 1636.
9.79187000000000 1621.
9.79187000000000 1647.
9.79187000000000 1647.
9.79187000000000 1654.
9.79310000000000 1748.
9.79310000000000 1656.
9.79310000000000 1656.
9.79187000000000 1673.
9.79187000000000 1682.
9.79187000000000 1682.
9.79240000000000 1707.
9.79187000000000 1648.
9.79187000000000 1648.
9.79141000000000 1757.
9.79253000000000 1644.
9.79187000000000 1622.
9.79187000000000 1622.
9.79161000000000 1581.
9.79187000000000 1662.
9.79187000000000 1662.
9.79177000000000 1743.
9.79230000000000 1685.
9.79187000000000 1719.
9.79187000000000 1719.
9.79187000000000 1642.
9.79187000000000 1665.
9.79187000000000 1665.
9.79499000000000 1636.
9.79161000000000 1621.
9.79161000000000 1621.
9.79187000000000 1649.
9.79187000000000 1630.
9.79187000000000 1699.
9.79187000000000 1699.
9.79340000000000 1650.
9.79187000000000 1652.
9.79187000000000 1652.
9.79187000000000 1680.
9.79230000000000 1640.
9.79230000000000 1640.
9.79230000000000 1712.
9.79187000000000 1675.
9.79230000000000 1663.
9.79230000000000 1663.
9.79187000000000 1706.
9.79187000000000 1716.
9.79187000000000 1716.
9.79187000000000 1676.
9.79310000000000 1704.
9.79187000000000 1696.
9.79187000000000 1696.
9.79499000000000 1715.
9.79187000000000 1665.
9.79187000000000 1665.
9.79439000000000 1665.
9.79419000000000 1732.
9.79419000000000 1732.
9.79187000000000 1654.
9.79187000000000 1668.
9.79187000000000 1704.
9.79187000000000 1704.
9.79187000000000 1687.
9.79187000000000 1664.
9.79187000000000 1664.
9.79187000000000 1620.
9.79277000000000 1778.
9.79277000000000 1778.
9.79187000000000 1688.
9.79187000000000 1729.
9.79310000000000 1749.
9.79310000000000 1749.
9.79240000000000 1684.
9.79187000000000 1668.
9.79187000000000 1668.
9.79310000000000 1691.
9.79187000000000 1662.
9.79187000000000 1662.
9.79240000000000 1635.
9.79187000000000 1639.
9.79187000000000 1598.
9.79187000000000 1598.
9.79240000000000 1707.
9.79187000000000 1681.
9.79187000000000 1681.
9.79187000000000 1742.
9.79340000000000 1658.
9.79187000000000 1728.
9.79187000000000 1728.
9.79423000000000 1681.
9.79230000000000 1619.
9.79230000000000 1619.
9.79310000000000 1752.
9.79187000000000 1696.
9.79187000000000 1696.
9.79187000000000 1703.
9.79240000000000 1640.
9.79187000000000 1680.
9.79187000000000 1680.
9.79177000000000 1715.
9.79187000000000 1715.
9.79187000000000 1715.
9.79187000000000 1671.
9.79379000000000 1695.
9.79379000000000 1695.
9.79161000000000 1702.
9.79475000000000 1700.
9.79164000000000 1731.
9.79164000000000 1731.
9.79118000000000 1678.
9.79187000000000 1673.
9.79187000000000 1673.
9.79273000000000 1665.
9.79240000000000 1721.
9.79240000000000 1721.
9.79310000000000 1643.
9.79187000000000 1717.
9.79187000000000 1618.
9.79187000000000 1618.
9.79230000000000 1664.
9.79310000000000 1712.
9.79310000000000 1712.
9.79187000000000 1732.
9.79230000000000 1639.
9.79230000000000 1679.
9.79230000000000 1679.
9.79187000000000 1752.
9.79230000000000 1687.
9.79230000000000 1687.
9.79187000000000 1708.
9.79187000000000 1698.
9.79187000000000 1698.
9.79187000000000 1630.
9.79187000000000 1665.
9.79187000000000 1743.
9.79187000000000 1743.
9.79187000000000 1652.
9.79297000000000 1667.
9.79297000000000 1667.
9.79187000000000 1634.
9.79141000000000 1662.
9.79141000000000 1662.
9.79187000000000 1726.
9.79187000000000 1769.
9.79187000000000 1737.
9.79187000000000 1737.
9.79187000000000 1709.
9.79187000000000 1750.
9.79187000000000 1750.
9.79240000000000 1751.
9.79197000000000 1804.
9.79197000000000 1804.
9.79240000000000 1600.
9.79240000000000 1625.
9.79310000000000 1702.
9.79310000000000 1702.
9.79197000000000 1688.
9.79240000000000 1709.
9.79240000000000 1709.
9.79230000000000 1687.
9.79187000000000 1666.
9.79273000000000 1751.
9.79273000000000 1751.
9.79187000000000 1621.
9.79187000000000 1724.
9.79187000000000 1724.
9.79343000000000 1652.
9.79187000000000 1690.
9.79187000000000 1690.
9.79187000000000 1707.
9.79187000000000 1679.
9.79187000000000 1716.
9.79187000000000 1716.
9.79187000000000 1776.
9.79187000000000 1713.
9.79187000000000 1713.
9.79230000000000 1736.
9.79187000000000 1637.
9.79187000000000 1679.
9.79187000000000 1679.
9.79187000000000 1836.
9.79187000000000 1639.
9.79187000000000 1639.
9.79187000000000 1652.
9.79187000000000 1618.
9.79187000000000 1618.
9.79187000000000 1612.
9.79187000000000 1714.
9.79277000000000 1719.
9.79277000000000 1719.
9.79230000000000 1672.
9.79187000000000 1680.
9.79187000000000 1680.
9.79230000000000 1712.
9.79177000000000 1675.
9.79177000000000 1675.
9.79230000000000 1691.
9.79419000000000 1717.
9.79187000000000 1606.
9.79187000000000 1606.
9.79230000000000 1651.
9.79164000000000 1725.
9.79164000000000 1725.
9.79230000000000 1676.
9.79280000000000 1731.
9.79230000000000 1724.
9.79230000000000 1724.
9.79187000000000 1638.
9.79187000000000 1690.
9.79187000000000 1690.
9.79343000000000 1684.
9.79187000000000 1649.
9.79187000000000 1649.
9.79370000000000 1623.
9.79366000000000 1714.
9.79187000000000 1692.
9.79187000000000 1692.
9.79240000000000 1687.
9.79187000000000 1654.
9.79187000000000 1654.
9.79310000000000 1570.
9.79263000000000 1687.
9.79263000000000 1687.
9.79379000000000 1722.
9.79230000000000 1648.
9.79230000000000 1754.
9.79230000000000 1754.
9.79187000000000 1692.
9.79187000000000 1572.
9.79310000000000 1702.
9.79310000000000 1702.
9.79230000000000 1720.
9.79386000000000 1701.
9.79386000000000 1701.
9.79161000000000 1671.
9.79187000000000 1803.
9.79187000000000 1803.
9.79187000000000 1675.
9.79177000000000 1609.
9.79240000000000 1641.
9.79240000000000 1641.
9.79177000000000 1615.
9.79240000000000 1675.
9.79240000000000 1675.
9.79230000000000 1745.
9.79230000000000 1670.
9.79230000000000 1670.
9.79187000000000 1684.
9.79187000000000 1627.
9.79280000000000 1626.
9.79280000000000 1626.
9.79118000000000 1651.
9.79187000000000 1703.
9.79141000000000 1736.
9.79141000000000 1736.
9.79187000000000 1660.
9.79240000000000 1614.
9.79240000000000 1614.
9.79419000000000 1726.
9.79240000000000 1699.
9.79240000000000 1699.
9.79230000000000 1662.
