9.78804000000000 254.5
9.79410000000000 285.2
9.79410000000000 285.2
9.78807000000000 251.3
9.78807000000000 251.3
9.78807000000000 251.3
9.78807000000000 270.6
9.78807000000000 270.6
9.78807000000000 270.6
9.78956000000000 255.6
9.78956000000000 255.6
9.78956000000000 255.6
9.78807000000000 237.3
9.78807000000000 237.3
9.78807000000000 255.5
9.78807000000000 255.5
9.78807000000000 255.5
9.79471000000000 267.4
9.79471000000000 267.4
9.79471000000000 267.4
9.79122000000000 224.8
9.79122000000000 224.8
9.79122000000000 224.8
9.78956000000000 229.6
9.78956000000000 229.6
9.78956000000000 229.6
9.79410000000000 256.1
9.79410000000000 256.1
9.78733000000000 277.6
9.78733000000000 277.6
9.78733000000000 277.6
9.78956000000000 270.2
9.78956000000000 270.2
9.78956000000000 270.2
9.78807000000000 238.3
9.78807000000000 238.3
9.78807000000000 238.3
9.79182000000000 251.8
9.79182000000000 251.8
9.79182000000000 251.8
9.78807000000000 245.8
9.78807000000000 245.8
9.78807000000000 280.5
9.78807000000000 280.5
9.78807000000000 280.5
9.78807000000000 255.4
9.78807000000000 255.4
9.78807000000000 255.4
9.78733000000000 255.1
9.78733000000000 255.1
9.78733000000000 255.1
9.78733000000000 269.0
9.78733000000000 269.0
9.78733000000000 269.0
9.78975000000000 248.9
9.78975000000000 248.9
9.79257000000000 238.9
9.79257000000000 238.9
9.79257000000000 238.9
9.78807000000000 247.1
9.78807000000000 247.1
9.78807000000000 247.1
9.79433000000000 216.7
9.79433000000000 216.7
9.79433000000000 216.7
9.79471000000000 229.1
9.79471000000000 229.1
9.79471000000000 229.1
9.78804000000000 244.5
9.78804000000000 244.5
9.78804000000000 244.5
9.79433000000000 233.4
9.79433000000000 233.4
9.78733000000000 247.8
9.78733000000000 247.8
9.78733000000000 247.8
9.79453000000000 267.3
9.79453000000000 267.3
9.79453000000000 267.3
9.79453000000000 259.2
9.79453000000000 259.2
9.79453000000000 259.2
9.78807000000000 239.1
9.78807000000000 239.1
9.78807000000000 239.1
9.78716000000000 253.2
9.78716000000000 253.2
9.79030000000000 262.4
9.79030000000000 262.4
9.79030000000000 262.4
9.78733000000000 263.7
9.78733000000000 263.7
9.78733000000000 263.7
9.79433000000000 267.2
9.79433000000000 267.2
9.79433000000000 267.2
9.79499000000000 265.5
9.79499000000000 265.5
9.78547000000000 272.0
9.78547000000000 272.0
9.78547000000000 272.0
9.79433000000000 256.7
9.79433000000000 256.7
9.79433000000000 256.7
9.79095000000000 256.9
9.79095000000000 256.9
9.78807000000000 261.2
9.78807000000000 261.2
9.78807000000000 261.2
9.79030000000000 258.5
9.79030000000000 258.5
9.79030000000000 258.5
9.79429000000000 269.5
9.79429000000000 269.5
9.79429000000000 269.5
9.78807000000000 249.8
9.78807000000000 249.8
9.78807000000000 249.8
9.78807000000000 258.2
9.78807000000000 258.2
9.78807000000000 249.5
9.78807000000000 249.5
9.78807000000000 249.5
9.79186000000000 273.2
9.79186000000000 273.2
9.79186000000000 273.2
9.79453000000000 216.8
9.79453000000000 216.8
9.79453000000000 216.8
9.78956000000000 245.2
9.78956000000000 245.2
9.78956000000000 245.2
9.79101000000000 273.3
9.79101000000000 273.3
9.79033000000000 268.9
9.79033000000000 268.9
9.79033000000000 268.9
9.78807000000000 271.9
9.78807000000000 271.9
9.78807000000000 271.9
9.79086000000000 272.5
9.79086000000000 272.5
9.79086000000000 272.5
9.79095000000000 224.8
9.79095000000000 224.8
9.79194000000000 262.6
9.79194000000000 262.6
9.79194000000000 262.6
9.78807000000000 256.0
9.78807000000000 256.0
9.78807000000000 256.0
9.78807000000000 248.4
9.78807000000000 248.4
9.78807000000000 248.4
9.79453000000000 264.2
9.79453000000000 264.2
9.79453000000000 264.2
9.78807000000000 273.3
9.78807000000000 273.3
9.79086000000000 256.7
9.79086000000000 256.7
9.79086000000000 256.7
9.78807000000000 237.1
9.78807000000000 237.1
9.78807000000000 237.1
9.78807000000000 271.5
9.78807000000000 271.5
9.78807000000000 271.5
9.79030000000000 257.3
9.79030000000000 257.3
9.79030000000000 257.3
9.79030000000000 258.5
9.79030000000000 258.5
9.79030000000000 266.2
9.79030000000000 266.2
9.79030000000000 266.2
9.79186000000000 260.5
9.79186000000000 260.5
9.79186000000000 260.5
9.79095000000000 254.9
9.79095000000000 254.9
9.79095000000000 254.9
9.78807000000000 261.2
9.78807000000000 261.2
9.78807000000000 261.2
9.79101000000000 265.5
9.79101000000000 265.5
9.78807000000000 255.0
9.78807000000000 255.0
9.78807000000000 255.0
9.78648000000000 237.7
9.78648000000000 237.7
9.78648000000000 237.7
9.78807000000000 270.5
9.78807000000000 270.5
9.78807000000000 270.5
9.79030000000000 253.5
9.79030000000000 253.5
9.79030000000000 253.5
9.79401000000000 241.1
9.79401000000000 241.1
9.79401000000000 241.1
9.79453000000000 251.1
9.79453000000000 251.1
9.78807000000000 235.8
9.78807000000000 235.8
9.78807000000000 235.8
9.79471000000000 243.6
9.79471000000000 243.6
9.79471000000000 243.6
9.79433000000000 232.6
9.79433000000000 232.6
9.79433000000000 232.6
9.79433000000000 239.6
9.79433000000000 239.6
9.79433000000000 239.6
9.79471000000000 261.8
9.79471000000000 261.8
9.79471000000000 261.8
9.79453000000000 278.0
9.79453000000000 278.0
9.79460000000000 254.1
9.79460000000000 254.1
9.79460000000000 254.1
9.79453000000000 273.6
9.79453000000000 273.6
9.79453000000000 273.6
9.79428000000000 259.8
9.79428000000000 259.8
9.79428000000000 259.8
9.79471000000000 251.8
9.79471000000000 251.8
9.79471000000000 251.8
9.79262000000000 239.1
9.79262000000000 239.1
9.79262000000000 239.1
9.78975000000000 257.9
9.78975000000000 257.9
9.79453000000000 242.4
9.79453000000000 242.4
9.79453000000000 242.4
9.78807000000000 281.0
9.78807000000000 281.0
9.78807000000000 281.0
9.78975000000000 260.6
9.78975000000000 260.6
9.78975000000000 260.6
9.78804000000000 252.3
9.78804000000000 252.3
9.78804000000000 252.3
9.79030000000000 269.7
9.79030000000000 269.7
9.79508000000000 224.5
9.79508000000000 224.5
9.79508000000000 224.5
9.78733000000000 262.6
9.78733000000000 262.6
9.78733000000000 262.6
9.78807000000000 239.7
9.78807000000000 239.7
9.78807000000000 239.7
9.78733000000000 262.1
9.78733000000000 262.1
9.78733000000000 262.1
9.78807000000000 261.7
9.78807000000000 261.7
9.79238000000000 262.6
9.79238000000000 262.6
9.79238000000000 262.6
9.79270000000000 254.1
9.79270000000000 254.1
9.79270000000000 254.1
9.78807000000000 252.7
9.78807000000000 252.7
9.78807000000000 252.7
9.79095000000000 229.8
9.79095000000000 229.8
9.79095000000000 229.8
9.78807000000000 258.3
9.78807000000000 258.3
9.78807000000000 258.3
9.79194000000000 251.9
9.79194000000000 251.9
9.78733000000000 262.1
9.78733000000000 262.1
9.78733000000000 262.1
9.78547000000000 263.9
9.78547000000000 263.9
9.78547000000000 263.9
9.79453000000000 229.5
9.79453000000000 229.5
9.79453000000000 229.5
9.79453000000000 252.7
9.79453000000000 252.7
9.79453000000000 252.7
9.78807000000000 258.9
9.78807000000000 258.9
9.78975000000000 232.2
9.78975000000000 232.2
9.78975000000000 232.2
9.79462000000000 279.2
9.79462000000000 279.2
9.79462000000000 279.2
9.79095000000000 271.4
9.79095000000000 271.4
9.79095000000000 271.4
9.78807000000000 268.8
9.78807000000000 268.8
9.78807000000000 268.8
9.79453000000000 278.1
9.79453000000000 278.1
9.79453000000000 278.1
9.79453000000000 245.3
9.79453000000000 245.3
9.79426000000000 230.0
9.79426000000000 230.0
9.79426000000000 230.0
9.78975000000000 263.6
9.78975000000000 263.6
9.78975000000000 263.6
9.79101000000000 261.9
9.79101000000000 261.9
9.79101000000000 261.9
9.79193000000000 266.9
9.79193000000000 266.9
9.79193000000000 266.9
9.78956000000000 256.2
9.78956000000000 256.2
9.78807000000000 235.6
9.78807000000000 235.6
9.78807000000000 235.6
9.78807000000000 250.8
9.78807000000000 250.8
9.78807000000000 250.8
9.78807000000000 263.0
9.78807000000000 263.0
9.78807000000000 263.0
9.79453000000000 267.1
9.79453000000000 267.1
9.79453000000000 267.1
9.78807000000000 249.1
9.78807000000000 249.1
9.79086000000000 252.7
9.79086000000000 252.7
9.79086000000000 252.7
9.79471000000000 231.0
9.79471000000000 231.0
9.79471000000000 231.0
9.78807000000000 257.7
9.78807000000000 257.7
9.78807000000000 257.7
9.78733000000000 232.7
9.78733000000000 232.7
9.78733000000000 232.7
9.79095000000000 245.0
9.79095000000000 245.0
9.79095000000000 245.0
9.79086000000000 254.5
9.79086000000000 254.5
9.78807000000000 255.7
9.78807000000000 255.7
9.78807000000000 255.7
9.79095000000000 252.9
9.79095000000000 252.9
9.79095000000000 252.9
9.78807000000000 246.7
9.78807000000000 246.7
9.78807000000000 246.7
9.79433000000000 253.9
9.79433000000000 253.9
9.79433000000000 253.9
9.78810000000000 220.8
9.78810000000000 220.8
9.78810000000000 220.8
9.78975000000000 230.6
9.78975000000000 230.6
9.79471000000000 259.0
9.79471000000000 259.0
9.79471000000000 259.0
9.78956000000000 256.7
9.78956000000000 256.7
9.78956000000000 256.7
9.79453000000000 257.8
9.79453000000000 257.8
9.79453000000000 257.8
9.79426000000000 236.1
9.79426000000000 236.1
9.79426000000000 236.1
9.78807000000000 288.3
9.78807000000000 288.3
9.79471000000000 255.8
9.79471000000000 255.8
9.79471000000000 255.8
9.79182000000000 242.9
9.79182000000000 242.9
9.79182000000000 242.9
9.79426000000000 255.7
9.79426000000000 255.7
9.79426000000000 255.7
9.78975000000000 255.5
9.78975000000000 255.5
9.78975000000000 255.5
9.78807000000000 253.7
9.78807000000000 253.7
9.78807000000000 253.7
9.79177000000000 248.5
9.79177000000000 248.5
9.78807000000000 244.8
9.78807000000000 244.8
9.78807000000000 244.8
9.79030000000000 269.4
9.79030000000000 269.4
9.79030000000000 269.4
9.79095000000000 246.5
9.79095000000000 246.5
9.79095000000000 246.5
9.79030000000000 270.6
9.79030000000000 270.6
9.79030000000000 270.6
9.79086000000000 247.3
9.79086000000000 247.3
9.79086000000000 247.3
9.78975000000000 231.3
9.78975000000000 231.3
9.78975000000000 250.1
9.78975000000000 250.1
9.78975000000000 250.1
9.79157000000000 269.5
9.79157000000000 269.5
9.79157000000000 269.5
9.78733000000000 248.3
9.78733000000000 248.3
9.78733000000000 248.3
9.78956000000000 224.3
9.78956000000000 224.3
9.78956000000000 224.3
9.78807000000000 260.4
9.78807000000000 260.4
9.79095000000000 269.3
9.79095000000000 269.3
9.79095000000000 269.3
9.78807000000000 224.7
9.78807000000000 224.7
9.78807000000000 224.7
9.78975000000000 241.8
9.78975000000000 241.8
9.78975000000000 241.8
9.78807000000000 224.0
9.78807000000000 224.0
9.78807000000000 224.0
9.79095000000000 273.4
9.79095000000000 273.4
9.79186000000000 238.2
9.79186000000000 238.2
9.79186000000000 238.2
9.79095000000000 262.1
9.79095000000000 262.1
9.79095000000000 262.1
9.79462000000000 237.9
9.79462000000000 237.9
9.79462000000000 237.9
9.79030000000000 250.5
9.79030000000000 250.5
9.79030000000000 250.5
9.79453000000000 254.6
9.79453000000000 254.6
9.79433000000000 269.9
9.79433000000000 269.9
9.79433000000000 269.9
9.78807000000000 253.4
9.78807000000000 253.4
9.78807000000000 253.4
9.79030000000000 239.3
9.79030000000000 239.3
9.79030000000000 239.3
9.78710000000000 257.2
9.78710000000000 257.2
9.78710000000000 257.2
9.79471000000000 257.2
9.79471000000000 257.2
9.79471000000000 257.2
9.79030000000000 298.4
9.79030000000000 298.4
9.78807000000000 266.2
9.78807000000000 266.2
9.78807000000000 266.2
9.78710000000000 256.4
9.78710000000000 256.4
9.78710000000000 256.4
9.78807000000000 264.0
9.78807000000000 264.0
9.78807000000000 264.0
9.78807000000000 244.3
9.78807000000000 244.3
9.78807000000000 244.3
9.79453000000000 272.2
9.79453000000000 272.2
9.79453000000000 272.2
9.79194000000000 242.4
9.79194000000000 242.4
