9.79362000000000 1567.
9.79362000000000 1567.
9.79284000000000 1539.
9.79281000000000 1539.
9.79364000000000 1547.
9.79364000000000 1547.
9.79284000000000 1536.
9.79364000000000 1537.
9.79284000000000 1525.
9.79364000000000 1601.
9.79364000000000 1601.
9.79364000000000 1494.
9.79334000000000 1638.
9.79334000000000 1510.
9.79334000000000 1510.
9.79334000000000 1515.
9.79300000000000 1547.
9.79364000000000 1568.
9.79334000000000 1551.
9.79334000000000 1551.
9.79364000000000 1575.
9.79284000000000 1504.
9.79281000000000 1571.
9.79281000000000 1571.
9.79362000000000 1594.
9.79349000000000 1547.
9.79334000000000 1582.
9.79334000000000 1582.
9.79334000000000 1594.
9.79288000000000 1622.
9.79364000000000 1598.
9.79364000000000 1611.
9.79364000000000 1611.
9.79315000000000 1550.
9.79334000000000 1565.
9.79288000000000 1553.
9.79288000000000 1553.
9.79277000000000 1542.
9.79364000000000 1576.
9.79364000000000 1585.
9.79281000000000 1555.
9.79281000000000 1555.
9.79334000000000 1546.
9.79364000000000 1451.
9.79334000000000 1603.
9.79334000000000 1603.
9.79288000000000 1545.
9.79284000000000 1539.
9.79364000000000 1589.
9.79334000000000 1572.
9.79334000000000 1572.
9.79262000000000 1497.
9.79334000000000 1509.
9.79284000000000 1550.
9.79284000000000 1550.
9.79349000000000 1533.
9.79288000000000 1559.
9.79334000000000 1500.
9.79334000000000 1500.
9.79364000000000 1607.
9.79247000000000 1599.
9.79347000000000 1525.
9.79247000000000 1457.
9.79247000000000 1457.
9.79334000000000 1536.
9.79364000000000 1560.
9.79284000000000 1555.
9.79284000000000 1555.
9.79349000000000 1584.
9.79334000000000 1555.
9.79364000000000 1497.
9.79364000000000 1497.
9.79349000000000 1513.
9.79364000000000 1509.
9.79364000000000 1586.
9.79288000000000 1567.
9.79288000000000 1567.
9.79247000000000 1554.
9.79364000000000 1548.
9.79334000000000 1567.
9.79334000000000 1567.
9.79364000000000 1564.
9.79364000000000 1621.
9.79362000000000 1625.
9.79334000000000 1496.
9.79334000000000 1496.
9.79272000000000 1458.
9.79349000000000 1515.
9.79347000000000 1579.
9.79347000000000 1579.
9.79362000000000 1547.
9.79334000000000 1566.
9.79364000000000 1588.
9.79364000000000 1588.
9.79334000000000 1612.
9.79378000000000 1477.
9.79364000000000 1611.
9.79334000000000 1517.
9.79334000000000 1517.
9.79334000000000 1587.
9.79364000000000 1617.
9.79343000000000 1557.
9.79343000000000 1557.
9.79247000000000 1575.
9.79284000000000 1575.
9.79364000000000 1549.
9.79364000000000 1549.
9.79364000000000 1567.
9.79228000000000 1500.
9.79334000000000 1583.
9.79334000000000 1609.
9.79334000000000 1609.
9.79347000000000 1545.
9.79281000000000 1511.
9.79364000000000 1629.
9.79364000000000 1629.
9.79284000000000 1510.
9.79334000000000 1598.
9.79334000000000 1538.
9.79334000000000 1538.
9.79262000000000 1553.
9.79364000000000 1589.
9.79334000000000 1631.
9.79364000000000 1567.
9.79364000000000 1567.
9.79364000000000 1572.
9.79262000000000 1519.
9.79247000000000 1577.
9.79247000000000 1577.
9.79334000000000 1605.
9.79284000000000 1539.
9.79284000000000 1610.
9.79284000000000 1610.
9.79334000000000 1633.
9.79396000000000 1505.
9.79362000000000 1512.
9.79334000000000 1521.
9.79334000000000 1521.
9.79364000000000 1542.
9.79334000000000 1542.
9.79334000000000 1492.
9.79334000000000 1492.
9.79364000000000 1494.
9.79288000000000 1484.
9.79334000000000 1607.
9.79334000000000 1652.
9.79334000000000 1652.
9.79367000000000 1564.
9.79334000000000 1548.
9.79364000000000 1575.
9.79364000000000 1575.
9.79277000000000 1586.
9.79343000000000 1619.
9.79334000000000 1530.
9.79334000000000 1530.
9.79362000000000 1525.
9.79334000000000 1564.
9.79291000000000 1559.
9.79343000000000 1590.
9.79343000000000 1590.
9.79334000000000 1595.
9.79334000000000 1600.
9.79277000000000 1593.
9.79277000000000 1593.
9.79364000000000 1551.
9.79334000000000 1622.
9.79334000000000 1503.
9.79334000000000 1503.
9.79334000000000 1536.
9.79334000000000 1516.
9.79364000000000 1574.
9.79364000000000 1574.
9.79364000000000 1586.
9.79284000000000 1557.
9.79349000000000 1525.
9.79334000000000 1597.
9.79334000000000 1597.
9.79284000000000 1587.
9.79284000000000 1515.
9.79334000000000 1569.
9.79334000000000 1569.
9.79304000000000 1619.
9.79347000000000 1550.
9.79334000000000 1616.
9.79364000000000 1590.
9.79364000000000 1590.
9.79364000000000 1587.
9.79288000000000 1539.
9.79364000000000 1586.
9.79364000000000 1586.
9.79284000000000 1674.
9.79334000000000 1609.
9.79364000000000 1537.
9.79364000000000 1632.
9.79364000000000 1632.
9.79334000000000 1569.
9.79349000000000 1542.
9.79364000000000 1512.
9.79364000000000 1512.
9.79288000000000 1490.
9.79334000000000 1597.
9.79349000000000 1580.
9.79247000000000 1527.
9.79247000000000 1527.
9.79334000000000 1651.
9.79288000000000 1537.
9.79334000000000 1534.
9.79334000000000 1534.
9.79334000000000 1548.
9.79349000000000 1562.
9.79272000000000 1481.
9.79362000000000 1577.
9.79362000000000 1577.
9.79334000000000 1588.
9.79284000000000 1631.
9.79349000000000 1545.
9.79349000000000 1545.
9.79343000000000 1539.
9.79367000000000 1551.
9.79247000000000 1545.
9.79247000000000 1545.
9.79272000000000 1511.
9.79334000000000 1507.
9.79284000000000 1520.
9.79364000000000 1542.
9.79364000000000 1542.
9.79364000000000 1596.
9.79334000000000 1559.
9.79364000000000 1489.
9.79364000000000 1489.
9.79364000000000 1623.
9.79334000000000 1570.
9.79262000000000 1499.
9.79364000000000 1550.
9.79364000000000 1550.
9.79334000000000 1610.
9.79284000000000 1612.
9.79228000000000 1609.
9.79228000000000 1609.
9.79364000000000 1540.
9.79284000000000 1533.
9.79349000000000 1542.
9.79284000000000 1611.
9.79284000000000 1611.
9.79334000000000 1562.
9.79362000000000 1581.
9.79347000000000 1597.
9.79347000000000 1597.
9.79364000000000 1611.
9.79364000000000 1592.
9.79262000000000 1604.
9.79262000000000 1604.
9.79364000000000 1613.
9.79364000000000 1526.
9.79364000000000 1530.
9.79329000000000 1491.
9.79329000000000 1491.
9.79247000000000 1496.
9.79284000000000 1565.
9.79364000000000 1573.
9.79364000000000 1573.
9.79364000000000 1695.
9.79334000000000 1526.
9.79288000000000 1485.
9.79288000000000 1485.
9.79349000000000 1575.
9.79334000000000 1547.
9.79284000000000 1589.
9.79334000000000 1544.
9.79334000000000 1544.
9.79284000000000 1552.
9.79284000000000 1521.
9.79284000000000 1608.
9.79284000000000 1608.
9.79334000000000 1490.
9.79334000000000 1603.
9.79349000000000 1569.
9.79284000000000 1587.
9.79284000000000 1587.
9.79334000000000 1628.
9.79364000000000 1586.
9.79334000000000 1595.
9.79334000000000 1595.
9.79364000000000 1668.
9.79349000000000 1487.
9.79334000000000 1573.
9.79334000000000 1573.
9.79362000000000 1623.
9.79343000000000 1539.
9.79284000000000 1513.
9.79364000000000 1585.
9.79364000000000 1585.
9.79364000000000 1546.
9.79364000000000 1527.
9.79334000000000 1589.
9.79334000000000 1589.
9.79284000000000 1620.
9.79334000000000 1497.
9.79281000000000 1517.
9.79281000000000 1517.
9.79277000000000 1541.
9.79272000000000 1468.
9.79364000000000 1617.
9.79284000000000 1507.
9.79284000000000 1507.
9.79281000000000 1591.
9.79334000000000 1569.
9.79360000000000 1600.
9.79360000000000 1600.
9.79364000000000 1532.
9.79364000000000 1551.
9.79216000000000 1525.
9.79364000000000 1667.
9.79364000000000 1667.
9.79334000000000 1521.
9.79362000000000 1559.
9.79288000000000 1616.
9.79288000000000 1616.
9.79364000000000 1650.
9.79364000000000 1521.
9.79277000000000 1467.
9.79362000000000 1501.
9.79362000000000 1501.
9.79334000000000 1536.
9.79284000000000 1607.
9.79343000000000 1549.
9.79349000000000 1550.
9.79349000000000 1550.
9.79334000000000 1531.
9.79364000000000 1543.
9.79281000000000 1558.
9.79281000000000 1558.
9.79360000000000 1579.
9.79343000000000 1550.
9.79284000000000 1644.
9.79364000000000 1552.
9.79364000000000 1552.
9.79364000000000 1540.
9.79334000000000 1589.
9.79284000000000 1571.
9.79284000000000 1571.
9.79284000000000 1620.
9.79296000000000 1555.
9.79284000000000 1545.
9.79284000000000 1545.
9.79349000000000 1573.
9.79334000000000 1540.
9.79364000000000 1571.
9.79364000000000 1571.
9.79284000000000 1556.
9.79364000000000 1584.
9.79334000000000 1499.
9.79364000000000 1539.
9.79364000000000 1539.
9.79334000000000 1565.
9.79262000000000 1616.
9.79277000000000 1582.
9.79277000000000 1582.
9.79364000000000 1500.
9.79272000000000 1530.
9.79364000000000 1576.
9.79262000000000 1571.
9.79262000000000 1571.
9.79364000000000 1530.
9.79364000000000 1561.
9.79334000000000 1557.
9.79334000000000 1557.
9.79329000000000 1545.
9.79284000000000 1558.
9.79247000000000 1579.
9.79334000000000 1443.
9.79334000000000 1443.
9.79338000000000 1613.
9.79247000000000 1574.
9.79284000000000 1590.
9.79284000000000 1590.
9.79364000000000 1567.
9.79284000000000 1621.
9.79334000000000 1520.
9.79334000000000 1530.
9.79334000000000 1530.
9.79262000000000 1547.
9.79247000000000 1606.
9.79364000000000 1529.
9.79364000000000 1529.
9.79216000000000 1515.
9.79364000000000 1490.
9.79364000000000 1586.
9.79364000000000 1586.
9.79228000000000 1520.
9.79334000000000 1588.
9.79284000000000 1558.
9.79291000000000 1571.
9.79291000000000 1571.
9.79334000000000 1612.
9.79334000000000 1577.
9.79284000000000 1607.
9.79284000000000 1607.
9.79284000000000 1600.
9.79284000000000 1549.
9.79288000000000 1536.
9.79288000000000 1536.
9.79334000000000 1586.
9.79364000000000 1528.
9.79364000000000 1639.
9.79349000000000 1478.
9.79349000000000 1478.
9.79343000000000 1558.
9.79284000000000 1569.
9.79362000000000 1521.
9.79362000000000 1521.
9.79338000000000 1519.
9.79364000000000 1549.
9.79364000000000 1488.
9.79364000000000 1488.
9.79382000000000 1556.
9.79349000000000 1469.
9.79364000000000 1526.
9.79364000000000 1584.
9.79364000000000 1584.
9.79334000000000 1534.
9.79364000000000 1561.
9.79349000000000 1568.
9.79349000000000 1568.
9.79364000000000 1478.
9.79364000000000 1514.
9.79334000000000 1553.
9.79334000000000 1553.
9.79343000000000 1632.
9.79362000000000 1558.
9.79277000000000 1518.
9.79364000000000 1570.
9.79364000000000 1570.
9.79277000000000 1504.
9.79284000000000 1525.
9.79332000000000 1573.
9.79332000000000 1573.
9.79228000000000 1647.
9.79364000000000 1533.
9.79284000000000 1501.
9.79364000000000 1582.
9.79364000000000 1582.
9.79364000000000 1516.
9.79364000000000 1483.
9.79364000000000 1538.
9.79364000000000 1538.
9.79364000000000 1643.
9.79334000000000 1498.
9.79334000000000 1532.
9.79334000000000 1537.
9.79334000000000 1537.
9.79334000000000 1498.
9.79334000000000 1576.
9.79291000000000 1557.
9.79291000000000 1557.
9.79284000000000 1601.
9.79284000000000 1572.
9.79362000000000 1534.
9.79349000000000 1507.
9.79349000000000 1507.
9.79364000000000 1544.
9.79349000000000 1538.
9.79364000000000 1585.
9.79364000000000 1585.
9.79349000000000 1598.
9.79334000000000 1501.
9.79334000000000 1480.
9.79334000000000 1480.
9.79349000000000 1554.
9.79364000000000 1487.
9.79364000000000 1551.
9.79284000000000 1584.
9.79284000000000 1584.
9.79334000000000 1591.
9.79277000000000 1586.
9.79284000000000 1561.
9.79284000000000 1561.
9.79364000000000 1578.
9.79349000000000 1585.
9.79288000000000 1556.
9.79284000000000 1577.
9.79284000000000 1577.
9.79349000000000 1606.
9.79284000000000 1582.
9.79287000000000 1526.
9.79287000000000 1526.
9.79364000000000 1544.
9.79362000000000 1528.
9.79338000000000 1595.
9.79338000000000 1595.
9.79366000000000 1562.
9.79334000000000 1497.
9.79334000000000 1491.
9.79334000000000 1576.
9.79334000000000 1576.
9.79334000000000 1576.
9.79284000000000 1567.
9.79334000000000 1565.
9.79334000000000 1565.
9.79364000000000 1507.
