9.79254000000000 8189.
9.79256000000000 8031.
9.79254000000000 8096.
9.79254000000000 7967.
9.79254000000000 8211.
9.79259000000000 8095.
9.79254000000000 8014.
9.79254000000000 8057.
9.79254000000000 8141.
9.79256000000000 8164.
9.79256000000000 8258.
9.79256000000000 8013.
9.79254000000000 7903.
9.79256000000000 8050.
9.79256000000000 7994.
9.79254000000000 8134.
9.79256000000000 7939.
9.79256000000000 8108.
9.79256000000000 8165.
9.79256000000000 8175.
9.79254000000000 7960.
9.79254000000000 8178.
9.79256000000000 8109.
9.79254000000000 7971.
9.79256000000000 8077.
9.79254000000000 7986.
9.79253000000000 8093.
9.79256000000000 7976.
9.79254000000000 7968.
9.79256000000000 8210.
9.79254000000000 8178.
9.79256000000000 7947.
9.79256000000000 7963.
9.79256000000000 8096.
9.79256000000000 8025.
9.79256000000000 8009.
9.79254000000000 8219.
9.79254000000000 7998.
9.79256000000000 7827.
9.79256000000000 8118.
9.79254000000000 8031.
9.79256000000000 8152.
9.79254000000000 8216.
9.79256000000000 8112.
9.79256000000000 7987.
9.79254000000000 8204.
9.79259000000000 8212.
9.79256000000000 8035.
9.79259000000000 7953.
9.79256000000000 7812.
9.79256000000000 8058.
9.79254000000000 8261.
9.79254000000000 7848.
9.79256000000000 8027.
9.79256000000000 8096.
9.79254000000000 8262.
9.79259000000000 7979.
9.79254000000000 8249.
9.79256000000000 8145.
9.79256000000000 8079.
9.79256000000000 8209.
9.79254000000000 8107.
9.79254000000000 7894.
9.79254000000000 8119.
9.79254000000000 7971.
9.79254000000000 8209.
9.79256000000000 8129.
9.79256000000000 7954.
9.79254000000000 8189.
9.79256000000000 8319.
9.79256000000000 8040.
9.79256000000000 7894.
9.79254000000000 8123.
9.79256000000000 8050.
9.79256000000000 7936.
9.79254000000000 8242.
9.79256000000000 7972.
9.79256000000000 8116.
9.79256000000000 8142.
9.79256000000000 7979.
9.79254000000000 8069.
9.79254000000000 7965.
9.79254000000000 8099.
9.79256000000000 8129.
9.79254000000000 8085.
9.79252000000000 8198.
9.79256000000000 8266.
9.79254000000000 7986.
9.79256000000000 7989.
9.79254000000000 7939.
9.79256000000000 8039.
9.79252000000000 8036.
9.79256000000000 8328.
9.79259000000000 8296.
9.79256000000000 8070.
9.79256000000000 8137.
9.79252000000000 8024.
9.79254000000000 7998.
9.79256000000000 8195.
9.79254000000000 8076.
9.79259000000000 8146.
9.79256000000000 7990.
9.79254000000000 8213.
9.79256000000000 8003.
9.79252000000000 8321.
9.79254000000000 8085.
9.79256000000000 8046.
9.79254000000000 8082.
9.79256000000000 8023.
9.79256000000000 8088.
9.79256000000000 7935.
9.79252000000000 7978.
9.79254000000000 8073.
9.79254000000000 8140.
9.79256000000000 7976.
9.79254000000000 7964.
9.79254000000000 7981.
9.79252000000000 7997.
9.79256000000000 8104.
9.79255000000000 8251.
9.79256000000000 7883.
9.79256000000000 8332.
9.79256000000000 7816.
9.79259000000000 8036.
9.79254000000000 8028.
9.79256000000000 8119.
9.79254000000000 8165.
9.79254000000000 8148.
9.79254000000000 8130.
9.79254000000000 8121.
9.79256000000000 8092.
9.79256000000000 8153.
9.79256000000000 8130.
9.79254000000000 8017.
9.79256000000000 7962.
9.79256000000000 8073.
9.79254000000000 7944.
9.79256000000000 8113.
9.79254000000000 7922.
9.79256000000000 8222.
9.79254000000000 8153.
9.79256000000000 7934.
9.79256000000000 8241.
9.79252000000000 8259.
9.79254000000000 7955.
9.79256000000000 8223.
9.79254000000000 8098.
9.79254000000000 8004.
9.79256000000000 8202.
9.79254000000000 8198.
9.79256000000000 8147.
9.79256000000000 7993.
9.79256000000000 8117.
9.79256000000000 8032.
9.79254000000000 8101.
9.79254000000000 8211.
9.79256000000000 8090.
9.79256000000000 8189.
9.79254000000000 8105.
9.79256000000000 8091.
9.79254000000000 8048.
9.79254000000000 8054.
9.79256000000000 8037.
9.79256000000000 8067.
9.79253000000000 8156.
9.79256000000000 8077.
9.79254000000000 8104.
9.79254000000000 7862.
9.79256000000000 8070.
9.79256000000000 8059.
9.79256000000000 7881.
9.79256000000000 7905.
9.79256000000000 8029.
9.79254000000000 8079.
9.79254000000000 8061.
9.79254000000000 8027.
9.79256000000000 7970.
9.79254000000000 8067.
9.79256000000000 8240.
9.79254000000000 8278.
9.79257000000000 7901.
9.79256000000000 8066.
9.79256000000000 7988.
9.79256000000000 8122.
9.79256000000000 7961.
9.79256000000000 8037.
9.79256000000000 7998.
9.79254000000000 7942.
9.79252000000000 8155.
9.79254000000000 8025.
9.79256000000000 8175.
9.79256000000000 8039.
9.79256000000000 8076.
9.79254000000000 7982.
9.79256000000000 7969.
9.79252000000000 8132.
9.79256000000000 7970.
9.79254000000000 8027.
9.79254000000000 8088.
9.79256000000000 8109.
9.79259000000000 7971.
9.79256000000000 8147.
9.79254000000000 8172.
9.79256000000000 8112.
9.79256000000000 8084.
9.79256000000000 8202.
9.79259000000000 7996.
9.79259000000000 7922.
9.79254000000000 8019.
9.79259000000000 8053.
9.79256000000000 7875.
9.79252000000000 7854.
9.79256000000000 8029.
9.79254000000000 8249.
9.79256000000000 8006.
9.79256000000000 8035.
9.79254000000000 8034.
9.79254000000000 8031.
9.79256000000000 8421.
9.79254000000000 8036.
9.79254000000000 8016.
9.79254000000000 8083.
9.79256000000000 8074.
9.79254000000000 8090.
9.79256000000000 7956.
9.79254000000000 8166.
9.79252000000000 8090.
9.79254000000000 8044.
9.79256000000000 8071.
9.79252000000000 7956.
9.79254000000000 8104.
9.79257000000000 7931.
9.79256000000000 7962.
9.79256000000000 8320.
9.79256000000000 8046.
9.79254000000000 8033.
9.79254000000000 7996.
9.79254000000000 7971.
9.79254000000000 8090.
9.79256000000000 8120.
9.79254000000000 8217.
9.79254000000000 7986.
9.79256000000000 8164.
9.79256000000000 7965.
9.79256000000000 7979.
9.79256000000000 8289.
9.79259000000000 8044.
9.79254000000000 8070.
9.79254000000000 8239.
9.79259000000000 8059.
9.79254000000000 8284.
9.79259000000000 7940.
9.79254000000000 8118.
9.79252000000000 8213.
9.79256000000000 7960.
9.79254000000000 8082.
9.79254000000000 7879.
9.79256000000000 8091.
9.79256000000000 8129.
9.79256000000000 8096.
9.79256000000000 8077.
9.79256000000000 8101.
9.79256000000000 8040.
9.79254000000000 8009.
9.79254000000000 8138.
9.79252000000000 8096.
9.79254000000000 8128.
9.79259000000000 8012.
9.79256000000000 7944.
9.79256000000000 8159.
9.79254000000000 8269.
9.79256000000000 8073.
9.79256000000000 8276.
9.79254000000000 8082.
9.79254000000000 8006.
9.79256000000000 7958.
9.79256000000000 7987.
9.79258000000000 7921.
9.79254000000000 7965.
9.79256000000000 8274.
9.79256000000000 8248.
9.79256000000000 7991.
9.79256000000000 7990.
9.79254000000000 8037.
9.79252000000000 8165.
9.79254000000000 8067.
9.79254000000000 7894.
9.79256000000000 8075.
9.79254000000000 8196.
9.79252000000000 8152.
9.79256000000000 7835.
9.79256000000000 8219.
9.79254000000000 7982.
9.79256000000000 8104.
9.79254000000000 7825.
9.79254000000000 8060.
9.79256000000000 8042.
9.79256000000000 8129.
9.79254000000000 7932.
9.79256000000000 8245.
9.79254000000000 8172.
9.79256000000000 8139.
9.79259000000000 8109.
9.79254000000000 8088.
9.79254000000000 8138.
9.79259000000000 7983.
9.79259000000000 8051.
9.79256000000000 8036.
9.79254000000000 8101.
9.79252000000000 7912.
9.79254000000000 8108.
9.79257000000000 8154.
9.79254000000000 8133.
9.79256000000000 7931.
9.79254000000000 8135.
9.79254000000000 7944.
9.79253000000000 7891.
9.79256000000000 8078.
9.79254000000000 8057.
9.79256000000000 8025.
9.79256000000000 8186.
9.79256000000000 8006.
9.79254000000000 8075.
9.79256000000000 7993.
9.79256000000000 7986.
9.79256000000000 7790.
9.79256000000000 8073.
9.79254000000000 8059.
9.79254000000000 8030.
9.79256000000000 8097.
9.79259000000000 8070.
9.79256000000000 8196.
9.79254000000000 7943.
9.79252000000000 8031.
9.79259000000000 7967.
9.79256000000000 8216.
9.79256000000000 8042.
9.79259000000000 7918.
9.79256000000000 7841.
9.79254000000000 8275.
9.79254000000000 8234.
9.79254000000000 8085.
9.79256000000000 8125.
9.79254000000000 8113.
9.79254000000000 8059.
9.79254000000000 7976.
9.79256000000000 8143.
9.79254000000000 8152.
9.79256000000000 8145.
9.79256000000000 8266.
9.79256000000000 7931.
9.79254000000000 8163.
9.79256000000000 8175.
9.79256000000000 8058.
9.79252000000000 8093.
9.79254000000000 8127.
9.79256000000000 8019.
9.79254000000000 8025.
9.79254000000000 7929.
9.79252000000000 8143.
9.79254000000000 8134.
9.79254000000000 8160.
9.79254000000000 7968.
9.79256000000000 8058.
9.79252000000000 8152.
9.79256000000000 8043.
9.79256000000000 8295.
9.79256000000000 8169.
9.79254000000000 8165.
9.79256000000000 8158.
9.79254000000000 8279.
9.79254000000000 8169.
9.79254000000000 8200.
9.79256000000000 8216.
9.79256000000000 7970.
9.79256000000000 8064.
9.79256000000000 8165.
9.79254000000000 8042.
9.79256000000000 8086.
9.79256000000000 8211.
9.79254000000000 8095.
9.79259000000000 8183.
9.79254000000000 8261.
9.79256000000000 8053.
9.79254000000000 8044.
9.79256000000000 8120.
9.79256000000000 8224.
9.79256000000000 8030.
9.79256000000000 8047.
9.79254000000000 8087.
9.79259000000000 8136.
9.79259000000000 8236.
9.79259000000000 8204.
9.79256000000000 8056.
9.79256000000000 7998.
9.79256000000000 8120.
9.79256000000000 8157.
9.79254000000000 8089.
9.79256000000000 8160.
9.79254000000000 7967.
9.79252000000000 7998.
9.79256000000000 8186.
9.79252000000000 8043.
9.79256000000000 8226.
9.79254000000000 7912.
9.79259000000000 8026.
9.79254000000000 8052.
9.79255000000000 8139.
9.79254000000000 8243.
9.79256000000000 8050.
9.79254000000000 8328.
9.79254000000000 8033.
9.79254000000000 8039.
9.79256000000000 8000.
9.79256000000000 7989.
9.79256000000000 7907.
9.79256000000000 7987.
9.79256000000000 8025.
9.79254000000000 8085.
9.79254000000000 8096.
9.79252000000000 8097.
9.79256000000000 8095.
9.79256000000000 8119.
9.79252000000000 8173.
9.79256000000000 7892.
9.79254000000000 8168.
9.79254000000000 8104.
9.79256000000000 8117.
9.79254000000000 7979.
9.79252000000000 8153.
9.79256000000000 8133.
9.79254000000000 8128.
9.79256000000000 8113.
9.79256000000000 8030.
9.79256000000000 8073.
9.79256000000000 8208.
9.79256000000000 7823.
9.79256000000000 7977.
9.79256000000000 8085.
9.79254000000000 7995.
9.79256000000000 8217.
9.79256000000000 8112.
9.79253000000000 8085.
9.79256000000000 8038.
9.79259000000000 8010.
9.79256000000000 8095.
9.79256000000000 8133.
9.79256000000000 8196.
9.79259000000000 8003.
9.79256000000000 8049.
9.79254000000000 8121.
9.79256000000000 8101.
9.79256000000000 8114.
9.79254000000000 8165.
9.79259000000000 7865.
9.79256000000000 8125.
9.79254000000000 8040.
9.79256000000000 7886.
9.79256000000000 8056.
9.79256000000000 8078.
9.79256000000000 7944.
9.79254000000000 8107.
9.79254000000000 8055.
9.79254000000000 8063.
9.79254000000000 8094.
9.79254000000000 8125.
9.79256000000000 7963.
9.79254000000000 7882.
9.79254000000000 8114.
9.79254000000000 8215.
9.79256000000000 8063.
9.79256000000000 8065.
9.79254000000000 8117.
9.79256000000000 8166.
9.79256000000000 8269.
9.79256000000000 8167.
9.79256000000000 7945.
9.79254000000000 7890.
9.79256000000000 8160.
9.79252000000000 8096.
9.79254000000000 8208.
9.79254000000000 8021.
9.79252000000000 8141.
9.79256000000000 8065.
9.79254000000000 8183.
9.79256000000000 8171.
9.79254000000000 8071.
9.79256000000000 7957.
9.79256000000000 8186.
9.79256000000000 8165.
9.79252000000000 7994.
9.79256000000000 8179.
9.79256000000000 8120.
9.79254000000000 8162.
9.79256000000000 8084.
9.79254000000000 7906.
9.79256000000000 8049.
9.79256000000000 7980.
9.79256000000000 8134.
9.79254000000000 7960.
