9.79255000000000 4998.
9.79255000000000 4856.
9.79255000000000 4834.
9.79261000000000 4819.
9.79252000000000 4968.
9.79255000000000 5065.
9.79261000000000 4905.
9.79261000000000 4939.
9.79255000000000 4861.
9.79261000000000 4969.
9.79261000000000 4875.
9.79253000000000 4970.
9.79251000000000 4907.
9.79261000000000 5008.
9.79261000000000 4931.
9.79261000000000 5001.
9.79255000000000 4933.
9.79255000000000 4920.
9.79255000000000 4869.
9.79251000000000 4872.
9.79255000000000 4864.
9.79255000000000 5045.
9.79261000000000 5001.
9.79253000000000 4904.
9.79261000000000 4708.
9.79261000000000 4935.
9.79255000000000 4942.
9.79261000000000 4851.
9.79261000000000 4824.
9.79255000000000 4994.
9.79255000000000 4922.
9.79255000000000 5025.
9.79255000000000 4822.
9.79253000000000 4999.
9.79252000000000 5026.
9.79255000000000 4881.
9.79255000000000 4803.
9.79261000000000 4809.
9.79246000000000 4909.
9.79255000000000 4776.
9.79255000000000 4848.
9.79255000000000 4922.
9.79261000000000 4974.
9.79261000000000 4734.
9.79252000000000 4994.
9.79255000000000 4910.
9.79255000000000 4887.
9.79252000000000 5020.
9.79255000000000 4979.
9.79255000000000 4838.
9.79255000000000 4937.
9.79261000000000 4851.
9.79251000000000 4836.
9.79261000000000 4960.
9.79255000000000 4993.
9.79259000000000 4932.
9.79253000000000 4890.
9.79255000000000 4892.
9.79255000000000 4888.
9.79255000000000 4990.
9.79251000000000 4831.
9.79255000000000 4988.
9.79255000000000 4981.
9.79251000000000 4902.
9.79255000000000 4783.
9.79261000000000 4727.
9.79261000000000 4756.
9.79248000000000 4876.
9.79246000000000 4842.
9.79255000000000 4961.
9.79255000000000 4959.
9.79254000000000 5008.
9.79261000000000 4885.
9.79253000000000 4868.
9.79255000000000 4873.
9.79261000000000 4961.
9.79255000000000 4952.
9.79261000000000 4994.
9.79251000000000 4913.
9.79261000000000 4686.
9.79261000000000 4866.
9.79261000000000 5037.
9.79246000000000 4803.
9.79255000000000 4863.
9.79261000000000 4769.
9.79261000000000 4900.
9.79255000000000 4872.
9.79261000000000 4896.
9.79261000000000 4907.
9.79255000000000 4884.
9.79261000000000 4961.
9.79259000000000 4967.
9.79261000000000 4784.
9.79261000000000 4975.
9.79255000000000 4799.
9.79264000000000 4901.
9.79255000000000 4993.
9.79255000000000 4804.
9.79261000000000 4939.
9.79248000000000 4946.
9.79251000000000 4903.
9.79252000000000 4975.
9.79248000000000 5060.
9.79251000000000 4816.
9.79255000000000 4847.
9.79255000000000 4968.
9.79255000000000 4971.
9.79255000000000 4855.
9.79255000000000 4965.
9.79248000000000 4947.
9.79261000000000 4849.
9.79255000000000 4960.
9.79253000000000 4901.
9.79255000000000 4816.
9.79255000000000 4939.
9.79255000000000 4890.
9.79255000000000 4976.
9.79251000000000 4762.
9.79243000000000 4974.
9.79261000000000 5018.
9.79255000000000 4802.
9.79255000000000 4799.
9.79255000000000 5054.
9.79252000000000 4924.
9.79255000000000 4872.
9.79255000000000 4707.
9.79261000000000 4899.
9.79255000000000 4788.
9.79261000000000 4922.
9.79255000000000 4915.
9.79246000000000 4915.
9.79261000000000 4945.
9.79255000000000 4944.
9.79261000000000 4709.
9.79261000000000 4832.
9.79261000000000 4967.
9.79255000000000 4689.
9.79255000000000 4827.
9.79253000000000 4837.
9.79248000000000 4907.
9.79252000000000 4696.
9.79261000000000 4865.
9.79261000000000 4982.
9.79261000000000 4916.
9.79252000000000 4826.
9.79255000000000 4884.
9.79252000000000 4797.
9.79251000000000 4772.
9.79261000000000 4934.
9.79255000000000 5081.
9.79261000000000 4939.
9.79255000000000 4949.
9.79255000000000 4931.
9.79264000000000 4910.
9.79251000000000 4845.
9.79255000000000 4784.
9.79261000000000 4924.
9.79251000000000 4962.
9.79255000000000 5002.
9.79255000000000 4927.
9.79255000000000 4753.
9.79248000000000 5076.
9.79261000000000 5027.
9.79261000000000 4966.
9.79255000000000 4801.
9.79255000000000 4878.
9.79251000000000 4873.
9.79261000000000 4929.
9.79255000000000 4816.
9.79255000000000 4906.
9.79255000000000 4970.
9.79255000000000 4995.
9.79261000000000 4763.
9.79261000000000 4840.
9.79255000000000 4892.
9.79255000000000 4825.
9.79255000000000 4872.
9.79259000000000 4790.
9.79255000000000 4887.
9.79255000000000 4937.
9.79255000000000 5014.
9.79255000000000 4967.
9.79255000000000 4883.
9.79248000000000 4934.
9.79255000000000 4738.
9.79254000000000 5041.
9.79255000000000 5015.
9.79246000000000 4904.
9.79255000000000 5004.
9.79261000000000 4691.
9.79255000000000 4874.
9.79255000000000 4999.
9.79255000000000 4937.
9.79261000000000 4804.
9.79261000000000 5005.
9.79261000000000 4975.
9.79261000000000 4718.
9.79261000000000 4919.
9.79255000000000 5006.
9.79255000000000 5062.
9.79251000000000 5056.
9.79255000000000 4957.
9.79255000000000 4857.
9.79255000000000 4809.
9.79248000000000 4986.
9.79251000000000 5009.
9.79255000000000 4785.
9.79261000000000 4883.
9.79253000000000 4864.
9.79255000000000 5039.
9.79255000000000 4994.
9.79255000000000 4892.
9.79261000000000 4957.
9.79261000000000 4960.
9.79261000000000 5018.
9.79255000000000 4910.
9.79246000000000 4824.
9.79251000000000 4910.
9.79261000000000 4891.
9.79255000000000 4820.
9.79255000000000 4922.
9.79251000000000 4913.
9.79253000000000 4938.
9.79255000000000 4931.
9.79261000000000 4950.
9.79253000000000 4913.
9.79248000000000 4908.
9.79255000000000 4856.
9.79246000000000 4839.
9.79261000000000 4908.
9.79255000000000 4896.
9.79255000000000 4836.
9.79261000000000 4818.
9.79261000000000 4995.
9.79261000000000 4928.
9.79255000000000 4905.
9.79251000000000 4723.
9.79255000000000 4852.
9.79261000000000 4983.
9.79261000000000 4886.
9.79255000000000 4782.
9.79251000000000 4985.
9.79255000000000 4949.
9.79255000000000 4954.
9.79255000000000 4718.
9.79261000000000 4934.
9.79248000000000 5043.
9.79255000000000 5032.
9.79255000000000 4827.
9.79246000000000 4924.
9.79261000000000 4853.
9.79261000000000 4813.
9.79251000000000 4756.
9.79255000000000 4735.
9.79261000000000 4950.
9.79251000000000 4915.
9.79253000000000 4917.
9.79251000000000 4954.
9.79255000000000 4809.
9.79255000000000 4790.
9.79255000000000 4875.
9.79255000000000 4780.
9.79261000000000 4912.
9.79261000000000 4874.
9.79255000000000 4909.
9.79261000000000 4904.
9.79261000000000 4932.
9.79253000000000 4923.
9.79253000000000 4862.
9.79253000000000 4987.
9.79261000000000 5033.
9.79252000000000 4899.
9.79246000000000 4927.
9.79253000000000 4809.
9.79261000000000 4922.
9.79255000000000 4867.
9.79255000000000 4856.
9.79261000000000 4885.
9.79255000000000 4900.
9.79252000000000 5027.
9.79261000000000 5034.
9.79255000000000 4814.
9.79255000000000 4952.
9.79252000000000 4932.
9.79251000000000 4847.
9.79255000000000 4989.
9.79261000000000 4855.
9.79251000000000 4870.
9.79255000000000 4944.
9.79261000000000 4926.
9.79255000000000 4934.
9.79261000000000 4841.
9.79251000000000 4812.
9.79248000000000 4917.
9.79261000000000 4910.
9.79251000000000 4861.
9.79251000000000 5014.
9.79255000000000 4898.
9.79255000000000 4977.
9.79251000000000 4776.
9.79255000000000 4925.
9.79246000000000 4883.
9.79252000000000 4900.
9.79255000000000 5028.
9.79251000000000 4984.
9.79261000000000 5077.
9.79255000000000 5023.
9.79255000000000 4958.
9.79261000000000 4895.
9.79253000000000 4928.
9.79255000000000 4838.
9.79255000000000 4962.
9.79261000000000 4872.
9.79253000000000 4868.
9.79248000000000 4894.
9.79255000000000 4860.
9.79253000000000 5074.
9.79255000000000 4888.
9.79255000000000 5002.
9.79261000000000 5068.
9.79261000000000 4924.
9.79261000000000 4983.
9.79253000000000 4895.
9.79251000000000 4786.
9.79255000000000 4812.
9.79261000000000 5028.
9.79251000000000 4993.
9.79255000000000 4914.
9.79261000000000 5011.
9.79251000000000 4958.
9.79255000000000 4889.
9.79255000000000 5003.
9.79261000000000 4822.
9.79251000000000 4824.
9.79255000000000 4866.
9.79255000000000 4957.
9.79252000000000 5066.
9.79255000000000 5002.
9.79255000000000 4826.
9.79255000000000 4807.
9.79255000000000 4794.
9.79253000000000 4989.
9.79251000000000 4879.
9.79246000000000 4912.
9.79255000000000 4918.
9.79253000000000 4808.
9.79255000000000 4981.
9.79252000000000 4950.
9.79255000000000 4828.
9.79251000000000 4897.
9.79255000000000 4774.
9.79253000000000 4844.
9.79255000000000 4894.
9.79255000000000 4996.
9.79255000000000 5021.
9.79255000000000 4782.
9.79261000000000 4903.
9.79252000000000 5153.
9.79261000000000 5054.
9.79261000000000 4895.
9.79255000000000 4862.
9.79252000000000 4883.
9.79252000000000 4865.
9.79251000000000 4948.
9.79255000000000 4905.
9.79255000000000 4883.
9.79261000000000 4941.
9.79255000000000 4881.
9.79255000000000 5039.
9.79264000000000 4975.
9.79261000000000 5025.
9.79255000000000 4857.
9.79246000000000 4859.
9.79253000000000 4933.
9.79252000000000 4878.
9.79253000000000 4912.
9.79255000000000 4990.
9.79261000000000 4924.
9.79255000000000 4852.
9.79255000000000 4860.
9.79261000000000 4887.
9.79255000000000 4738.
9.79255000000000 4906.
9.79255000000000 4759.
9.79255000000000 5013.
9.79251000000000 5043.
9.79255000000000 4968.
9.79261000000000 5061.
9.79246000000000 4969.
9.79261000000000 4991.
9.79252000000000 4869.
9.79252000000000 4986.
9.79261000000000 5088.
9.79261000000000 4852.
9.79261000000000 4791.
9.79255000000000 4971.
9.79255000000000 4989.
9.79255000000000 4908.
9.79255000000000 5055.
9.79255000000000 4902.
9.79261000000000 4914.
9.79255000000000 4921.
9.79261000000000 4793.
9.79255000000000 5001.
9.79261000000000 5019.
9.79261000000000 4889.
9.79261000000000 4903.
9.79248000000000 4911.
9.79261000000000 4983.
9.79255000000000 4892.
9.79264000000000 5024.
9.79255000000000 4949.
9.79255000000000 4871.
9.79251000000000 4938.
9.79261000000000 4886.
9.79258000000000 4809.
9.79255000000000 4859.
9.79261000000000 4910.
9.79255000000000 4850.
9.79261000000000 4887.
9.79255000000000 4757.
9.79255000000000 4797.
9.79255000000000 5130.
9.79255000000000 4994.
9.79255000000000 4916.
9.79253000000000 4970.
9.79255000000000 4866.
9.79248000000000 4839.
9.79261000000000 4967.
9.79255000000000 4861.
9.79255000000000 4853.
9.79261000000000 5010.
9.79255000000000 4962.
9.79255000000000 4896.
9.79261000000000 4948.
9.79261000000000 4913.
9.79255000000000 4834.
9.79261000000000 4770.
9.79255000000000 4790.
9.79261000000000 4863.
9.79255000000000 4869.
9.79258000000000 4887.
9.79255000000000 4899.
9.79255000000000 4863.
9.79261000000000 4994.
9.79255000000000 4912.
9.79261000000000 4915.
9.79251000000000 4969.
9.79248000000000 4850.
9.79255000000000 4993.
9.79255000000000 4940.
9.79255000000000 5113.
9.79252000000000 4781.
9.79261000000000 4850.
9.79255000000000 4910.
9.79255000000000 4958.
9.79251000000000 4792.
9.79255000000000 4934.
9.79261000000000 4889.
9.79261000000000 4805.
9.79254000000000 5039.
9.79255000000000 4968.
9.79261000000000 4720.
9.79251000000000 4897.
9.79253000000000 4895.
9.79255000000000 4872.
9.79248000000000 4881.
9.79255000000000 4983.
9.79255000000000 4954.
9.79261000000000 4953.
9.79261000000000 4890.
9.79255000000000 4949.
9.79261000000000 4845.
9.79255000000000 4859.
9.79261000000000 4851.
9.79261000000000 4865.
9.79243000000000 4958.
9.79261000000000 4769.
9.79255000000000 4831.
9.79261000000000 4678.
9.79255000000000 4994.
9.79255000000000 4942.
9.79252000000000 4787.
9.79255000000000 4878.
9.79255000000000 4925.
9.79255000000000 4895.
9.79255000000000 4871.
9.79261000000000 4872.
9.79252000000000 4929.
9.79255000000000 5049.
9.79261000000000 5009.
9.79255000000000 4985.
9.79255000000000 5085.
9.79253000000000 4871.
9.79261000000000 4861.
9.79261000000000 4944.
9.79255000000000 4816.
9.79246000000000 4930.
9.79255000000000 4853.
9.79261000000000 4976.
