9.79437000000000 5281.
9.79444000000000 5405.
9.79423000000000 5269.
9.79431000000000 5319.
9.79444000000000 5294.
9.79442000000000 5314.
9.79442000000000 5412.
9.79444000000000 5357.
9.79434000000000 5490.
9.79442000000000 5355.
9.79437000000000 5401.
9.79434000000000 5140.
9.79442000000000 5200.
9.79442000000000 5339.
9.79437000000000 5272.
9.79442000000000 5350.
9.79437000000000 5370.
9.79434000000000 5204.
9.79433000000000 5274.
9.79442000000000 5424.
9.79442000000000 5168.
9.79444000000000 5282.
9.79429000000000 5309.
9.79442000000000 5355.
9.79423000000000 5400.
9.79444000000000 5368.
9.79429000000000 5264.
9.79437000000000 5191.
9.79444000000000 5435.
9.79431000000000 5339.
9.79442000000000 5445.
9.79444000000000 5270.
9.79437000000000 5244.
9.79442000000000 5509.
9.79437000000000 5298.
9.79433000000000 5224.
9.79431000000000 5368.
9.79433000000000 5372.
9.79444000000000 5266.
9.79437000000000 5247.
9.79431000000000 5527.
9.79429000000000 5410.
9.79428000000000 5296.
9.79444000000000 5344.
9.79434000000000 5498.
9.79444000000000 5231.
9.79442000000000 5151.
9.79433000000000 5392.
9.79442000000000 5288.
9.79434000000000 5418.
9.79444000000000 5381.
9.79434000000000 5285.
9.79448000000000 5409.
9.79444000000000 5316.
9.79423000000000 5384.
9.79434000000000 5312.
9.79437000000000 5471.
9.79424000000000 5319.
9.79442000000000 5394.
9.79437000000000 5404.
9.79442000000000 5413.
9.79433000000000 5474.
9.79433000000000 5445.
9.79437000000000 5272.
9.79442000000000 5413.
9.79442000000000 5343.
9.79433000000000 5403.
9.79434000000000 5373.
9.79444000000000 5430.
9.79437000000000 5458.
9.79442000000000 5407.
9.79423000000000 5477.
9.79442000000000 5422.
9.79431000000000 5393.
9.79437000000000 5380.
9.79434000000000 5382.
9.79419000000000 5338.
9.79419000000000 5358.
9.79423000000000 5339.
9.79444000000000 5348.
9.79442000000000 5346.
9.79442000000000 5296.
9.79429000000000 5354.
9.79442000000000 5288.
9.79442000000000 5261.
9.79423000000000 5242.
9.79442000000000 5277.
9.79442000000000 5350.
9.79442000000000 5335.
9.79431000000000 5352.
9.79437000000000 5138.
9.79437000000000 5486.
9.79442000000000 5376.
9.79419000000000 5290.
9.79434000000000 5377.
9.79455000000000 5271.
9.79444000000000 5312.
9.79437000000000 5232.
9.79433000000000 5203.
9.79442000000000 5418.
9.79444000000000 5309.
9.79433000000000 5375.
9.79433000000000 5504.
9.79424000000000 5302.
9.79444000000000 5359.
9.79444000000000 5283.
9.79444000000000 5116.
9.79433000000000 5236.
9.79444000000000 5366.
9.79437000000000 5233.
9.79431000000000 5254.
9.79444000000000 5197.
9.79433000000000 5470.
9.79442000000000 5434.
9.79444000000000 5390.
9.79431000000000 5328.
9.79444000000000 5366.
9.79431000000000 5328.
9.79444000000000 5261.
9.79444000000000 5389.
9.79442000000000 5161.
9.79442000000000 5371.
9.79437000000000 5371.
9.79431000000000 5319.
9.79437000000000 5272.
9.79444000000000 5377.
9.79442000000000 5206.
9.79442000000000 5379.
9.79444000000000 5348.
9.79444000000000 5329.
9.79442000000000 5139.
9.79442000000000 5313.
9.79442000000000 5410.
9.79455000000000 5289.
9.79444000000000 5330.
9.79437000000000 5378.
9.79442000000000 5357.
9.79442000000000 5370.
9.79419000000000 5362.
9.79447000000000 5181.
9.79431000000000 5391.
9.79442000000000 5343.
9.79442000000000 5352.
9.79442000000000 5411.
9.79437000000000 5347.
9.79437000000000 5369.
9.79437000000000 5561.
9.79425000000000 5231.
9.79423000000000 5238.
9.79444000000000 5339.
9.79444000000000 5391.
9.79433000000000 5442.
9.79433000000000 5484.
9.79442000000000 5309.
9.79431000000000 5317.
9.79444000000000 5379.
9.79442000000000 5526.
9.79442000000000 5300.
9.79444000000000 5357.
9.79442000000000 5255.
9.79433000000000 5238.
9.79433000000000 5414.
9.79447000000000 5502.
9.79429000000000 5371.
9.79444000000000 5327.
9.79442000000000 5241.
9.79431000000000 5331.
9.79435000000000 5367.
9.79437000000000 5149.
9.79442000000000 5361.
9.79424000000000 5376.
9.79442000000000 5371.
9.79442000000000 5316.
9.79442000000000 5485.
9.79431000000000 5301.
9.79444000000000 5302.
9.79444000000000 5259.
9.79444000000000 5288.
9.79444000000000 5477.
9.79434000000000 5282.
9.79437000000000 5257.
9.79442000000000 5479.
9.79444000000000 5388.
9.79442000000000 5345.
9.79423000000000 5301.
9.79433000000000 5394.
9.79444000000000 5338.
9.79436000000000 5292.
9.79431000000000 5378.
9.79444000000000 5281.
9.79442000000000 5515.
9.79442000000000 5471.
9.79444000000000 5277.
9.79437000000000 5365.
9.79442000000000 5507.
9.79442000000000 5312.
9.79429000000000 5379.
9.79437000000000 5366.
9.79444000000000 5378.
9.79444000000000 5375.
9.79455000000000 5364.
9.79437000000000 5395.
9.79444000000000 5337.
9.79429000000000 5388.
9.79442000000000 5429.
9.79444000000000 5290.
9.79442000000000 5256.
9.79444000000000 5303.
9.79444000000000 5465.
9.79442000000000 5385.
9.79433000000000 5288.
9.79442000000000 5342.
9.79442000000000 5362.
9.79437000000000 5278.
9.79434000000000 5517.
9.79433000000000 5469.
9.79437000000000 5345.
9.79442000000000 5308.
9.79424000000000 5346.
9.79444000000000 5196.
9.79444000000000 5327.
9.79442000000000 5549.
9.79429000000000 5404.
9.79444000000000 5464.
9.79437000000000 5358.
9.79437000000000 5294.
9.79433000000000 5307.
9.79444000000000 5293.
9.79437000000000 5198.
9.79444000000000 5415.
9.79444000000000 5298.
9.79431000000000 5242.
9.79437000000000 5293.
9.79442000000000 5415.
9.79444000000000 5380.
9.79444000000000 5319.
9.79447000000000 5161.
9.79423000000000 5245.
9.79445000000000 5257.
9.79447000000000 5203.
9.79444000000000 5253.
9.79430000000000 5516.
9.79444000000000 5376.
9.79442000000000 5281.
9.79444000000000 5413.
9.79444000000000 5327.
9.79442000000000 5314.
9.79444000000000 5331.
9.79444000000000 5323.
9.79442000000000 5404.
9.79433000000000 5247.
9.79442000000000 5376.
9.79442000000000 5361.
9.79433000000000 5286.
9.79425000000000 5353.
9.79425000000000 5393.
9.79431000000000 5225.
9.79442000000000 5367.
9.79419000000000 5428.
9.79444000000000 5545.
9.79429000000000 5163.
9.79433000000000 5249.
9.79437000000000 5338.
9.79431000000000 5276.
9.79444000000000 5508.
9.79433000000000 5258.
9.79444000000000 5386.
9.79437000000000 5304.
9.79424000000000 5162.
9.79437000000000 5127.
9.79444000000000 5385.
9.79431000000000 5370.
9.79437000000000 5473.
9.79444000000000 5376.
9.79444000000000 5267.
9.79444000000000 5392.
9.79444000000000 5362.
9.79442000000000 5526.
9.79419000000000 5420.
9.79433000000000 5221.
9.79433000000000 5205.
9.79437000000000 5398.
9.79433000000000 5293.
9.79444000000000 5289.
9.79431000000000 5438.
9.79442000000000 5126.
9.79428000000000 5329.
9.79442000000000 5350.
9.79429000000000 5271.
9.79437000000000 5285.
9.79437000000000 5388.
9.79444000000000 5250.
9.79437000000000 5277.
9.79437000000000 5440.
9.79437000000000 5303.
9.79433000000000 5469.
9.79429000000000 5329.
9.79442000000000 5314.
9.79434000000000 5406.
9.79444000000000 5421.
9.79442000000000 5429.
9.79444000000000 5278.
9.79437000000000 5337.
9.79437000000000 5349.
9.79423000000000 5393.
9.79437000000000 5402.
9.79442000000000 5439.
9.79442000000000 5214.
9.79442000000000 5494.
9.79447000000000 5214.
9.79431000000000 5330.
9.79444000000000 5502.
9.79429000000000 5300.
9.79444000000000 5293.
9.79442000000000 5423.
9.79444000000000 5383.
9.79442000000000 5346.
9.79434000000000 5305.
9.79437000000000 5346.
9.79442000000000 5310.
9.79442000000000 5465.
9.79436000000000 5330.
9.79444000000000 5402.
9.79444000000000 5354.
9.79447000000000 5275.
9.79445000000000 5222.
9.79420000000000 5144.
9.79444000000000 5446.
9.79442000000000 5075.
9.79444000000000 5324.
9.79448000000000 5372.
9.79447000000000 5336.
9.79442000000000 5248.
9.79433000000000 5283.
9.79429000000000 5421.
9.79437000000000 5411.
9.79434000000000 5246.
9.79434000000000 5367.
9.79444000000000 5380.
9.79444000000000 5437.
9.79444000000000 5380.
9.79434000000000 5497.
9.79442000000000 5529.
9.79444000000000 5220.
9.79431000000000 5312.
9.79428000000000 5255.
9.79444000000000 5433.
9.79437000000000 5439.
9.79442000000000 5484.
9.79442000000000 5305.
9.79423000000000 5369.
9.79434000000000 5360.
9.79434000000000 5293.
9.79431000000000 5402.
9.79437000000000 5386.
9.79434000000000 5254.
9.79433000000000 5509.
9.79444000000000 5209.
9.79442000000000 5277.
9.79447000000000 5458.
9.79444000000000 5359.
9.79442000000000 5201.
9.79424000000000 5392.
9.79433000000000 5241.
9.79444000000000 5462.
9.79442000000000 5384.
9.79442000000000 5464.
9.79442000000000 5322.
9.79437000000000 5359.
9.79437000000000 5377.
9.79444000000000 5348.
9.79423000000000 5330.
9.79444000000000 5295.
9.79444000000000 5291.
9.79434000000000 5302.
9.79442000000000 5273.
9.79442000000000 5256.
9.79433000000000 5344.
9.79444000000000 5398.
9.79437000000000 5274.
9.79434000000000 5432.
9.79433000000000 5311.
9.79444000000000 5208.
9.79444000000000 5470.
9.79442000000000 5358.
9.79442000000000 5228.
9.79442000000000 5533.
9.79433000000000 5465.
9.79419000000000 5316.
9.79444000000000 5278.
9.79442000000000 5368.
9.79442000000000 5403.
9.79455000000000 5281.
9.79419000000000 5566.
9.79431000000000 5585.
9.79444000000000 5532.
9.79444000000000 5232.
9.79442000000000 5354.
9.79442000000000 5238.
9.79437000000000 5245.
9.79412000000000 5415.
9.79437000000000 5211.
9.79424000000000 5326.
9.79444000000000 5456.
9.79437000000000 5324.
9.79434000000000 5345.
9.79433000000000 5293.
9.79431000000000 5324.
9.79444000000000 5351.
9.79444000000000 5288.
9.79437000000000 5347.
9.79442000000000 5286.
9.79444000000000 5375.
9.79444000000000 5327.
9.79442000000000 5438.
9.79444000000000 5294.
9.79444000000000 5268.
9.79444000000000 5261.
9.79444000000000 5407.
9.79442000000000 5267.
9.79444000000000 5355.
9.79444000000000 5395.
9.79439000000000 5364.
9.79437000000000 5202.
9.79429000000000 5324.
9.79437000000000 5303.
9.79429000000000 5398.
9.79437000000000 5245.
9.79429000000000 5360.
9.79455000000000 5342.
9.79437000000000 5345.
9.79433000000000 5432.
9.79433000000000 5388.
9.79431000000000 5365.
9.79434000000000 5326.
9.79442000000000 5423.
9.79437000000000 5316.
9.79434000000000 5379.
9.79437000000000 5417.
9.79423000000000 5304.
9.79455000000000 5268.
9.79419000000000 5255.
9.79431000000000 5219.
9.79437000000000 5311.
9.79424000000000 5288.
9.79442000000000 5352.
9.79433000000000 5360.
9.79444000000000 5350.
9.79445000000000 5353.
9.79437000000000 5377.
9.79424000000000 5352.
9.79431000000000 5349.
9.79444000000000 5354.
9.79437000000000 5377.
9.79444000000000 5225.
9.79442000000000 5436.
9.79447000000000 5404.
9.79437000000000 5473.
9.79429000000000 5234.
9.79444000000000 5442.
9.79444000000000 5470.
9.79434000000000 5306.
9.79433000000000 5425.
9.79442000000000 5335.
9.79444000000000 5415.
9.79442000000000 5439.
9.79437000000000 5224.
9.79431000000000 5215.
9.79424000000000 5409.
9.79444000000000 5169.
9.79437000000000 5272.
9.79445000000000 5513.
9.79442000000000 5411.
9.79442000000000 5382.
9.79429000000000 5424.
9.79444000000000 5343.
9.79442000000000 5364.
9.79431000000000 5262.
9.79442000000000 5410.
9.79429000000000 5335.
9.79444000000000 5349.
9.79433000000000 5375.
9.79444000000000 5337.
9.79423000000000 5329.
9.79424000000000 5348.
9.79442000000000 5367.
9.79442000000000 5305.
9.79444000000000 5352.
9.79444000000000 5277.
9.79444000000000 5407.
9.79429000000000 5469.
9.79433000000000 5348.
9.79444000000000 5577.
9.79455000000000 5375.
9.79444000000000 5292.
9.79442000000000 5355.
9.79444000000000 5411.
9.79437000000000 5330.
9.79444000000000 5368.
9.79431000000000 5214.
