9.79450000000000 1.5609E+04
9.79450000000000 1.5793E+04
9.79448000000000 1.5801E+04
9.79450000000000 1.5798E+04
9.79446000000000 1.5700E+04
9.79446000000000 1.5977E+04
9.79447000000000 1.5585E+04
9.79446000000000 1.5855E+04
9.79446000000000 1.5482E+04
9.79446000000000 1.5834E+04
9.79444000000000 1.5596E+04
9.79446000000000 1.5835E+04
9.79444000000000 1.5672E+04
9.79445000000000 1.5385E+04
9.79449000000000 1.5563E+04
9.79439000000000 1.5527E+04
9.79446000000000 1.5817E+04
9.79444000000000 1.5943E+04
9.79446000000000 1.5693E+04
9.79439000000000 1.5607E+04
9.79439000000000 1.5637E+04
9.79446000000000 1.6225E+04
9.79446000000000 1.5717E+04
9.79444000000000 1.5887E+04
9.79447000000000 1.5638E+04
9.79444000000000 1.5828E+04
9.79446000000000 1.5904E+04
9.79444000000000 1.5639E+04
9.79444000000000 1.5517E+04
9.79450000000000 1.6025E+04
9.79450000000000 1.5569E+04
9.79446000000000 1.5774E+04
9.79446000000000 1.5615E+04
9.79446000000000 1.5626E+04
9.79446000000000 1.5470E+04
9.79448000000000 1.5667E+04
9.79448000000000 1.5491E+04
9.79444000000000 1.5713E+04
9.79450000000000 1.5577E+04
9.79446000000000 1.5593E+04
9.79446000000000 1.5672E+04
9.79441000000000 1.5808E+04
9.79444000000000 1.5627E+04
9.79446000000000 1.5698E+04
9.79446000000000 1.5808E+04
9.79450000000000 1.5766E+04
9.79444000000000 1.5578E+04
9.79446000000000 1.5762E+04
9.79446000000000 1.5737E+04
9.79450000000000 1.5828E+04
9.79450000000000 1.5829E+04
9.79450000000000 1.5661E+04
9.79446000000000 1.5504E+04
9.79446000000000 1.5826E+04
9.79449000000000 1.5709E+04
9.79446000000000 1.5847E+04
9.79446000000000 1.5591E+04
9.79445000000000 1.5669E+04
9.79445000000000 1.5616E+04
9.79446000000000 1.5555E+04
9.79446000000000 1.5489E+04
9.79444000000000 1.5777E+04
9.79446000000000 1.5898E+04
9.79444000000000 1.5499E+04
9.79444000000000 1.5668E+04
9.79450000000000 1.5626E+04
9.79444000000000 1.5630E+04
9.79450000000000 1.5860E+04
9.79444000000000 1.5755E+04
9.79446000000000 1.5711E+04
9.79446000000000 1.5830E+04
9.79446000000000 1.5425E+04
9.79444000000000 1.5660E+04
9.79445000000000 1.5722E+04
9.79444000000000 1.5588E+04
9.79446000000000 1.5758E+04
9.79446000000000 1.5823E+04
9.79446000000000 1.5830E+04
9.79446000000000 1.5670E+04
9.79446000000000 1.5845E+04
9.79446000000000 1.5513E+04
9.79446000000000 1.5700E+04
9.79444000000000 1.5692E+04
9.79450000000000 1.5707E+04
9.79444000000000 1.5546E+04
9.79446000000000 1.5598E+04
9.79450000000000 1.5590E+04
9.79446000000000 1.5941E+04
9.79446000000000 1.5838E+04
9.79450000000000 1.5827E+04
9.79444000000000 1.5669E+04
9.79439000000000 1.5557E+04
9.79446000000000 1.5678E+04
9.79446000000000 1.5556E+04
9.79448000000000 1.5857E+04
9.79446000000000 1.5746E+04
9.79446000000000 1.5481E+04
9.79448000000000 1.5667E+04
9.79446000000000 1.5976E+04
9.79444000000000 1.5653E+04
9.79450000000000 1.5983E+04
9.79444000000000 1.5551E+04
9.79446000000000 1.5929E+04
9.79444000000000 1.5796E+04
9.79439000000000 1.5775E+04
9.79446000000000 1.5793E+04
9.79444000000000 1.5393E+04
9.79446000000000 1.5882E+04
9.79446000000000 1.5594E+04
9.79450000000000 1.5440E+04
9.79450000000000 1.5640E+04
9.79446000000000 1.5556E+04
9.79444000000000 1.5826E+04
9.79446000000000 1.5954E+04
9.79444000000000 1.5623E+04
9.79450000000000 1.5813E+04
9.79444000000000 1.5795E+04
9.79447000000000 1.5653E+04
9.79446000000000 1.5946E+04
9.79444000000000 1.5872E+04
9.79444000000000 1.5571E+04
9.79443000000000 1.5680E+04
9.79444000000000 1.5748E+04
9.79446000000000 1.5582E+04
9.79444000000000 1.5802E+04
9.79446000000000 1.5882E+04
9.79450000000000 1.5713E+04
9.79446000000000 1.5479E+04
9.79450000000000 1.5713E+04
9.79446000000000 1.5813E+04
9.79446000000000 1.5598E+04
9.79444000000000 1.5659E+04
9.79444000000000 1.5728E+04
9.79444000000000 1.5915E+04
9.79450000000000 1.5549E+04
9.79446000000000 1.5499E+04
9.79450000000000 1.5566E+04
9.79450000000000 1.5744E+04
9.79446000000000 1.5838E+04
9.79444000000000 1.5541E+04
9.79446000000000 1.5919E+04
9.79446000000000 1.5410E+04
9.79446000000000 1.5937E+04
9.79446000000000 1.5863E+04
9.79449000000000 1.5634E+04
9.79446000000000 1.5904E+04
9.79446000000000 1.5598E+04
9.79446000000000 1.5304E+04
9.79444000000000 1.5780E+04
9.79448000000000 1.5619E+04
9.79446000000000 1.5652E+04
9.79446000000000 1.5706E+04
9.79445000000000 1.5754E+04
9.79444000000000 1.5791E+04
9.79439000000000 1.5624E+04
9.79448000000000 1.5600E+04
9.79446000000000 1.5602E+04
9.79444000000000 1.5859E+04
9.79444000000000 1.6020E+04
9.79446000000000 1.6130E+04
9.79446000000000 1.5706E+04
9.79449000000000 1.5800E+04
9.79446000000000 1.5577E+04
9.79450000000000 1.5477E+04
9.79446000000000 1.5759E+04
9.79446000000000 1.5626E+04
9.79450000000000 1.5781E+04
9.79449000000000 1.5799E+04
9.79450000000000 1.5736E+04
9.79446000000000 1.5680E+04
9.79446000000000 1.5555E+04
9.79446000000000 1.5770E+04
9.79446000000000 1.5504E+04
9.79454000000000 1.5748E+04
9.79451000000000 1.5463E+04
9.79446000000000 1.5739E+04
9.79446000000000 1.5727E+04
9.79450000000000 1.5841E+04
9.79446000000000 1.5826E+04
9.79444000000000 1.5762E+04
9.79448000000000 1.5706E+04
9.79446000000000 1.5541E+04
9.79449000000000 1.5917E+04
9.79452000000000 1.5672E+04
9.79446000000000 1.5748E+04
9.79446000000000 1.5461E+04
9.79446000000000 1.5832E+04
9.79450000000000 1.5998E+04
9.79444000000000 1.5618E+04
9.79446000000000 1.5943E+04
9.79450000000000 1.5771E+04
9.79450000000000 1.5568E+04
9.79446000000000 1.5705E+04
9.79450000000000 1.5469E+04
9.79450000000000 1.5500E+04
9.79446000000000 1.5491E+04
9.79450000000000 1.5459E+04
9.79450000000000 1.5479E+04
9.79444000000000 1.5628E+04
9.79447000000000 1.5935E+04
9.79446000000000 1.5655E+04
9.79439000000000 1.5478E+04
9.79446000000000 1.5767E+04
9.79450000000000 1.5713E+04
9.79444000000000 1.5669E+04
9.79439000000000 1.5866E+04
9.79446000000000 1.5979E+04
9.79444000000000 1.5564E+04
9.79444000000000 1.5643E+04
9.79450000000000 1.5776E+04
9.79444000000000 1.5565E+04
9.79446000000000 1.5759E+04
9.79439000000000 1.6000E+04
9.79446000000000 1.6007E+04
9.79446000000000 1.5740E+04
9.79450000000000 1.5455E+04
9.79446000000000 1.5638E+04
9.79446000000000 1.5753E+04
9.79444000000000 1.5517E+04
9.79445000000000 1.5624E+04
9.79446000000000 1.5743E+04
9.79446000000000 1.5807E+04
9.79446000000000 1.5563E+04
9.79450000000000 1.5763E+04
9.79446000000000 1.5926E+04
9.79444000000000 1.5665E+04
9.79446000000000 1.5889E+04
9.79444000000000 1.5655E+04
9.79446000000000 1.5579E+04
9.79445000000000 1.5686E+04
9.79450000000000 1.5595E+04
9.79446000000000 1.5685E+04
9.79444000000000 1.5614E+04
9.79446000000000 1.5932E+04
9.79444000000000 1.5689E+04
9.79446000000000 1.5786E+04
9.79448000000000 1.5740E+04
9.79450000000000 1.5601E+04
9.79446000000000 1.5718E+04
9.79450000000000 1.5674E+04
9.79444000000000 1.5924E+04
9.79446000000000 1.5826E+04
9.79446000000000 1.5766E+04
9.79444000000000 1.5857E+04
9.79446000000000 1.5717E+04
9.79446000000000 1.5824E+04
9.79446000000000 1.5921E+04
9.79446000000000 1.5360E+04
9.79446000000000 1.5702E+04
9.79446000000000 1.5821E+04
9.79445000000000 1.5823E+04
9.79444000000000 1.5546E+04
9.79444000000000 1.5540E+04
9.79446000000000 1.5776E+04
9.79439000000000 1.5546E+04
9.79450000000000 1.5771E+04
9.79446000000000 1.5799E+04
9.79439000000000 1.5879E+04
9.79448000000000 1.5654E+04
9.79447000000000 1.5775E+04
9.79446000000000 1.5725E+04
9.79446000000000 1.5492E+04
9.79446000000000 1.5753E+04
9.79444000000000 1.5722E+04
9.79446000000000 1.5487E+04
9.79446000000000 1.5987E+04
9.79444000000000 1.5627E+04
9.79446000000000 1.5915E+04
9.79446000000000 1.5594E+04
9.79446000000000 1.5587E+04
9.79444000000000 1.5825E+04
9.79446000000000 1.5669E+04
9.79449000000000 1.5991E+04
9.79451000000000 1.5528E+04
9.79446000000000 1.5846E+04
9.79446000000000 1.5830E+04
9.79446000000000 1.5811E+04
9.79450000000000 1.5671E+04
9.79446000000000 1.5726E+04
9.79444000000000 1.5482E+04
9.79446000000000 1.5858E+04
9.79449000000000 1.5686E+04
9.79450000000000 1.5674E+04
9.79446000000000 1.5803E+04
9.79446000000000 1.5783E+04
9.79444000000000 1.5724E+04
9.79448000000000 1.5716E+04
9.79448000000000 1.6004E+04
9.79444000000000 1.5938E+04
9.79445000000000 1.5806E+04
9.79450000000000 1.5590E+04
9.79446000000000 1.5791E+04
9.79447000000000 1.5749E+04
9.79446000000000 1.5741E+04
9.79444000000000 1.5613E+04
9.79446000000000 1.5876E+04
9.79445000000000 1.5733E+04
9.79446000000000 1.5939E+04
9.79448000000000 1.5618E+04
9.79450000000000 1.5558E+04
9.79444000000000 1.5408E+04
9.79446000000000 1.5952E+04
9.79446000000000 1.5587E+04
9.79446000000000 1.5671E+04
9.79448000000000 1.5525E+04
9.79450000000000 1.5495E+04
9.79450000000000 1.5501E+04
9.79444000000000 1.5560E+04
9.79446000000000 1.5512E+04
9.79446000000000 1.5762E+04
9.79449000000000 1.6008E+04
9.79446000000000 1.5551E+04
9.79444000000000 1.5491E+04
9.79444000000000 1.5679E+04
9.79446000000000 1.5487E+04
9.79439000000000 1.5628E+04
9.79446000000000 1.5693E+04
9.79444000000000 1.5756E+04
9.79444000000000 1.5577E+04
9.79450000000000 1.5891E+04
9.79451000000000 1.5825E+04
9.79439000000000 1.5594E+04
9.79444000000000 1.5465E+04
9.79450000000000 1.5746E+04
9.79446000000000 1.5629E+04
9.79446000000000 1.5554E+04
9.79450000000000 1.5851E+04
9.79446000000000 1.5700E+04
9.79446000000000 1.5855E+04
9.79446000000000 1.5790E+04
9.79446000000000 1.5931E+04
9.79444000000000 1.5798E+04
9.79446000000000 1.5678E+04
9.79450000000000 1.5741E+04
9.79454000000000 1.5711E+04
9.79446000000000 1.5766E+04
9.79446000000000 1.5823E+04
9.79446000000000 1.5825E+04
9.79446000000000 1.5883E+04
9.79439000000000 1.5617E+04
9.79446000000000 1.5855E+04
9.79446000000000 1.5538E+04
9.79446000000000 1.5797E+04
9.79444000000000 1.6029E+04
9.79444000000000 1.5804E+04
9.79446000000000 1.5706E+04
9.79446000000000 1.5353E+04
9.79439000000000 1.5797E+04
9.79444000000000 1.5722E+04
9.79450000000000 1.5779E+04
9.79446000000000 1.5724E+04
9.79446000000000 1.5527E+04
9.79446000000000 1.5403E+04
9.79444000000000 1.5594E+04
9.79446000000000 1.5801E+04
9.79446000000000 1.5843E+04
9.79444000000000 1.5574E+04
9.79446000000000 1.6059E+04
9.79446000000000 1.5569E+04
9.79446000000000 1.5823E+04
9.79450000000000 1.5641E+04
9.79450000000000 1.5576E+04
9.79446000000000 1.5653E+04
9.79446000000000 1.5815E+04
9.79444000000000 1.5901E+04
9.79446000000000 1.5683E+04
9.79446000000000 1.5697E+04
9.79448000000000 1.5400E+04
9.79446000000000 1.5801E+04
9.79448000000000 1.5658E+04
9.79446000000000 1.5712E+04
9.79446000000000 1.5366E+04
9.79444000000000 1.6044E+04
9.79444000000000 1.5748E+04
9.79444000000000 1.5636E+04
9.79444000000000 1.5713E+04
9.79446000000000 1.5391E+04
9.79446000000000 1.5647E+04
9.79446000000000 1.5799E+04
9.79449000000000 1.5706E+04
9.79446000000000 1.5731E+04
9.79446000000000 1.5504E+04
9.79448000000000 1.5492E+04
9.79444000000000 1.5674E+04
9.79446000000000 1.5625E+04
9.79439000000000 1.5607E+04
9.79439000000000 1.5618E+04
9.79446000000000 1.5654E+04
9.79444000000000 1.5883E+04
9.79447000000000 1.5652E+04
9.79444000000000 1.5567E+04
9.79444000000000 1.5568E+04
9.79450000000000 1.5706E+04
9.79444000000000 1.5547E+04
9.79446000000000 1.5850E+04
9.79451000000000 1.5623E+04
9.79446000000000 1.5818E+04
9.79446000000000 1.5508E+04
9.79446000000000 1.5643E+04
9.79446000000000 1.5754E+04
9.79452000000000 1.5731E+04
9.79446000000000 1.5641E+04
9.79446000000000 1.5840E+04
9.79444000000000 1.5717E+04
9.79450000000000 1.5563E+04
9.79446000000000 1.5601E+04
9.79446000000000 1.5635E+04
9.79446000000000 1.5397E+04
9.79446000000000 1.5737E+04
9.79446000000000 1.5597E+04
9.79444000000000 1.5843E+04
9.79446000000000 1.5569E+04
9.79441000000000 1.5613E+04
9.79450000000000 1.5667E+04
9.79444000000000 1.5602E+04
9.79439000000000 1.5912E+04
9.79445000000000 1.5846E+04
9.79450000000000 1.5787E+04
9.79446000000000 1.5775E+04
9.79446000000000 1.5547E+04
9.79444000000000 1.5587E+04
9.79446000000000 1.5741E+04
9.79446000000000 1.5833E+04
9.79439000000000 1.5674E+04
9.79446000000000 1.5469E+04
9.79446000000000 1.5865E+04
9.79444000000000 1.5713E+04
9.79446000000000 1.5638E+04
9.79446000000000 1.5667E+04
9.79446000000000 1.5711E+04
9.79444000000000 1.5877E+04
9.79450000000000 1.5553E+04
9.79446000000000 1.5720E+04
9.79446000000000 1.5614E+04
9.79446000000000 1.5664E+04
9.79454000000000 1.5518E+04
9.79446000000000 1.5782E+04
9.79446000000000 1.5706E+04
9.79444000000000 1.5300E+04
9.79444000000000 1.5831E+04
9.79446000000000 1.5745E+04
9.79446000000000 1.5719E+04
9.79448000000000 1.5528E+04
9.79446000000000 1.5552E+04
9.79444000000000 1.5974E+04
9.79446000000000 1.5326E+04
9.79446000000000 1.5419E+04
9.79444000000000 1.5770E+04
9.79446000000000 1.5703E+04
9.79444000000000 1.5918E+04
9.79445000000000 1.5758E+04
9.79441000000000 1.6056E+04
9.79444000000000 1.5652E+04
9.79446000000000 1.5851E+04
9.79446000000000 1.5742E+04
9.79450000000000 1.5669E+04
9.79450000000000 1.5741E+04
9.79444000000000 1.5853E+04
9.79446000000000 1.5877E+04
9.79446000000000 1.5644E+04
9.79450000000000 1.5927E+04
9.79446000000000 1.5900E+04
9.79446000000000 1.5665E+04
9.79446000000000 1.5672E+04
9.79446000000000 1.5508E+04
9.79446000000000 1.5662E+04
9.79446000000000 1.5512E+04
9.79444000000000 1.5853E+04
9.79446000000000 1.5630E+04
9.79446000000000 1.5897E+04
9.79446000000000 1.5760E+04
9.79444000000000 1.5793E+04
9.79447000000000 1.5510E+04
9.79454000000000 1.5464E+04
9.79444000000000 1.5601E+04
9.79444000000000 1.5566E+04
9.79444000000000 1.5565E+04
9.79448000000000 1.5796E+04
9.79446000000000 1.5425E+04
9.79446000000000 1.5784E+04
9.79450000000000 1.5725E+04
9.79448000000000 1.5499E+04
9.79446000000000 1.5663E+04
9.79446000000000 1.5578E+04
9.79446000000000 1.5893E+04
9.79446000000000 1.5649E+04
9.79439000000000 1.5686E+04
9.79444000000000 1.5695E+04
9.79446000000000 1.5844E+04
9.79450000000000 1.5618E+04
9.79446000000000 1.5709E+04
9.79452000000000 1.5785E+04
9.79446000000000 1.5598E+04
9.79446000000000 1.5931E+04
9.79444000000000 1.5962E+04
9.79446000000000 1.5930E+04
9.79446000000000 1.5962E+04
9.79446000000000 1.5818E+04
9.79450000000000 1.5527E+04
9.79450000000000 1.5794E+04
