9.78553000000000 956.1
9.78735000000000 947.7
9.78735000000000 947.7
9.78553000000000 989.9
9.78553000000000 989.9
9.78560000000000 924.9
9.78560000000000 924.9
9.78495000000000 876.1
9.78495000000000 876.1
9.78733000000000 979.2
9.78733000000000 979.2
9.78733000000000 978.7
9.78733000000000 978.7
9.78507000000000 992.5
9.78507000000000 992.5
9.78520000000000 954.1
9.78520000000000 954.1
9.78508000000000 916.6
9.78508000000000 916.6
9.78507000000000 932.1
9.78507000000000 932.1
9.78733000000000 903.2
9.78733000000000 903.2
9.78553000000000 950.6
9.78553000000000 950.6
9.78733000000000 938.7
9.78733000000000 938.7
9.78644000000000 991.2
9.78644000000000 991.2
9.78495000000000 989.7
9.78495000000000 989.7
9.78733000000000 990.0
9.78733000000000 990.0
9.78733000000000 923.9
9.78733000000000 923.9
9.78733000000000 951.8
9.78733000000000 951.8
9.78733000000000 951.8
9.78733000000000 951.8
9.78733000000000 916.4
9.78733000000000 916.4
9.78579000000000 915.9
9.78579000000000 915.9
9.78733000000000 904.8
9.78733000000000 904.8
9.78733000000000 898.1
9.78733000000000 898.1
9.78520000000000 928.9
9.78520000000000 928.9
9.78560000000000 870.6
9.78560000000000 870.6
9.78739000000000 898.3
9.78739000000000 898.3
9.78644000000000 943.5
9.78644000000000 943.5
9.78644000000000 980.0
9.78644000000000 980.0
9.78579000000000 935.6
9.78579000000000 935.6
9.78565000000000 961.2
9.78565000000000 961.2
9.78495000000000 955.3
9.78495000000000 955.3
9.78733000000000 921.3
9.78733000000000 921.3
9.78495000000000 910.7
9.78495000000000 910.7
9.78495000000000 928.3
9.78495000000000 928.3
9.78733000000000 950.8
9.78733000000000 950.8
9.78733000000000 950.8
9.78508000000000 976.7
9.78560000000000 902.8
9.78560000000000 902.8
9.78560000000000 902.8
9.78520000000000 936.3
9.78520000000000 936.3
9.78565000000000 948.8
9.78565000000000 948.8
9.78495000000000 932.4
9.78495000000000 932.4
9.78733000000000 944.7
9.78733000000000 944.7
9.78644000000000 948.6
9.78644000000000 948.6
9.78733000000000 885.6
9.78733000000000 885.6
9.78495000000000 888.9
9.78495000000000 888.9
9.78520000000000 922.2
9.78520000000000 922.2
9.78552000000000 918.7
9.78552000000000 918.7
9.78553000000000 913.5
9.78553000000000 913.5
9.78733000000000 939.6
9.78733000000000 939.6
9.78565000000000 976.6
9.78565000000000 976.6
9.78495000000000 988.6
9.78495000000000 988.6
9.78733000000000 963.3
9.78733000000000 963.3
9.78733000000000 940.9
9.78733000000000 940.9
9.78520000000000 942.1
9.78520000000000 942.1
9.78733000000000 1012.
9.78733000000000 1012.
9.78632000000000 908.2
9.78632000000000 908.2
9.78488000000000 897.9
9.78488000000000 897.9
9.78632000000000 955.1
9.78632000000000 955.1
9.78586000000000 956.3
9.78586000000000 956.3
9.78733000000000 946.8
9.78733000000000 946.8
9.78508000000000 955.4
9.78508000000000 955.4
9.78552000000000 919.0
9.78552000000000 919.0
9.78553000000000 968.9
9.78553000000000 968.9
9.78565000000000 970.0
9.78565000000000 970.0
9.78520000000000 925.5
9.78520000000000 925.5
9.78632000000000 1014.
9.78632000000000 1014.
9.78644000000000 906.8
9.78644000000000 906.8
9.78733000000000 922.3
9.78733000000000 922.3
9.78733000000000 947.4
9.78733000000000 947.4
9.78579000000000 927.9
9.78579000000000 927.9
9.78495000000000 1032.
9.78495000000000 1032.
9.78495000000000 990.6
9.78495000000000 990.6
9.78560000000000 906.2
9.78560000000000 906.2
9.78733000000000 943.1
9.78733000000000 943.1
9.78553000000000 974.6
9.78553000000000 974.6
9.78553000000000 961.1
9.78553000000000 961.1
9.78733000000000 909.3
9.78733000000000 909.3
9.78495000000000 935.6
9.78495000000000 935.6
9.78508000000000 953.7
9.78508000000000 953.7
9.78553000000000 958.1
9.78553000000000 958.1
9.78508000000000 978.9
9.78508000000000 978.9
9.78553000000000 928.6
9.78553000000000 928.6
9.78586000000000 969.3
9.78586000000000 969.3
9.78560000000000 928.6
9.78560000000000 928.6
9.78520000000000 961.4
9.78520000000000 961.4
9.79015000000000 908.3
9.79015000000000 908.3
9.78632000000000 946.8
9.78632000000000 946.8
9.78507000000000 952.2
9.78507000000000 952.2
9.78733000000000 895.9
9.78733000000000 895.9
9.78553000000000 910.6
9.78553000000000 910.6
9.78502000000000 912.0
9.78502000000000 912.0
9.78495000000000 946.2
9.78495000000000 946.2
9.78632000000000 950.9
9.78632000000000 950.9
9.78560000000000 930.9
9.78560000000000 930.9
9.78733000000000 991.0
9.78733000000000 991.0
9.78553000000000 935.0
9.78553000000000 935.0
9.78632000000000 907.9
9.78632000000000 907.9
9.78553000000000 995.8
9.78553000000000 995.8
9.78560000000000 960.1
9.78560000000000 960.1
9.78752000000000 914.5
9.78752000000000 914.5
9.78560000000000 1003.
9.78560000000000 1003.
9.78508000000000 919.4
9.78508000000000 919.4
9.78632000000000 923.4
9.78632000000000 923.4
9.78733000000000 980.4
9.78733000000000 980.4
9.78644000000000 895.4
9.78644000000000 895.4
9.78502000000000 941.8
9.78502000000000 941.8
9.78507000000000 932.2
9.78507000000000 932.2
9.78733000000000 911.8
9.78733000000000 911.8
9.78565000000000 956.3
9.78565000000000 956.3
9.78519000000000 912.8
9.78519000000000 912.8
9.78495000000000 991.7
9.78495000000000 991.7
9.78552000000000 889.2
9.78552000000000 889.2
9.78560000000000 940.8
9.78560000000000 940.8
9.78733000000000 1006.
9.78733000000000 1006.
9.78733000000000 923.0
9.78733000000000 923.0
9.78644000000000 879.4
9.78644000000000 879.4
9.78553000000000 887.5
9.78553000000000 887.5
9.78553000000000 887.5
9.78644000000000 969.9
9.78733000000000 916.4
9.78733000000000 916.4
9.78573000000000 896.0
9.78573000000000 896.0
9.78560000000000 934.2
9.78560000000000 934.2
9.78495000000000 987.3
9.78495000000000 987.3
9.78761000000000 987.1
9.78761000000000 987.1
9.78761000000000 987.1
9.78560000000000 906.3
9.78560000000000 906.3
9.78752000000000 904.5
9.78752000000000 904.5
9.78560000000000 932.8
9.78560000000000 932.8
9.78553000000000 1003.
9.78553000000000 1003.
9.78761000000000 885.8
9.78761000000000 885.8
9.78560000000000 913.8
9.78560000000000 913.8
9.78560000000000 955.9
9.78560000000000 955.9
9.78552000000000 1060.
9.78552000000000 1060.
9.78632000000000 907.6
9.78632000000000 907.6
9.78520000000000 1004.
9.78520000000000 1004.
9.78495000000000 1020.
9.78495000000000 1020.
9.78733000000000 1034.
9.78733000000000 1034.
9.78733000000000 897.6
9.78733000000000 897.6
9.78507000000000 924.8
9.78507000000000 924.8
9.78709000000000 916.9
9.78709000000000 916.9
9.78586000000000 976.5
9.78586000000000 976.5
9.78733000000000 932.5
9.78733000000000 932.5
9.78632000000000 914.5
9.78632000000000 914.5
9.78733000000000 919.9
9.78733000000000 919.9
9.78560000000000 919.4
9.78560000000000 919.4
9.78733000000000 953.4
9.78733000000000 953.4
9.78733000000000 916.6
9.78733000000000 916.6
9.78632000000000 950.9
9.78632000000000 950.9
9.78565000000000 974.7
9.78565000000000 974.7
9.78733000000000 919.1
9.78733000000000 919.1
9.78565000000000 919.2
9.78565000000000 919.2
9.78739000000000 940.3
9.78739000000000 940.3
9.78560000000000 924.2
9.78560000000000 924.2
9.78733000000000 995.5
9.78733000000000 995.5
9.78560000000000 976.5
9.78560000000000 976.5
9.78733000000000 960.4
9.78733000000000 960.4
9.78644000000000 959.7
9.78644000000000 959.7
9.78733000000000 916.6
9.78733000000000 916.6
9.78560000000000 985.8
9.78560000000000 985.8
9.78733000000000 943.4
9.78733000000000 943.4
9.78553000000000 948.0
9.78553000000000 948.0
9.78508000000000 900.3
9.78508000000000 900.3
9.78560000000000 964.6
9.78560000000000 964.6
9.78560000000000 921.3
9.78560000000000 921.3
9.78508000000000 920.1
9.78508000000000 920.1
9.78733000000000 884.0
9.78733000000000 884.0
9.78573000000000 968.8
9.78573000000000 968.8
9.78733000000000 993.7
9.78553000000000 944.9
9.78553000000000 944.9
9.78508000000000 941.2
9.78508000000000 941.2
9.78507000000000 965.7
9.78507000000000 965.7
9.78495000000000 915.2
9.78495000000000 915.2
9.78632000000000 1026.
9.78632000000000 1026.
9.78733000000000 935.5
9.78733000000000 935.5
9.78733000000000 954.3
9.78733000000000 954.3
9.78733000000000 965.2
9.78733000000000 965.2
9.78733000000000 1028.
9.78733000000000 1028.
9.78520000000000 921.2
9.78520000000000 921.2
9.78733000000000 1000.
9.78733000000000 1000.
9.78579000000000 969.2
9.78579000000000 969.2
9.78553000000000 891.8
9.78553000000000 891.8
9.78560000000000 872.4
9.78560000000000 872.4
9.78644000000000 982.8
9.78644000000000 982.8
9.78495000000000 924.7
9.78495000000000 924.7
9.78553000000000 949.8
9.78553000000000 949.8
9.78553000000000 883.6
9.78553000000000 883.6
9.78733000000000 915.1
9.78733000000000 915.1
9.78560000000000 916.3
9.78560000000000 916.3
9.78733000000000 932.7
9.78733000000000 932.7
9.78733000000000 968.1
9.78733000000000 968.1
9.78520000000000 954.5
9.78520000000000 954.5
9.78739000000000 949.5
9.78739000000000 949.5
9.78565000000000 945.7
9.78565000000000 945.7
9.78632000000000 921.7
9.78632000000000 921.7
9.78733000000000 893.3
9.78733000000000 893.3
9.78495000000000 939.1
9.78495000000000 939.1
9.78508000000000 897.9
9.78508000000000 897.9
9.78495000000000 952.7
9.78495000000000 952.7
9.78508000000000 806.9
9.78508000000000 806.9
9.78495000000000 1023.
9.78495000000000 1023.
9.78733000000000 942.8
9.78733000000000 942.8
9.78495000000000 901.0
9.78495000000000 901.0
9.78495000000000 969.9
9.78495000000000 969.9
9.78632000000000 924.2
9.78632000000000 924.2
9.79015000000000 950.4
9.79015000000000 950.4
9.78739000000000 931.2
9.78739000000000 931.2
9.78733000000000 933.0
9.78733000000000 933.0
9.78553000000000 964.4
9.78553000000000 964.4
9.78520000000000 1031.
9.78520000000000 1031.
9.78733000000000 962.4
9.78733000000000 962.4
9.78520000000000 906.5
9.78520000000000 906.5
9.78733000000000 954.1
9.78733000000000 954.1
9.78508000000000 961.6
9.78508000000000 961.6
9.78553000000000 896.8
9.78553000000000 896.8
9.78553000000000 914.6
9.78553000000000 914.6
9.78733000000000 908.7
9.78733000000000 908.7
9.78733000000000 935.0
9.78733000000000 935.0
9.78495000000000 910.8
9.78495000000000 910.8
9.78560000000000 994.6
9.78560000000000 994.6
9.78733000000000 1028.
9.78733000000000 1028.
9.78733000000000 884.3
9.78733000000000 884.3
9.78733000000000 969.9
9.78733000000000 969.9
9.78565000000000 939.0
9.78565000000000 939.0
9.78565000000000 939.0
9.78565000000000 917.5
9.78565000000000 917.5
9.78560000000000 964.5
9.78733000000000 946.4
9.78733000000000 946.4
9.78560000000000 968.5
9.78560000000000 968.5
9.78733000000000 908.6
9.78733000000000 908.6
9.78733000000000 977.5
9.78733000000000 977.5
9.78733000000000 934.1
9.78733000000000 934.1
9.78770000000000 935.6
9.78770000000000 935.6
9.78520000000000 957.2
9.78520000000000 957.2
9.78733000000000 942.5
9.78733000000000 942.5
9.78733000000000 942.5
9.78552000000000 919.7
9.78552000000000 919.7
9.78733000000000 958.7
9.78733000000000 958.7
9.78733000000000 940.8
9.78733000000000 940.8
9.78632000000000 917.1
9.78632000000000 917.1
9.78508000000000 908.1
9.78508000000000 908.1
9.78761000000000 909.1
9.78761000000000 909.1
9.78733000000000 871.5
9.78733000000000 871.5
9.78560000000000 978.2
9.78560000000000 978.2
9.78586000000000 834.4
9.78586000000000 834.4
9.78565000000000 972.7
9.78565000000000 972.7
9.78560000000000 930.8
9.78560000000000 930.8
9.78508000000000 926.6
9.78508000000000 926.6
9.78733000000000 943.8
9.78733000000000 943.8
9.78733000000000 982.2
9.78733000000000 982.2
9.78733000000000 953.3
9.78733000000000 953.3
9.78552000000000 931.9
9.78552000000000 931.9
9.78560000000000 918.2
9.78560000000000 918.2
9.78553000000000 935.0
9.78553000000000 935.0
9.78560000000000 979.5
