9.79355000000000 2193.
9.79365000000000 2232.
9.79365000000000 2232.
9.79365000000000 2239.
9.79365000000000 2266.
9.79356000000000 2275.
9.79356000000000 2275.
9.79365000000000 2357.
9.79342000000000 2182.
9.79365000000000 2336.
9.79365000000000 2336.
9.79365000000000 2200.
9.79367000000000 2255.
9.79356000000000 2198.
9.79356000000000 2198.
9.79330000000000 2316.
9.79337000000000 2188.
9.79337000000000 2188.
9.79365000000000 2154.
9.79365000000000 2174.
9.79365000000000 2152.
9.79365000000000 2152.
9.79337000000000 2224.
9.79330000000000 2126.
9.79342000000000 2193.
9.79342000000000 2193.
9.79356000000000 2321.
9.79342000000000 2271.
9.79342000000000 2240.
9.79342000000000 2240.
9.79330000000000 2147.
9.79330000000000 2214.
9.79356000000000 2172.
9.79356000000000 2172.
9.79356000000000 2197.
9.79342000000000 2164.
9.79342000000000 2160.
9.79342000000000 2160.
9.79357000000000 2199.
9.79356000000000 2276.
9.79356000000000 2276.
9.79342000000000 2132.
9.79365000000000 2226.
9.79365000000000 2213.
9.79365000000000 2213.
9.79365000000000 2274.
9.79356000000000 2110.
9.79365000000000 2229.
9.79365000000000 2229.
9.79356000000000 2164.
9.79356000000000 2277.
9.79330000000000 2161.
9.79330000000000 2161.
9.79342000000000 2337.
9.79365000000000 2178.
9.79365000000000 2178.
9.79375000000000 2267.
9.79365000000000 2208.
9.79330000000000 2168.
9.79330000000000 2168.
9.79330000000000 2221.
9.79365000000000 2160.
9.79330000000000 2215.
9.79330000000000 2215.
9.79357000000000 2149.
9.79365000000000 2252.
9.79365000000000 2182.
9.79365000000000 2182.
9.79342000000000 2192.
9.79344000000000 2247.
9.79344000000000 2266.
9.79344000000000 2266.
9.79366000000000 2294.
9.79389000000000 2195.
9.79369000000000 2206.
9.79369000000000 2206.
9.79356000000000 2311.
9.79330000000000 2258.
9.79365000000000 2149.
9.79365000000000 2149.
9.79365000000000 2268.
9.79330000000000 2142.
9.79337000000000 2198.
9.79337000000000 2198.
9.79330000000000 2284.
9.79365000000000 2253.
9.79365000000000 2253.
9.79365000000000 2188.
9.79356000000000 2294.
9.79365000000000 2275.
9.79365000000000 2275.
9.79342000000000 2287.
9.79356000000000 2224.
9.79342000000000 2225.
9.79342000000000 2225.
9.79375000000000 2222.
9.79378000000000 2226.
9.79342000000000 2352.
9.79342000000000 2352.
9.79342000000000 2254.
9.79365000000000 2225.
9.79365000000000 2225.
9.79365000000000 2206.
9.79330000000000 2280.
9.79356000000000 2247.
9.79356000000000 2247.
9.79356000000000 2227.
9.79365000000000 2294.
9.79356000000000 2217.
9.79356000000000 2217.
9.79382000000000 2215.
9.79365000000000 2192.
9.79365000000000 2264.
9.79365000000000 2264.
9.79356000000000 2274.
9.79347000000000 2209.
9.79343000000000 2187.
9.79343000000000 2187.
9.79365000000000 2259.
9.79344000000000 2167.
9.79344000000000 2167.
9.79342000000000 2256.
9.79342000000000 2123.
9.79356000000000 2324.
9.79356000000000 2324.
9.79330000000000 2154.
9.79356000000000 2238.
9.79343000000000 2277.
9.79343000000000 2277.
9.79356000000000 2325.
9.79330000000000 2142.
9.79366000000000 2287.
9.79366000000000 2287.
9.79330000000000 2216.
9.79342000000000 2172.
9.79330000000000 2217.
9.79330000000000 2217.
9.79342000000000 2148.
9.79365000000000 2248.
9.79356000000000 2196.
9.79356000000000 2196.
9.79342000000000 2156.
9.79344000000000 2256.
9.79344000000000 2256.
9.79330000000000 2329.
9.79367000000000 2283.
9.79330000000000 2212.
9.79330000000000 2212.
9.79356000000000 2272.
9.79382000000000 2186.
9.79342000000000 2159.
9.79342000000000 2159.
9.79344000000000 2172.
9.79365000000000 2278.
9.79317000000000 2186.
9.79317000000000 2186.
9.79347000000000 2220.
9.79366000000000 2223.
9.79366000000000 2223.
9.79365000000000 2231.
9.79365000000000 2315.
9.79356000000000 2261.
9.79356000000000 2261.
9.79303000000000 2200.
9.79367000000000 2319.
9.79342000000000 2164.
9.79342000000000 2164.
9.79330000000000 2292.
9.79330000000000 2178.
9.79344000000000 2193.
9.79344000000000 2193.
9.79342000000000 2273.
9.79365000000000 2249.
9.79365000000000 2249.
9.79342000000000 2183.
9.79374000000000 2233.
9.79365000000000 2290.
9.79365000000000 2290.
9.79366000000000 2249.
9.79342000000000 2313.
9.79356000000000 2178.
9.79356000000000 2178.
9.79368000000000 2367.
9.79344000000000 2315.
9.79365000000000 2223.
9.79365000000000 2223.
9.79342000000000 2235.
9.79365000000000 2256.
9.79330000000000 2277.
9.79330000000000 2277.
9.79343000000000 2231.
9.79347000000000 2262.
9.79366000000000 2265.
9.79366000000000 2265.
9.79342000000000 2201.
9.79365000000000 2236.
9.79365000000000 2236.
9.79346000000000 2206.
9.79356000000000 2264.
9.79369000000000 2146.
9.79369000000000 2146.
9.79357000000000 2167.
9.79356000000000 2135.
9.79342000000000 2166.
9.79342000000000 2166.
9.79330000000000 2216.
9.79365000000000 2263.
9.79365000000000 2268.
9.79365000000000 2268.
9.79356000000000 2241.
9.79365000000000 2194.
9.79330000000000 2220.
9.79330000000000 2220.
9.79343000000000 2164.
9.79343000000000 2227.
9.79343000000000 2227.
9.79389000000000 2239.
9.79330000000000 2193.
9.79344000000000 2223.
9.79344000000000 2223.
9.79345000000000 2254.
9.79356000000000 2222.
9.79365000000000 2279.
9.79365000000000 2279.
9.79365000000000 2294.
9.79366000000000 2239.
9.79365000000000 2223.
9.79365000000000 2223.
9.79355000000000 2209.
9.79383000000000 2298.
9.79365000000000 2302.
9.79365000000000 2302.
9.79337000000000 2330.
9.79342000000000 2194.
9.79342000000000 2194.
9.79330000000000 2270.
9.79342000000000 2254.
9.79342000000000 2181.
9.79342000000000 2181.
9.79365000000000 2239.
9.79365000000000 2211.
9.79330000000000 2268.
9.79330000000000 2268.
9.79337000000000 2247.
9.79342000000000 2258.
9.79342000000000 2258.
9.79356000000000 2248.
9.79356000000000 2119.
9.79356000000000 2240.
9.79356000000000 2240.
9.79375000000000 2213.
9.79330000000000 2127.
9.79365000000000 2197.
9.79365000000000 2197.
9.79365000000000 2262.
9.79330000000000 2181.
9.79330000000000 2181.
9.79365000000000 2207.
9.79342000000000 2202.
9.79330000000000 2308.
9.79330000000000 2308.
9.79330000000000 2229.
9.79365000000000 2262.
9.79365000000000 2329.
9.79365000000000 2329.
9.79330000000000 2202.
9.79365000000000 2251.
9.79342000000000 2129.
9.79342000000000 2129.
9.79365000000000 2143.
9.79330000000000 2203.
9.79330000000000 2203.
9.79343000000000 2168.
9.79366000000000 2326.
9.79330000000000 2193.
9.79330000000000 2193.
9.79365000000000 2254.
9.79365000000000 2211.
9.79317000000000 2181.
9.79317000000000 2181.
9.79356000000000 2246.
9.79317000000000 2199.
9.79317000000000 2199.
9.79366000000000 2312.
9.79382000000000 2208.
9.79330000000000 2224.
9.79330000000000 2224.
9.79343000000000 2261.
9.79365000000000 2240.
9.79356000000000 2265.
9.79356000000000 2265.
9.79356000000000 2351.
9.79357000000000 2240.
9.79365000000000 2196.
9.79365000000000 2196.
9.79330000000000 2175.
9.79365000000000 2249.
9.79330000000000 2254.
9.79330000000000 2254.
9.79342000000000 2275.
9.79342000000000 2226.
9.79342000000000 2226.
9.79365000000000 2185.
9.79356000000000 2159.
9.79365000000000 2262.
9.79342000000000 2192.
9.79342000000000 2192.
9.79356000000000 2170.
9.79342000000000 2171.
9.79330000000000 2192.
9.79330000000000 2192.
9.79366000000000 2253.
9.79365000000000 2187.
9.79365000000000 2187.
9.79330000000000 2257.
9.79365000000000 2182.
9.79346000000000 2249.
9.79346000000000 2249.
9.79376000000000 2159.
9.79330000000000 2254.
9.79356000000000 2198.
9.79356000000000 2198.
9.79344000000000 2259.
9.79365000000000 2237.
9.79342000000000 2204.
9.79342000000000 2204.
9.79365000000000 2286.
9.79315000000000 2336.
9.79346000000000 2276.
9.79346000000000 2276.
9.79356000000000 2200.
9.79342000000000 2275.
9.79342000000000 2275.
9.79365000000000 2218.
9.79330000000000 2207.
9.79356000000000 2295.
9.79356000000000 2295.
9.79369000000000 2270.
9.79330000000000 2287.
9.79365000000000 2242.
9.79365000000000 2242.
9.79356000000000 2218.
9.79330000000000 2190.
9.79342000000000 2224.
9.79342000000000 2224.
9.79383000000000 2221.
9.79356000000000 2182.
9.79356000000000 2229.
9.79356000000000 2229.
9.79343000000000 2212.
9.79330000000000 2134.
9.79346000000000 2269.
9.79346000000000 2269.
9.79386000000000 2232.
9.79356000000000 2222.
9.79356000000000 2222.
9.79330000000000 2247.
9.79365000000000 2190.
9.79365000000000 2247.
9.79365000000000 2247.
9.79355000000000 2213.
9.79344000000000 2324.
9.79365000000000 2233.
9.79365000000000 2233.
9.79342000000000 2352.
9.79365000000000 2169.
9.79344000000000 2164.
9.79344000000000 2164.
9.79346000000000 2279.
9.79342000000000 2240.
9.79342000000000 2240.
9.79365000000000 2318.
9.79356000000000 2316.
9.79357000000000 2136.
9.79357000000000 2136.
9.79342000000000 2244.
9.79365000000000 2220.
9.79365000000000 2200.
9.79365000000000 2200.
9.79342000000000 2227.
9.79366000000000 2338.
9.79365000000000 2252.
9.79365000000000 2252.
9.79330000000000 2224.
9.79365000000000 2210.
9.79367000000000 2215.
9.79367000000000 2215.
9.79342000000000 2286.
9.79343000000000 2166.
9.79356000000000 2181.
9.79356000000000 2181.
9.79330000000000 2233.
9.79346000000000 2172.
9.79346000000000 2172.
9.79347000000000 2184.
9.79365000000000 2215.
9.79374000000000 2231.
9.79374000000000 2231.
9.79382000000000 2221.
9.79342000000000 2206.
9.79330000000000 2170.
9.79330000000000 2170.
9.79344000000000 2269.
9.79365000000000 2163.
9.79356000000000 2264.
9.79356000000000 2264.
9.79356000000000 2183.
9.79365000000000 2204.
9.79366000000000 2194.
9.79366000000000 2194.
9.79342000000000 2189.
9.79342000000000 2188.
9.79344000000000 2257.
9.79344000000000 2257.
9.79365000000000 2288.
9.79344000000000 2220.
9.79365000000000 2183.
9.79365000000000 2183.
9.79342000000000 2236.
9.79365000000000 2201.
9.79365000000000 2201.
9.79330000000000 2339.
9.79365000000000 2274.
9.79356000000000 2286.
9.79356000000000 2286.
9.79365000000000 2246.
9.79365000000000 2177.
9.79366000000000 2183.
9.79366000000000 2183.
9.79365000000000 2187.
9.79357000000000 2178.
9.79365000000000 2301.
9.79365000000000 2301.
9.79356000000000 2207.
9.79365000000000 2259.
9.79342000000000 2289.
9.79342000000000 2289.
9.79342000000000 2130.
9.79330000000000 2226.
9.79356000000000 2240.
9.79356000000000 2240.
9.79342000000000 2187.
9.79330000000000 2199.
9.79342000000000 2182.
9.79342000000000 2182.
9.79342000000000 2200.
9.79365000000000 2236.
9.79365000000000 2331.
9.79365000000000 2331.
9.79356000000000 2275.
9.79356000000000 2256.
9.79356000000000 2256.
9.79330000000000 2260.
9.79330000000000 2234.
9.79330000000000 2203.
9.79330000000000 2203.
9.79342000000000 2216.
9.79356000000000 2198.
9.79365000000000 2240.
9.79365000000000 2240.
9.79342000000000 2247.
9.79342000000000 2296.
9.79365000000000 2350.
9.79365000000000 2350.
9.79365000000000 2397.
9.79344000000000 2135.
9.79330000000000 2239.
9.79330000000000 2239.
9.79330000000000 2138.
9.79330000000000 2199.
9.79330000000000 2199.
9.79317000000000 2310.
9.79356000000000 2188.
9.79356000000000 2248.
9.79356000000000 2248.
9.79330000000000 2312.
9.79330000000000 2193.
9.79365000000000 2211.
9.79365000000000 2211.
9.79355000000000 2296.
9.79366000000000 2244.
9.79366000000000 2244.
9.79346000000000 2282.
9.79365000000000 2250.
9.79330000000000 2343.
9.79330000000000 2343.
9.79374000000000 2163.
9.79337000000000 2198.
9.79337000000000 2198.
9.79355000000000 2272.
9.79342000000000 2244.
9.79342000000000 2287.
9.79342000000000 2287.
9.79342000000000 2258.
9.79330000000000 2128.
9.79365000000000 2207.
9.79365000000000 2207.
9.79330000000000 2205.
9.79375000000000 2108.
9.79330000000000 2186.
