9.79347000000000 4286.
9.79347000000000 4283.
9.79345000000000 4366.
9.79339000000000 4263.
9.79346000000000 4436.
9.79343000000000 4328.
9.79346000000000 4408.
9.79346000000000 4356.
9.79347000000000 4407.
9.79347000000000 4408.
9.79343000000000 4437.
9.79347000000000 4375.
9.79347000000000 4270.
9.79330000000000 4367.
9.79347000000000 4389.
9.79347000000000 4394.
9.79346000000000 4325.
9.79343000000000 4205.
9.79341000000000 4357.
9.79347000000000 4409.
9.79346000000000 4382.
9.79346000000000 4291.
9.79347000000000 4405.
9.79343000000000 4264.
9.79343000000000 4371.
9.79343000000000 4412.
9.79346000000000 4356.
9.79331000000000 4252.
9.79341000000000 4403.
9.79343000000000 4198.
9.79346000000000 4397.
9.79347000000000 4291.
9.79355000000000 4429.
9.79343000000000 4371.
9.79343000000000 4350.
9.79347000000000 4146.
9.79346000000000 4322.
9.79357000000000 4380.
9.79346000000000 4328.
9.79347000000000 4441.
9.79341000000000 4227.
9.79347000000000 4413.
9.79347000000000 4229.
9.79347000000000 4264.
9.79343000000000 4324.
9.79347000000000 4474.
9.79345000000000 4169.
9.79330000000000 4367.
9.79343000000000 4313.
9.79347000000000 4214.
9.79347000000000 4317.
9.79343000000000 4381.
9.79347000000000 4379.
9.79343000000000 4255.
9.79343000000000 4357.
9.79343000000000 4299.
9.79347000000000 4366.
9.79347000000000 4460.
9.79347000000000 4444.
9.79347000000000 4283.
9.79346000000000 4332.
9.79346000000000 4414.
9.79331000000000 4331.
9.79338000000000 4292.
9.79343000000000 4358.
9.79346000000000 4204.
9.79343000000000 4323.
9.79346000000000 4362.
9.79343000000000 4356.
9.79348000000000 4328.
9.79330000000000 4266.
9.79345000000000 4306.
9.79343000000000 4253.
9.79346000000000 4400.
9.79347000000000 4329.
9.79346000000000 4322.
9.79339000000000 4355.
9.79343000000000 4366.
9.79346000000000 4351.
9.79346000000000 4309.
9.79347000000000 4423.
9.79343000000000 4329.
9.79343000000000 4500.
9.79347000000000 4337.
9.79347000000000 4322.
9.79343000000000 4370.
9.79343000000000 4407.
9.79347000000000 4309.
9.79341000000000 4355.
9.79343000000000 4327.
9.79343000000000 4360.
9.79346000000000 4269.
9.79346000000000 4387.
9.79341000000000 4351.
9.79347000000000 4304.
9.79347000000000 4380.
9.79343000000000 4334.
9.79343000000000 4357.
9.79347000000000 4233.
9.79343000000000 4320.
9.79347000000000 4353.
9.79347000000000 4449.
9.79343000000000 4176.
9.79346000000000 4309.
9.79343000000000 4449.
9.79346000000000 4158.
9.79347000000000 4250.
9.79343000000000 4403.
9.79347000000000 4346.
9.79343000000000 4285.
9.79346000000000 4306.
9.79341000000000 4325.
9.79347000000000 4232.
9.79343000000000 4317.
9.79346000000000 4350.
9.79341000000000 4149.
9.79347000000000 4392.
9.79347000000000 4381.
9.79346000000000 4391.
9.79347000000000 4320.
9.79343000000000 4352.
9.79339000000000 4372.
9.79347000000000 4380.
9.79346000000000 4283.
9.79346000000000 4195.
9.79347000000000 4352.
9.79347000000000 4379.
9.79347000000000 4423.
9.79347000000000 4316.
9.79347000000000 4334.
9.79343000000000 4350.
9.79343000000000 4370.
9.79343000000000 4340.
9.79346000000000 4379.
9.79343000000000 4406.
9.79346000000000 4300.
9.79346000000000 4226.
9.79343000000000 4386.
9.79343000000000 4350.
9.79348000000000 4305.
9.79341000000000 4405.
9.79346000000000 4392.
9.79343000000000 4371.
9.79347000000000 4206.
9.79330000000000 4205.
9.79347000000000 4337.
9.79343000000000 4352.
9.79343000000000 4430.
9.79348000000000 4390.
9.79347000000000 4299.
9.79347000000000 4261.
9.79343000000000 4435.
9.79343000000000 4315.
9.79347000000000 4287.
9.79346000000000 4318.
9.79347000000000 4283.
9.79346000000000 4389.
9.79338000000000 4315.
9.79343000000000 4306.
9.79346000000000 4298.
9.79343000000000 4313.
9.79341000000000 4329.
9.79330000000000 4329.
9.79343000000000 4249.
9.79343000000000 4361.
9.79330000000000 4336.
9.79343000000000 4244.
9.79343000000000 4319.
9.79343000000000 4289.
9.79330000000000 4226.
9.79346000000000 4379.
9.79343000000000 4314.
9.79342000000000 4354.
9.79346000000000 4303.
9.79345000000000 4291.
9.79343000000000 4295.
9.79347000000000 4370.
9.79347000000000 4207.
9.79341000000000 4173.
9.79334000000000 4394.
9.79346000000000 4398.
9.79343000000000 4400.
9.79343000000000 4276.
9.79347000000000 4283.
9.79343000000000 4297.
9.79347000000000 4237.
9.79343000000000 4285.
9.79343000000000 4398.
9.79343000000000 4296.
9.79346000000000 4366.
9.79343000000000 4423.
9.79346000000000 4421.
9.79343000000000 4483.
9.79343000000000 4238.
9.79343000000000 4394.
9.79347000000000 4346.
9.79345000000000 4357.
9.79338000000000 4260.
9.79343000000000 4348.
9.79346000000000 4237.
9.79347000000000 4213.
9.79346000000000 4411.
9.79347000000000 4336.
9.79346000000000 4211.
9.79347000000000 4337.
9.79343000000000 4333.
9.79346000000000 4314.
9.79343000000000 4472.
9.79347000000000 4292.
9.79343000000000 4346.
9.79348000000000 4190.
9.79343000000000 4194.
9.79347000000000 4245.
9.79347000000000 4293.
9.79343000000000 4314.
9.79351000000000 4355.
9.79343000000000 4191.
9.79347000000000 4381.
9.79347000000000 4268.
9.79347000000000 4281.
9.79343000000000 4331.
9.79347000000000 4256.
9.79347000000000 4294.
9.79343000000000 4327.
9.79347000000000 4299.
9.79343000000000 4271.
9.79343000000000 4286.
9.79343000000000 4287.
9.79342000000000 4396.
9.79345000000000 4435.
9.79347000000000 4386.
9.79343000000000 4398.
9.79343000000000 4257.
9.79346000000000 4404.
9.79343000000000 4307.
9.79345000000000 4318.
9.79343000000000 4313.
9.79343000000000 4318.
9.79343000000000 4306.
9.79346000000000 4329.
9.79347000000000 4336.
9.79347000000000 4391.
9.79343000000000 4303.
9.79346000000000 4165.
9.79347000000000 4330.
9.79343000000000 4169.
9.79330000000000 4256.
9.79347000000000 4349.
9.79346000000000 4280.
9.79347000000000 4397.
9.79347000000000 4247.
9.79343000000000 4296.
9.79347000000000 4368.
9.79347000000000 4324.
9.79343000000000 4380.
9.79330000000000 4527.
9.79347000000000 4277.
9.79343000000000 4247.
9.79347000000000 4290.
9.79346000000000 4379.
9.79343000000000 4265.
9.79348000000000 4391.
9.79347000000000 4407.
9.79347000000000 4256.
9.79347000000000 4420.
9.79345000000000 4431.
9.79347000000000 4309.
9.79347000000000 4191.
9.79343000000000 4263.
9.79341000000000 4305.
9.79346000000000 4316.
9.79347000000000 4401.
9.79347000000000 4388.
9.79346000000000 4482.
9.79346000000000 4347.
9.79343000000000 4329.
9.79343000000000 4347.
9.79343000000000 4260.
9.79346000000000 4408.
9.79347000000000 4219.
9.79347000000000 4312.
9.79347000000000 4269.
9.79343000000000 4358.
9.79346000000000 4350.
9.79347000000000 4243.
9.79347000000000 4338.
9.79343000000000 4344.
9.79347000000000 4258.
9.79347000000000 4267.
9.79343000000000 4276.
9.79341000000000 4308.
9.79343000000000 4415.
9.79347000000000 4300.
9.79347000000000 4467.
9.79343000000000 4233.
9.79343000000000 4338.
9.79343000000000 4294.
9.79347000000000 4249.
9.79347000000000 4423.
9.79346000000000 4373.
9.79347000000000 4408.
9.79343000000000 4252.
9.79343000000000 4410.
9.79346000000000 4340.
9.79347000000000 4364.
9.79341000000000 4518.
9.79330000000000 4330.
9.79339000000000 4341.
9.79343000000000 4150.
9.79343000000000 4468.
9.79347000000000 4496.
9.79343000000000 4320.
9.79346000000000 4301.
9.79347000000000 4424.
9.79343000000000 4200.
9.79346000000000 4439.
9.79347000000000 4387.
9.79347000000000 4369.
9.79347000000000 4267.
9.79347000000000 4358.
9.79347000000000 4308.
9.79343000000000 4349.
9.79347000000000 4295.
9.79330000000000 4410.
9.79343000000000 4277.
9.79346000000000 4335.
9.79346000000000 4309.
9.79341000000000 4300.
9.79343000000000 4298.
9.79347000000000 4266.
9.79347000000000 4393.
9.79347000000000 4349.
9.79339000000000 4352.
9.79347000000000 4396.
9.79346000000000 4382.
9.79347000000000 4443.
9.79347000000000 4295.
9.79343000000000 4371.
9.79346000000000 4278.
9.79343000000000 4230.
9.79343000000000 4167.
9.79345000000000 4267.
9.79347000000000 4350.
9.79347000000000 4402.
9.79343000000000 4395.
9.79347000000000 4370.
9.79346000000000 4297.
9.79357000000000 4203.
9.79343000000000 4153.
9.79346000000000 4229.
9.79343000000000 4323.
9.79343000000000 4327.
9.79347000000000 4266.
9.79347000000000 4380.
9.79342000000000 4361.
9.79343000000000 4340.
9.79343000000000 4391.
9.79347000000000 4309.
9.79343000000000 4343.
9.79343000000000 4329.
9.79339000000000 4423.
9.79341000000000 4358.
9.79346000000000 4371.
9.79347000000000 4351.
9.79339000000000 4324.
9.79330000000000 4335.
9.79339000000000 4194.
9.79343000000000 4335.
9.79346000000000 4354.
9.79346000000000 4263.
9.79346000000000 4320.
9.79347000000000 4205.
9.79346000000000 4319.
9.79343000000000 4311.
9.79346000000000 4230.
9.79339000000000 4191.
9.79347000000000 4314.
9.79343000000000 4311.
9.79347000000000 4409.
9.79346000000000 4377.
9.79347000000000 4324.
9.79341000000000 4315.
9.79347000000000 4414.
9.79347000000000 4406.
9.79351000000000 4278.
9.79343000000000 4329.
9.79343000000000 4309.
9.79343000000000 4354.
9.79347000000000 4423.
9.79347000000000 4367.
9.79347000000000 4408.
9.79345000000000 4290.
9.79347000000000 4369.
9.79347000000000 4402.
9.79347000000000 4437.
9.79343000000000 4312.
9.79346000000000 4318.
9.79348000000000 4300.
9.79347000000000 4378.
9.79346000000000 4411.
9.79347000000000 4376.
9.79332000000000 4348.
9.79330000000000 4470.
9.79347000000000 4431.
9.79343000000000 4284.
9.79343000000000 4283.
9.79343000000000 4330.
9.79346000000000 4256.
9.79347000000000 4220.
9.79346000000000 4330.
9.79346000000000 4226.
9.79348000000000 4217.
9.79343000000000 4303.
9.79347000000000 4395.
9.79342000000000 4411.
9.79346000000000 4284.
9.79343000000000 4369.
9.79347000000000 4387.
9.79345000000000 4272.
9.79346000000000 4268.
9.79343000000000 4304.
9.79346000000000 4392.
9.79347000000000 4449.
9.79343000000000 4479.
9.79343000000000 4441.
9.79355000000000 4368.
9.79343000000000 4308.
9.79347000000000 4296.
9.79347000000000 4347.
9.79343000000000 4237.
9.79346000000000 4231.
9.79347000000000 4482.
9.79338000000000 4436.
9.79332000000000 4367.
9.79346000000000 4379.
9.79347000000000 4280.
9.79346000000000 4241.
9.79331000000000 4401.
9.79343000000000 4354.
9.79330000000000 4377.
9.79347000000000 4269.
9.79348000000000 4379.
9.79341000000000 4268.
9.79346000000000 4449.
9.79343000000000 4346.
9.79347000000000 4196.
9.79346000000000 4274.
9.79343000000000 4530.
9.79341000000000 4345.
9.79343000000000 4362.
9.79347000000000 4275.
9.79347000000000 4302.
9.79341000000000 4401.
9.79343000000000 4414.
9.79347000000000 4370.
9.79347000000000 4351.
9.79346000000000 4483.
9.79343000000000 4408.
9.79346000000000 4259.
9.79343000000000 4326.
9.79346000000000 4334.
9.79346000000000 4158.
9.79347000000000 4196.
9.79347000000000 4361.
9.79343000000000 4450.
9.79343000000000 4267.
9.79351000000000 4371.
9.79343000000000 4374.
9.79347000000000 4346.
9.79347000000000 4361.
9.79347000000000 4371.
9.79343000000000 4330.
9.79347000000000 4276.
9.79343000000000 4368.
9.79343000000000 4278.
9.79347000000000 4198.
9.79343000000000 4391.
9.79347000000000 4421.
9.79347000000000 4426.
9.79346000000000 4378.
9.79343000000000 4425.
9.79347000000000 4437.
9.79343000000000 4346.
9.79346000000000 4253.
9.79346000000000 4379.
9.79343000000000 4206.
9.79346000000000 4247.
9.79347000000000 4337.
9.79343000000000 4347.
9.79339000000000 4330.
9.79346000000000 4347.
9.79346000000000 4259.
9.79346000000000 4224.
9.79343000000000 4289.
9.79347000000000 4344.
9.79343000000000 4301.
9.79346000000000 4327.
9.79343000000000 4373.
9.79346000000000 4395.
9.79347000000000 4363.
