9.79253000000000 4142.
9.79253000000000 4233.
9.79253000000000 4201.
9.79255000000000 4204.
9.79256000000000 4128.
9.79253000000000 4244.
9.79256000000000 4207.
9.79256000000000 4276.
9.79269000000000 4118.
9.79269000000000 4269.
9.79255000000000 4210.
9.79251000000000 4186.
9.79260000000000 4312.
9.79262000000000 4212.
9.79242000000000 4303.
9.79265000000000 4401.
9.79251000000000 4229.
9.79257000000000 4233.
9.79269000000000 4075.
9.79255000000000 4365.
9.79256000000000 4262.
9.79256000000000 4272.
9.79242000000000 4139.
9.79265000000000 4260.
9.79249000000000 4267.
9.79242000000000 4209.
9.79271000000000 4181.
9.79242000000000 4212.
9.79256000000000 4193.
9.79269000000000 4186.
9.79265000000000 4192.
9.79265000000000 4265.
9.79242000000000 4308.
9.79255000000000 4224.
9.79269000000000 4221.
9.79262000000000 4304.
9.79256000000000 4175.
9.79242000000000 4068.
9.79269000000000 4170.
9.79242000000000 4196.
9.79269000000000 4255.
9.79256000000000 4236.
9.79256000000000 4244.
9.79269000000000 4166.
9.79255000000000 4299.
9.79265000000000 4340.
9.79269000000000 4184.
9.79255000000000 4144.
9.79256000000000 4239.
9.79253000000000 4228.
9.79262000000000 4257.
9.79256000000000 4162.
9.79253000000000 4217.
9.79255000000000 4161.
9.79269000000000 4196.
9.79256000000000 4143.
9.79269000000000 4340.
9.79261000000000 4160.
9.79269000000000 4127.
9.79251000000000 4253.
9.79258000000000 4102.
9.79253000000000 4246.
9.79256000000000 4205.
9.79256000000000 4208.
9.79249000000000 4253.
9.79260000000000 4129.
9.79256000000000 4224.
9.79255000000000 4292.
9.79251000000000 4154.
9.79269000000000 4294.
9.79242000000000 4198.
9.79253000000000 4127.
9.79253000000000 4232.
9.79242000000000 4220.
9.79262000000000 4200.
9.79269000000000 4352.
9.79260000000000 4249.
9.79269000000000 4196.
9.79255000000000 4173.
9.79249000000000 4147.
9.79256000000000 4372.
9.79276000000000 4259.
9.79256000000000 4146.
9.79262000000000 4264.
9.79255000000000 4214.
9.79256000000000 4179.
9.79254000000000 4068.
9.79262000000000 4232.
9.79255000000000 4163.
9.79242000000000 4274.
9.79265000000000 4224.
9.79256000000000 4154.
9.79269000000000 4265.
9.79265000000000 4192.
9.79253000000000 4163.
9.79253000000000 4258.
9.79253000000000 4116.
9.79258000000000 4124.
9.79253000000000 4176.
9.79253000000000 4342.
9.79260000000000 4146.
9.79269000000000 4206.
9.79269000000000 4237.
9.79256000000000 4244.
9.79242000000000 4350.
9.79242000000000 4114.
9.79238000000000 4103.
9.79265000000000 4167.
9.79260000000000 4387.
9.79249000000000 4158.
9.79269000000000 4244.
9.79269000000000 4175.
9.79258000000000 4012.
9.79242000000000 4239.
9.79253000000000 4144.
9.79269000000000 4227.
9.79242000000000 4236.
9.79255000000000 4328.
9.79269000000000 4303.
9.79251000000000 4247.
9.79253000000000 4322.
9.79242000000000 4171.
9.79251000000000 4152.
9.79256000000000 4226.
9.79256000000000 4213.
9.79269000000000 4133.
9.79260000000000 4273.
9.79260000000000 4210.
9.79242000000000 4107.
9.79255000000000 4231.
9.79255000000000 4218.
9.79249000000000 4300.
9.79242000000000 4292.
9.79269000000000 4080.
9.79269000000000 4171.
9.79256000000000 4115.
9.79256000000000 4241.
9.79253000000000 4187.
9.79242000000000 4185.
9.79251000000000 4111.
9.79269000000000 4170.
9.79256000000000 4168.
9.79253000000000 4246.
9.79269000000000 4196.
9.79269000000000 4174.
9.79262000000000 4191.
9.79269000000000 4239.
9.79271000000000 4220.
9.79269000000000 4146.
9.79249000000000 4161.
9.79269000000000 4120.
9.79253000000000 4307.
9.79253000000000 4145.
9.79249000000000 4314.
9.79253000000000 4201.
9.79269000000000 4297.
9.79269000000000 4246.
9.79253000000000 4120.
9.79269000000000 4288.
9.79251000000000 4263.
9.79242000000000 4142.
9.79270000000000 4291.
9.79265000000000 4164.
9.79265000000000 4194.
9.79249000000000 4141.
9.79258000000000 4324.
9.79269000000000 4130.
9.79253000000000 4242.
9.79256000000000 4183.
9.79242000000000 4203.
9.79247000000000 4158.
9.79276000000000 4176.
9.79255000000000 4083.
9.79255000000000 4259.
9.79249000000000 4142.
9.79256000000000 4309.
9.79262000000000 4332.
9.79269000000000 4176.
9.79265000000000 4183.
9.79253000000000 4166.
9.79242000000000 4184.
9.79269000000000 4251.
9.79256000000000 4137.
9.79265000000000 4125.
9.79258000000000 4223.
9.79269000000000 4097.
9.79269000000000 4085.
9.79255000000000 4220.
9.79242000000000 4206.
9.79256000000000 4187.
9.79262000000000 4080.
9.79255000000000 4258.
9.79256000000000 4243.
9.79265000000000 4155.
9.79256000000000 4177.
9.79242000000000 4217.
9.79242000000000 4211.
9.79251000000000 4076.
9.79269000000000 4228.
9.79269000000000 4127.
9.79265000000000 4080.
9.79253000000000 4331.
9.79262000000000 4177.
9.79242000000000 4239.
9.79249000000000 4097.
9.79255000000000 4098.
9.79251000000000 4179.
9.79253000000000 4233.
9.79256000000000 4275.
9.79251000000000 4159.
9.79262000000000 4259.
9.79256000000000 4090.
9.79242000000000 4230.
9.79260000000000 4216.
9.79269000000000 4174.
9.79242000000000 4216.
9.79265000000000 4165.
9.79255000000000 4251.
9.79256000000000 4156.
9.79261000000000 4275.
9.79242000000000 4294.
9.79269000000000 4120.
9.79269000000000 4318.
9.79253000000000 4149.
9.79258000000000 4244.
9.79255000000000 4120.
9.79253000000000 4147.
9.79251000000000 4135.
9.79265000000000 4088.
9.79262000000000 4195.
9.79265000000000 4109.
9.79242000000000 4215.
9.79265000000000 4319.
9.79253000000000 4209.
9.79254000000000 4282.
9.79253000000000 4375.
9.79258000000000 4100.
9.79249000000000 4161.
9.79251000000000 4112.
9.79255000000000 4148.
9.79253000000000 4204.
9.79238000000000 4046.
9.79269000000000 4214.
9.79249000000000 4154.
9.79256000000000 4141.
9.79256000000000 4161.
9.79269000000000 4219.
9.79269000000000 4242.
9.79242000000000 4116.
9.79255000000000 4154.
9.79269000000000 4212.
9.79256000000000 4274.
9.79253000000000 4165.
9.79262000000000 4190.
9.79262000000000 4123.
9.79253000000000 4233.
9.79242000000000 4453.
9.79262000000000 4315.
9.79251000000000 4337.
9.79258000000000 4184.
9.79258000000000 4230.
9.79255000000000 4133.
9.79271000000000 4255.
9.79242000000000 4172.
9.79265000000000 4217.
9.79242000000000 4051.
9.79256000000000 4126.
9.79265000000000 4139.
9.79255000000000 4230.
9.79253000000000 4253.
9.79256000000000 4196.
9.79249000000000 4369.
9.79253000000000 4190.
9.79242000000000 4308.
9.79253000000000 4170.
9.79256000000000 4256.
9.79260000000000 4271.
9.79262000000000 4225.
9.79258000000000 4145.
9.79269000000000 4129.
9.79262000000000 4142.
9.79256000000000 4202.
9.79256000000000 4255.
9.79242000000000 4145.
9.79256000000000 4416.
9.79269000000000 4146.
9.79242000000000 4186.
9.79255000000000 4200.
9.79242000000000 4289.
9.79258000000000 4229.
9.79256000000000 4262.
9.79256000000000 4196.
9.79269000000000 4207.
9.79260000000000 4056.
9.79260000000000 4191.
9.79255000000000 4338.
9.79269000000000 4214.
9.79269000000000 4414.
9.79260000000000 4389.
9.79242000000000 4236.
9.79265000000000 4155.
9.79257000000000 4278.
9.79265000000000 4180.
9.79265000000000 4249.
9.79242000000000 4133.
9.79242000000000 4234.
9.79255000000000 4245.
9.79255000000000 4151.
9.79255000000000 4037.
9.79255000000000 4248.
9.79256000000000 4218.
9.79255000000000 4124.
9.79256000000000 4252.
9.79262000000000 4195.
9.79253000000000 4280.
9.79242000000000 4299.
9.79251000000000 4253.
9.79256000000000 4085.
9.79242000000000 4202.
9.79249000000000 4245.
9.79256000000000 4203.
9.79269000000000 4013.
9.79260000000000 4270.
9.79258000000000 4218.
9.79265000000000 4263.
9.79249000000000 4166.
9.79249000000000 4058.
9.79238000000000 4189.
9.79255000000000 4260.
9.79269000000000 4102.
9.79242000000000 4216.
9.79255000000000 4206.
9.79256000000000 4213.
9.79242000000000 4162.
9.79255000000000 4200.
9.79255000000000 4244.
9.79256000000000 4168.
9.79269000000000 4186.
9.79258000000000 4234.
9.79262000000000 4229.
9.79253000000000 4308.
9.79242000000000 4280.
9.79253000000000 4145.
9.79255000000000 4233.
9.79251000000000 4084.
9.79242000000000 4104.
9.79249000000000 4134.
9.79253000000000 4222.
9.79260000000000 4121.
9.79267000000000 4278.
9.79269000000000 4235.
9.79242000000000 4204.
9.79260000000000 4100.
9.79260000000000 4111.
9.79253000000000 4030.
9.79242000000000 4136.
9.79260000000000 4111.
9.79249000000000 4250.
9.79242000000000 4113.
9.79242000000000 4257.
9.79242000000000 4162.
9.79269000000000 4093.
9.79265000000000 4169.
9.79258000000000 4139.
9.79255000000000 4146.
9.79247000000000 4255.
9.79269000000000 4280.
9.79256000000000 4205.
9.79269000000000 4149.
9.79242000000000 4190.
9.79253000000000 4204.
9.79258000000000 4266.
9.79256000000000 4255.
9.79253000000000 4262.
9.79265000000000 4170.
9.79269000000000 4103.
9.79249000000000 4267.
9.79258000000000 4098.
9.79265000000000 4198.
9.79253000000000 4201.
9.79253000000000 4234.
9.79249000000000 4266.
9.79258000000000 4273.
9.79255000000000 4173.
9.79256000000000 4197.
9.79269000000000 4192.
9.79269000000000 4252.
9.79242000000000 4182.
9.79271000000000 4158.
9.79265000000000 4114.
9.79269000000000 4047.
9.79253000000000 4218.
9.79256000000000 4293.
9.79251000000000 4157.
9.79262000000000 4224.
9.79253000000000 4080.
9.79256000000000 4118.
9.79242000000000 4281.
9.79255000000000 4304.
9.79247000000000 4094.
9.79269000000000 4213.
9.79255000000000 4210.
9.79258000000000 4142.
9.79253000000000 4274.
9.79255000000000 4288.
9.79269000000000 4187.
9.79249000000000 4185.
9.79256000000000 4241.
9.79256000000000 4162.
9.79265000000000 4279.
9.79269000000000 4082.
9.79249000000000 4304.
9.79242000000000 4105.
9.79256000000000 4109.
9.79269000000000 4222.
9.79256000000000 4229.
9.79262000000000 3967.
9.79256000000000 4189.
9.79251000000000 4213.
9.79269000000000 4189.
9.79242000000000 4144.
9.79247000000000 4159.
9.79258000000000 4154.
9.79251000000000 4199.
9.79242000000000 4240.
9.79256000000000 4116.
9.79269000000000 4305.
9.79255000000000 4446.
9.79260000000000 4225.
9.79269000000000 4195.
9.79265000000000 4135.
9.79255000000000 4110.
9.79256000000000 4258.
9.79265000000000 4208.
9.79269000000000 4295.
9.79253000000000 4032.
9.79276000000000 4312.
9.79253000000000 4177.
9.79256000000000 4178.
9.79242000000000 4288.
9.79249000000000 4355.
9.79238000000000 4244.
9.79258000000000 4170.
9.79258000000000 4213.
9.79251000000000 4212.
9.79242000000000 4145.
9.79269000000000 4192.
9.79265000000000 4296.
9.79255000000000 4171.
9.79253000000000 4209.
9.79269000000000 4204.
9.79258000000000 4154.
9.79269000000000 4249.
9.79242000000000 4112.
9.79251000000000 4088.
9.79256000000000 4114.
9.79256000000000 4282.
9.79269000000000 4157.
9.79262000000000 4237.
9.79253000000000 4295.
9.79253000000000 4366.
9.79253000000000 4181.
9.79255000000000 4073.
9.79269000000000 4366.
9.79242000000000 4149.
9.79253000000000 4263.
9.79269000000000 4227.
9.79242000000000 4224.
9.79269000000000 4086.
9.79255000000000 4199.
9.79242000000000 4268.
9.79265000000000 4158.
9.79242000000000 4186.
9.79269000000000 4228.
9.79253000000000 4197.
9.79255000000000 4217.
9.79253000000000 4206.
9.79258000000000 4222.
9.79242000000000 4211.
9.79251000000000 4270.
9.79253000000000 4215.
9.79269000000000 4159.
9.79265000000000 4199.
9.79262000000000 4200.
9.79269000000000 4180.
9.79242000000000 4125.
9.79269000000000 4247.
9.79242000000000 4219.
9.79276000000000 4256.
9.79256000000000 4201.
9.79253000000000 4217.
9.79253000000000 4228.
9.79249000000000 4245.
9.79249000000000 4147.
9.79256000000000 4150.
9.79256000000000 4245.
9.79256000000000 4162.
9.79269000000000 4350.
9.79256000000000 4254.
9.79265000000000 4149.
