9.79251000000000 3508.
9.79261000000000 3434.
9.79261000000000 3473.
9.79261000000000 3448.
9.79259000000000 3562.
9.79261000000000 3393.
9.79261000000000 3603.
9.79252000000000 3423.
9.79261000000000 3368.
9.79261000000000 3575.
9.79253000000000 3387.
9.79261000000000 3386.
9.79258000000000 3369.
9.79261000000000 3470.
9.79261000000000 3553.
9.79261000000000 3520.
9.79259000000000 3430.
9.79260000000000 3464.
9.79252000000000 3398.
9.79252000000000 3490.
9.79261000000000 3351.
9.79261000000000 3457.
9.79259000000000 3449.
9.79261000000000 3532.
9.79252000000000 3303.
9.79262000000000 3405.
9.79248000000000 3510.
9.79259000000000 3347.
9.79261000000000 3459.
9.79261000000000 3491.
9.79247000000000 3417.
9.79259000000000 3341.
9.79258000000000 3419.
9.79258000000000 3440.
9.79261000000000 3488.
9.79261000000000 3406.
9.79261000000000 3425.
9.79260000000000 3585.
9.79260000000000 3411.
9.79259000000000 3447.
9.79261000000000 3485.
9.79261000000000 3453.
9.79261000000000 3429.
9.79261000000000 3410.
9.79261000000000 3508.
9.79260000000000 3486.
9.79252000000000 3311.
9.79259000000000 3570.
9.79253000000000 3393.
9.79260000000000 3481.
9.79252000000000 3459.
9.79262000000000 3465.
9.79261000000000 3528.
9.79261000000000 3498.
9.79259000000000 3466.
9.79261000000000 3368.
9.79261000000000 3520.
9.79261000000000 3438.
9.79259000000000 3428.
9.79261000000000 3461.
9.79261000000000 3516.
9.79249000000000 3515.
9.79258000000000 3548.
9.79261000000000 3474.
9.79261000000000 3484.
9.79249000000000 3420.
9.79262000000000 3394.
9.79261000000000 3340.
9.79261000000000 3333.
9.79259000000000 3559.
9.79247000000000 3263.
9.79261000000000 3339.
9.79261000000000 3432.
9.79249000000000 3481.
9.79249000000000 3440.
9.79261000000000 3424.
9.79261000000000 3407.
9.79258000000000 3375.
9.79261000000000 3480.
9.79270000000000 3538.
9.79252000000000 3431.
9.79262000000000 3464.
9.79261000000000 3327.
9.79260000000000 3476.
9.79261000000000 3476.
9.79261000000000 3378.
9.79252000000000 3444.
9.79247000000000 3413.
9.79261000000000 3352.
9.79259000000000 3631.
9.79261000000000 3496.
9.79252000000000 3465.
9.79261000000000 3502.
9.79258000000000 3499.
9.79261000000000 3395.
9.79261000000000 3498.
9.79261000000000 3366.
9.79248000000000 3507.
9.79252000000000 3491.
9.79258000000000 3407.
9.79261000000000 3461.
9.79259000000000 3514.
9.79261000000000 3414.
9.79261000000000 3240.
9.79247000000000 3490.
9.79252000000000 3444.
9.79260000000000 3535.
9.79261000000000 3374.
9.79261000000000 3388.
9.79247000000000 3464.
9.79251000000000 3483.
9.79261000000000 3364.
9.79261000000000 3357.
9.79261000000000 3444.
9.79261000000000 3417.
9.79261000000000 3516.
9.79260000000000 3545.
9.79261000000000 3314.
9.79261000000000 3446.
9.79261000000000 3442.
9.79261000000000 3229.
9.79261000000000 3400.
9.79261000000000 3589.
9.79261000000000 3420.
9.79261000000000 3390.
9.79248000000000 3400.
9.79261000000000 3509.
9.79247000000000 3341.
9.79259000000000 3475.
9.79260000000000 3528.
9.79261000000000 3344.
9.79258000000000 3421.
9.79248000000000 3455.
9.79261000000000 3436.
9.79261000000000 3442.
9.79261000000000 3487.
9.79261000000000 3469.
9.79259000000000 3505.
9.79252000000000 3452.
9.79261000000000 3507.
9.79259000000000 3383.
9.79249000000000 3482.
9.79251000000000 3384.
9.79252000000000 3490.
9.79252000000000 3453.
9.79258000000000 3375.
9.79261000000000 3338.
9.79261000000000 3482.
9.79261000000000 3362.
9.79261000000000 3564.
9.79259000000000 3591.
9.79245000000000 3411.
9.79261000000000 3345.
9.79252000000000 3535.
9.79261000000000 3452.
9.79261000000000 3487.
9.79261000000000 3584.
9.79261000000000 3431.
9.79259000000000 3379.
9.79261000000000 3490.
9.79260000000000 3412.
9.79249000000000 3506.
9.79261000000000 3487.
9.79271000000000 3392.
9.79261000000000 3599.
9.79261000000000 3448.
9.79261000000000 3430.
9.79261000000000 3530.
9.79261000000000 3416.
9.79261000000000 3319.
9.79261000000000 3341.
9.79261000000000 3432.
9.79247000000000 3498.
9.79252000000000 3407.
9.79261000000000 3425.
9.79261000000000 3359.
9.79261000000000 3458.
9.79261000000000 3574.
9.79252000000000 3390.
9.79259000000000 3411.
9.79261000000000 3526.
9.79261000000000 3382.
9.79252000000000 3506.
9.79261000000000 3468.
9.79249000000000 3380.
9.79251000000000 3422.
9.79259000000000 3436.
9.79261000000000 3366.
9.79261000000000 3538.
9.79259000000000 3429.
9.79261000000000 3509.
9.79261000000000 3538.
9.79240000000000 3567.
9.79261000000000 3490.
9.79261000000000 3397.
9.79261000000000 3408.
9.79261000000000 3433.
9.79258000000000 3348.
9.79261000000000 3608.
9.79261000000000 3354.
9.79261000000000 3462.
9.79261000000000 3499.
9.79261000000000 3568.
9.79249000000000 3377.
9.79271000000000 3577.
9.79261000000000 3298.
9.79261000000000 3451.
9.79261000000000 3363.
9.79262000000000 3320.
9.79261000000000 3493.
9.79261000000000 3484.
9.79272000000000 3448.
9.79261000000000 3446.
9.79261000000000 3479.
9.79252000000000 3438.
9.79270000000000 3295.
9.79252000000000 3302.
9.79261000000000 3518.
9.79247000000000 3357.
9.79248000000000 3394.
9.79261000000000 3467.
9.79261000000000 3466.
9.79261000000000 3406.
9.79262000000000 3286.
9.79261000000000 3503.
9.79271000000000 3487.
9.79259000000000 3587.
9.79261000000000 3497.
9.79238000000000 3363.
9.79261000000000 3451.
9.79252000000000 3567.
9.79247000000000 3429.
9.79259000000000 3396.
9.79261000000000 3473.
9.79270000000000 3515.
9.79248000000000 3342.
9.79261000000000 3567.
9.79249000000000 3362.
9.79261000000000 3401.
9.79247000000000 3287.
9.79252000000000 3405.
9.79261000000000 3382.
9.79261000000000 3411.
9.79261000000000 3498.
9.79261000000000 3434.
9.79261000000000 3421.
9.79252000000000 3386.
9.79261000000000 3446.
9.79261000000000 3476.
9.79261000000000 3558.
9.79261000000000 3607.
9.79261000000000 3471.
9.79253000000000 3297.
9.79247000000000 3543.
9.79248000000000 3576.
9.79261000000000 3455.
9.79261000000000 3548.
9.79271000000000 3430.
9.79261000000000 3494.
9.79247000000000 3465.
9.79261000000000 3396.
9.79261000000000 3427.
9.79247000000000 3487.
9.79261000000000 3394.
9.79261000000000 3493.
9.79261000000000 3428.
9.79261000000000 3441.
9.79261000000000 3540.
9.79259000000000 3334.
9.79261000000000 3344.
9.79261000000000 3409.
9.79262000000000 3382.
9.79252000000000 3269.
9.79259000000000 3324.
9.79272000000000 3437.
9.79249000000000 3369.
9.79261000000000 3493.
9.79261000000000 3404.
9.79261000000000 3516.
9.79261000000000 3579.
9.79261000000000 3503.
9.79261000000000 3449.
9.79261000000000 3362.
9.79261000000000 3487.
9.79261000000000 3398.
9.79261000000000 3508.
9.79261000000000 3369.
9.79259000000000 3387.
9.79261000000000 3465.
9.79261000000000 3421.
9.79261000000000 3492.
9.79249000000000 3463.
9.79261000000000 3433.
9.79262000000000 3447.
9.79261000000000 3340.
9.79258000000000 3415.
9.79261000000000 3415.
9.79261000000000 3443.
9.79252000000000 3522.
9.79252000000000 3550.
9.79261000000000 3458.
9.79259000000000 3402.
9.79261000000000 3507.
9.79261000000000 3476.
9.79261000000000 3396.
9.79261000000000 3487.
9.79261000000000 3343.
9.79261000000000 3423.
9.79250000000000 3488.
9.79261000000000 3442.
9.79261000000000 3357.
9.79247000000000 3507.
9.79261000000000 3438.
9.79261000000000 3499.
9.79248000000000 3424.
9.79261000000000 3482.
9.79247000000000 3431.
9.79258000000000 3514.
9.79261000000000 3455.
9.79261000000000 3368.
9.79261000000000 3372.
9.79248000000000 3430.
9.79261000000000 3493.
9.79252000000000 3480.
9.79261000000000 3482.
9.79248000000000 3387.
9.79261000000000 3405.
9.79251000000000 3397.
9.79251000000000 3458.
9.79261000000000 3331.
9.79261000000000 3374.
9.79261000000000 3381.
9.79261000000000 3471.
9.79251000000000 3333.
9.79261000000000 3462.
9.79261000000000 3396.
9.79261000000000 3439.
9.79270000000000 3451.
9.79261000000000 3438.
9.79259000000000 3514.
9.79261000000000 3452.
9.79261000000000 3433.
9.79261000000000 3689.
9.79261000000000 3495.
9.79249000000000 3414.
9.79261000000000 3414.
9.79261000000000 3437.
9.79261000000000 3497.
9.79247000000000 3439.
9.79261000000000 3423.
9.79271000000000 3503.
9.79261000000000 3544.
9.79261000000000 3430.
9.79261000000000 3412.
9.79261000000000 3398.
9.79261000000000 3403.
9.79261000000000 3466.
9.79261000000000 3405.
9.79271000000000 3498.
9.79260000000000 3457.
9.79261000000000 3451.
9.79247000000000 3369.
9.79261000000000 3554.
9.79261000000000 3536.
9.79252000000000 3482.
9.79261000000000 3486.
9.79261000000000 3556.
9.79261000000000 3384.
9.79261000000000 3572.
9.79270000000000 3555.
9.79261000000000 3359.
9.79259000000000 3365.
9.79258000000000 3349.
9.79261000000000 3520.
9.79262000000000 3433.
9.79261000000000 3393.
9.79248000000000 3555.
9.79260000000000 3460.
9.79262000000000 3430.
9.79271000000000 3431.
9.79261000000000 3470.
9.79270000000000 3379.
9.79258000000000 3505.
9.79261000000000 3471.
9.79261000000000 3498.
9.79248000000000 3430.
9.79261000000000 3441.
9.79261000000000 3406.
9.79252000000000 3456.
9.79270000000000 3299.
9.79252000000000 3476.
9.79258000000000 3385.
9.79258000000000 3450.
9.79261000000000 3507.
9.79261000000000 3464.
9.79261000000000 3471.
9.79261000000000 3351.
9.79251000000000 3423.
9.79261000000000 3350.
9.79247000000000 3440.
9.79249000000000 3499.
9.79261000000000 3524.
9.79258000000000 3440.
9.79248000000000 3417.
9.79261000000000 3493.
9.79261000000000 3373.
9.79259000000000 3422.
9.79261000000000 3464.
9.79247000000000 3402.
9.79261000000000 3451.
9.79259000000000 3333.
9.79261000000000 3389.
9.79262000000000 3528.
9.79259000000000 3471.
9.79261000000000 3480.
9.79247000000000 3492.
9.79261000000000 3465.
9.79259000000000 3506.
9.79261000000000 3442.
9.79261000000000 3405.
9.79252000000000 3392.
9.79261000000000 3458.
9.79258000000000 3272.
9.79261000000000 3602.
9.79249000000000 3473.
9.79261000000000 3377.
9.79261000000000 3295.
9.79261000000000 3320.
9.79261000000000 3464.
9.79261000000000 3372.
9.79261000000000 3504.
9.79261000000000 3394.
9.79261000000000 3335.
9.79252000000000 3372.
9.79261000000000 3233.
9.79252000000000 3505.
9.79249000000000 3377.
9.79261000000000 3348.
9.79261000000000 3346.
9.79261000000000 3492.
9.79251000000000 3493.
9.79261000000000 3312.
9.79247000000000 3524.
9.79259000000000 3463.
9.79261000000000 3518.
9.79261000000000 3326.
9.79259000000000 3416.
9.79261000000000 3477.
9.79261000000000 3381.
9.79261000000000 3507.
9.79261000000000 3551.
9.79258000000000 3460.
9.79259000000000 3514.
9.79261000000000 3583.
9.79258000000000 3508.
9.79259000000000 3586.
9.79261000000000 3507.
9.79248000000000 3469.
9.79261000000000 3650.
9.79248000000000 3394.
9.79261000000000 3566.
9.79249000000000 3346.
9.79247000000000 3548.
9.79252000000000 3381.
9.79261000000000 3396.
9.79261000000000 3387.
9.79247000000000 3493.
9.79261000000000 3396.
9.79259000000000 3475.
9.79248000000000 3466.
9.79270000000000 3513.
9.79258000000000 3479.
9.79260000000000 3502.
9.79261000000000 3490.
9.79247000000000 3402.
9.79261000000000 3426.
9.79259000000000 3611.
9.79258000000000 3322.
9.79247000000000 3585.
9.79261000000000 3453.
9.79270000000000 3547.
9.79252000000000 3407.
9.79247000000000 3343.
9.79259000000000 3325.
9.79261000000000 3335.
9.79261000000000 3499.
9.79258000000000 3487.
9.79261000000000 3581.
9.79261000000000 3384.
9.79261000000000 3407.
9.79252000000000 3539.
9.79259000000000 3481.
9.79261000000000 3366.
9.79261000000000 3299.
9.79238000000000 3514.
9.79261000000000 3557.
9.79249000000000 3411.
9.79261000000000 3383.
9.79261000000000 3486.
9.79277000000000 3470.
