9.79258000000000 2992.
9.79259000000000 3206.
9.79239000000000 3108.
9.79248000000000 2992.
9.79253000000000 3105.
9.79256000000000 3091.
9.79254000000000 3125.
9.79246000000000 3136.
9.79258000000000 3094.
9.79259000000000 3043.
9.79258000000000 3161.
9.79251000000000 3157.
9.79258000000000 3056.
9.79258000000000 3075.
9.79259000000000 3168.
9.79259000000000 3106.
9.79259000000000 3047.
9.79253000000000 3098.
9.79259000000000 3219.
9.79269000000000 3057.
9.79259000000000 3178.
9.79259000000000 3092.
9.79259000000000 2991.
9.79246000000000 3122.
9.79246000000000 2951.
9.79229000000000 3155.
9.79245000000000 2955.
9.79259000000000 3102.
9.79245000000000 3052.
9.79245000000000 3173.
9.79258000000000 3064.
9.79258000000000 3178.
9.79245000000000 3001.
9.79245000000000 3063.
9.79245000000000 3185.
9.79245000000000 3066.
9.79245000000000 3082.
9.79246000000000 3059.
9.79259000000000 3049.
9.79245000000000 3250.
9.79256000000000 3150.
9.79245000000000 3061.
9.79256000000000 2980.
9.79259000000000 3071.
9.79245000000000 3123.
9.79229000000000 3066.
9.79259000000000 3158.
9.79259000000000 2996.
9.79246000000000 3150.
9.79246000000000 3135.
9.79259000000000 3182.
9.79245000000000 3062.
9.79229000000000 3124.
9.79256000000000 3156.
9.79253000000000 3008.
9.79245000000000 3051.
9.79258000000000 3063.
9.79258000000000 3067.
9.79245000000000 3190.
9.79256000000000 3130.
9.79245000000000 3074.
9.79240000000000 3099.
9.79240000000000 3040.
9.79259000000000 3129.
9.79259000000000 3088.
9.79239000000000 3154.
9.79239000000000 3167.
9.79248000000000 2949.
9.79259000000000 3088.
9.79257000000000 3085.
9.79245000000000 3208.
9.79247000000000 3085.
9.79259000000000 3110.
9.79259000000000 3082.
9.79258000000000 3001.
9.79250000000000 3009.
9.79259000000000 3250.
9.79245000000000 3045.
9.79259000000000 2965.
9.79268000000000 3057.
9.79253000000000 3136.
9.79251000000000 3072.
9.79245000000000 3098.
9.79256000000000 3225.
9.79253000000000 3043.
9.79245000000000 3021.
9.79259000000000 3084.
9.79259000000000 2977.
9.79245000000000 3083.
9.79259000000000 3221.
9.79256000000000 3130.
9.79259000000000 3054.
9.79248000000000 3049.
9.79256000000000 3117.
9.79258000000000 2963.
9.79245000000000 3057.
9.79259000000000 3174.
9.79245000000000 3134.
9.79245000000000 3102.
9.79229000000000 3057.
9.79245000000000 3116.
9.79259000000000 3121.
9.79245000000000 2940.
9.79245000000000 3104.
9.79245000000000 3157.
9.79258000000000 3087.
9.79246000000000 3082.
9.79245000000000 3166.
9.79259000000000 3055.
9.79245000000000 3220.
9.79259000000000 3229.
9.79245000000000 3188.
9.79259000000000 3036.
9.79240000000000 3010.
9.79245000000000 3093.
9.79259000000000 3079.
9.79259000000000 3106.
9.79259000000000 3045.
9.79256000000000 3158.
9.79259000000000 3149.
9.79245000000000 3077.
9.79249000000000 3046.
9.79245000000000 3179.
9.79259000000000 3170.
9.79245000000000 3160.
9.79259000000000 3137.
9.79258000000000 3081.
9.79259000000000 3105.
9.79253000000000 2984.
9.79257000000000 3060.
9.79259000000000 3105.
9.79245000000000 3204.
9.79240000000000 3025.
9.79257000000000 3096.
9.79240000000000 3151.
9.79229000000000 3149.
9.79257000000000 3078.
9.79253000000000 3064.
9.79256000000000 3017.
9.79259000000000 3088.
9.79258000000000 3064.
9.79240000000000 2985.
9.79245000000000 3176.
9.79245000000000 3106.
9.79240000000000 3040.
9.79246000000000 3116.
9.79246000000000 2979.
9.79259000000000 3018.
9.79248000000000 3061.
9.79246000000000 3156.
9.79245000000000 3117.
9.79246000000000 3099.
9.79245000000000 3067.
9.79251000000000 3121.
9.79245000000000 3010.
9.79259000000000 2998.
9.79245000000000 3132.
9.79259000000000 3124.
9.79245000000000 3120.
9.79245000000000 3012.
9.79245000000000 3023.
9.79256000000000 2964.
9.79245000000000 3004.
9.79259000000000 3192.
9.79259000000000 3019.
9.79256000000000 3038.
9.79245000000000 3184.
9.79259000000000 3135.
9.79259000000000 2993.
9.79245000000000 3099.
9.79256000000000 2981.
9.79259000000000 3060.
9.79245000000000 3154.
9.79246000000000 3221.
9.79258000000000 3072.
9.79246000000000 3059.
9.79259000000000 3215.
9.79247000000000 3061.
9.79245000000000 2962.
9.79259000000000 2966.
9.79245000000000 3058.
9.79258000000000 3057.
9.79249000000000 2991.
9.79240000000000 3139.
9.79259000000000 3018.
9.79246000000000 3032.
9.79246000000000 3078.
9.79259000000000 2985.
9.79245000000000 3038.
9.79246000000000 3145.
9.79254000000000 3135.
9.79259000000000 3097.
9.79259000000000 2928.
9.79259000000000 3126.
9.79236000000000 2932.
9.79245000000000 3007.
9.79256000000000 3048.
9.79246000000000 3075.
9.79259000000000 3104.
9.79245000000000 3174.
9.79259000000000 3117.
9.79240000000000 3156.
9.79259000000000 3232.
9.79245000000000 3165.
9.79258000000000 3114.
9.79259000000000 3080.
9.79258000000000 3085.
9.79245000000000 3100.
9.79245000000000 3227.
9.79259000000000 3173.
9.79259000000000 3177.
9.79259000000000 3114.
9.79259000000000 3027.
9.79259000000000 3069.
9.79259000000000 3174.
9.79245000000000 2924.
9.79250000000000 3038.
9.79259000000000 3088.
9.79249000000000 3027.
9.79246000000000 3143.
9.79246000000000 3231.
9.79245000000000 3125.
9.79245000000000 3057.
9.79239000000000 3051.
9.79259000000000 3004.
9.79256000000000 3121.
9.79245000000000 3134.
9.79245000000000 3013.
9.79253000000000 3068.
9.79256000000000 3107.
9.79245000000000 3066.
9.79245000000000 3081.
9.79245000000000 3064.
9.79248000000000 3026.
9.79258000000000 3074.
9.79259000000000 3059.
9.79249000000000 3044.
9.79246000000000 3179.
9.79258000000000 3122.
9.79256000000000 3162.
9.79245000000000 3009.
9.79256000000000 3022.
9.79239000000000 3092.
9.79259000000000 3186.
9.79246000000000 3103.
9.79256000000000 3181.
9.79245000000000 3128.
9.79258000000000 3176.
9.79245000000000 3013.
9.79259000000000 3109.
9.79245000000000 3100.
9.79260000000000 3117.
9.79246000000000 3101.
9.79268000000000 3139.
9.79245000000000 3165.
9.79245000000000 3152.
9.79259000000000 3079.
9.79258000000000 3041.
9.79239000000000 3072.
9.79240000000000 3030.
9.79246000000000 3056.
9.79245000000000 3089.
9.79259000000000 2932.
9.79259000000000 3086.
9.79249000000000 3148.
9.79259000000000 3128.
9.79256000000000 3120.
9.79246000000000 3169.
9.79259000000000 3080.
9.79245000000000 3142.
9.79246000000000 3138.
9.79259000000000 3120.
9.79259000000000 3201.
9.79246000000000 3062.
9.79259000000000 3009.
9.79240000000000 3095.
9.79246000000000 3105.
9.79240000000000 3097.
9.79240000000000 3216.
9.79245000000000 3057.
9.79259000000000 3028.
9.79259000000000 3031.
9.79257000000000 2989.
9.79256000000000 3098.
9.79269000000000 3083.
9.79259000000000 3049.
9.79259000000000 3072.
9.79245000000000 3032.
9.79245000000000 3088.
9.79258000000000 3106.
9.79239000000000 3091.
9.79259000000000 3017.
9.79245000000000 3108.
9.79258000000000 2989.
9.79245000000000 3038.
9.79246000000000 3154.
9.79245000000000 3087.
9.79259000000000 3025.
9.79245000000000 3050.
9.79259000000000 3004.
9.79245000000000 3138.
9.79258000000000 3063.
9.79259000000000 3045.
9.79258000000000 3153.
9.79259000000000 3137.
9.79249000000000 3065.
9.79250000000000 3019.
9.79246000000000 3075.
9.79259000000000 3222.
9.79259000000000 3074.
9.79245000000000 3041.
9.79259000000000 3054.
9.79259000000000 3055.
9.79253000000000 2965.
9.79245000000000 3015.
9.79259000000000 3073.
9.79249000000000 2938.
9.79251000000000 3206.
9.79256000000000 3167.
9.79259000000000 3038.
9.79246000000000 2957.
9.79246000000000 3022.
9.79249000000000 3023.
9.79259000000000 3052.
9.79245000000000 3123.
9.79240000000000 3125.
9.79239000000000 3126.
9.79245000000000 3080.
9.79246000000000 3120.
9.79259000000000 3200.
9.79259000000000 2989.
9.79259000000000 3058.
9.79245000000000 3108.
9.79240000000000 3149.
9.79259000000000 2988.
9.79249000000000 3085.
9.79249000000000 2975.
9.79259000000000 3024.
9.79269000000000 3062.
9.79245000000000 3076.
9.79256000000000 3177.
9.79245000000000 3081.
9.79246000000000 3110.
9.79259000000000 3106.
9.79245000000000 2953.
9.79259000000000 3084.
9.79259000000000 3198.
9.79246000000000 3084.
9.79259000000000 3067.
9.79259000000000 3004.
9.79259000000000 3005.
9.79259000000000 3125.
9.79245000000000 3084.
9.79259000000000 3086.
9.79236000000000 3170.
9.79245000000000 3154.
9.79245000000000 3074.
9.79245000000000 3013.
9.79245000000000 3084.
9.79259000000000 3134.
9.79245000000000 3186.
9.79259000000000 3101.
9.79245000000000 2972.
9.79245000000000 2947.
9.79256000000000 3131.
9.79259000000000 3002.
9.79258000000000 3134.
9.79259000000000 3015.
9.79239000000000 3124.
9.79246000000000 3173.
9.79247000000000 3200.
9.79259000000000 3177.
9.79245000000000 3109.
9.79259000000000 3139.
9.79246000000000 3102.
9.79259000000000 3045.
9.79259000000000 3058.
9.79258000000000 3034.
9.79245000000000 3130.
9.79245000000000 3235.
9.79239000000000 2997.
9.79239000000000 3013.
9.79259000000000 3118.
9.79259000000000 3153.
9.79239000000000 2982.
9.79245000000000 3073.
9.79259000000000 2991.
9.79269000000000 2976.
9.79259000000000 3054.
9.79259000000000 3049.
9.79245000000000 3004.
9.79256000000000 3167.
9.79240000000000 3103.
9.79256000000000 3117.
9.79259000000000 3083.
9.79253000000000 3023.
9.79253000000000 3133.
9.79246000000000 3019.
9.79256000000000 3024.
9.79245000000000 3147.
9.79245000000000 3075.
9.79254000000000 3213.
9.79245000000000 3055.
9.79245000000000 3108.
9.79268000000000 3052.
9.79249000000000 2988.
9.79259000000000 3076.
9.79245000000000 3048.
9.79249000000000 3162.
9.79246000000000 3023.
9.79259000000000 3069.
9.79259000000000 3036.
9.79250000000000 3182.
9.79239000000000 3045.
9.79258000000000 3001.
9.79245000000000 3096.
9.79253000000000 3105.
9.79258000000000 3037.
9.79258000000000 3209.
9.79246000000000 3116.
9.79259000000000 3194.
9.79246000000000 3053.
9.79240000000000 3200.
9.79239000000000 3030.
9.79245000000000 3037.
9.79249000000000 3111.
9.79259000000000 3078.
9.79246000000000 3089.
9.79259000000000 3086.
9.79249000000000 3209.
9.79258000000000 3086.
9.79256000000000 3141.
9.79240000000000 3057.
9.79259000000000 3123.
9.79245000000000 3159.
9.79245000000000 3054.
9.79245000000000 3067.
9.79257000000000 3025.
9.79259000000000 3110.
9.79245000000000 3163.
9.79259000000000 3105.
9.79245000000000 3129.
9.79259000000000 2984.
9.79245000000000 3028.
9.79246000000000 3110.
9.79259000000000 3126.
9.79259000000000 3030.
9.79246000000000 3089.
9.79229000000000 2973.
9.79245000000000 3102.
9.79259000000000 3263.
9.79245000000000 3068.
9.79259000000000 3040.
9.79259000000000 3114.
9.79245000000000 3056.
9.79259000000000 3169.
9.79239000000000 3240.
9.79245000000000 3117.
9.79258000000000 3028.
9.79259000000000 3048.
9.79246000000000 3031.
9.79246000000000 3034.
9.79245000000000 3045.
9.79258000000000 3134.
9.79246000000000 3035.
9.79259000000000 3050.
9.79246000000000 3065.
9.79258000000000 3170.
9.79245000000000 3083.
9.79259000000000 3029.
9.79259000000000 3073.
9.79256000000000 3066.
9.79259000000000 3040.
9.79259000000000 2975.
9.79258000000000 3021.
9.79245000000000 3189.
9.79259000000000 3063.
9.79239000000000 3216.
9.79240000000000 3094.
9.79258000000000 2995.
9.79246000000000 3143.
9.79229000000000 3082.
9.79249000000000 3188.
9.79229000000000 3011.
9.79246000000000 3202.
9.79245000000000 3042.
9.79245000000000 2945.
9.79245000000000 3111.
9.79246000000000 3099.
9.79245000000000 3118.
9.79239000000000 3069.
9.79229000000000 2974.
9.79245000000000 3080.
9.79259000000000 3074.
9.79259000000000 3185.
9.79259000000000 3031.
9.79246000000000 2963.
9.79240000000000 3238.
9.79253000000000 3220.
9.79245000000000 2983.
