9.79247000000000 5037.
9.79262000000000 4755.
9.79262000000000 4909.
9.79255000000000 4868.
9.79248000000000 4787.
9.79259000000000 4943.
9.79259000000000 4866.
9.79257000000000 4767.
9.79255000000000 4998.
9.79248000000000 4925.
9.79254000000000 4774.
9.79247000000000 4759.
9.79257000000000 4737.
9.79247000000000 4837.
9.79255000000000 4754.
9.79247000000000 4841.
9.79248000000000 4876.
9.79247000000000 4825.
9.79255000000000 4909.
9.79255000000000 4903.
9.79262000000000 4960.
9.79252000000000 4870.
9.79247000000000 4723.
9.79262000000000 4782.
9.79247000000000 4955.
9.79240000000000 4901.
9.79247000000000 4900.
9.79247000000000 4724.
9.79262000000000 4842.
9.79248000000000 4921.
9.79264000000000 4840.
9.79247000000000 4804.
9.79247000000000 4802.
9.79262000000000 4919.
9.79254000000000 4804.
9.79259000000000 4840.
9.79255000000000 4829.
9.79255000000000 4976.
9.79247000000000 4900.
9.79251000000000 4893.
9.79262000000000 4854.
9.79262000000000 4811.
9.79255000000000 4698.
9.79248000000000 4980.
9.79247000000000 4817.
9.79248000000000 4776.
9.79247000000000 4890.
9.79247000000000 4841.
9.79254000000000 4858.
9.79247000000000 4845.
9.79247000000000 4788.
9.79247000000000 4946.
9.79247000000000 4724.
9.79255000000000 4827.
9.79248000000000 4761.
9.79255000000000 4694.
9.79262000000000 4871.
9.79255000000000 4808.
9.79254000000000 4821.
9.79254000000000 4800.
9.79254000000000 4781.
9.79247000000000 4869.
9.79255000000000 4776.
9.79254000000000 4959.
9.79248000000000 4818.
9.79254000000000 4944.
9.79254000000000 4789.
9.79264000000000 4727.
9.79247000000000 4964.
9.79247000000000 4778.
9.79248000000000 4805.
9.79247000000000 4852.
9.79247000000000 4960.
9.79255000000000 4770.
9.79255000000000 4851.
9.79247000000000 4812.
9.79247000000000 4727.
9.79247000000000 4712.
9.79262000000000 4874.
9.79248000000000 4873.
9.79248000000000 4904.
9.79262000000000 4791.
9.79254000000000 4848.
9.79252000000000 4848.
9.79259000000000 4977.
9.79247000000000 4849.
9.79248000000000 4896.
9.79255000000000 4793.
9.79254000000000 4798.
9.79259000000000 4733.
9.79259000000000 4878.
9.79255000000000 4802.
9.79247000000000 4861.
9.79247000000000 4767.
9.79255000000000 4710.
9.79255000000000 4805.
9.79254000000000 4809.
9.79259000000000 4948.
9.79247000000000 4736.
9.79247000000000 4832.
9.79247000000000 4840.
9.79247000000000 4555.
9.79255000000000 4774.
9.79259000000000 4732.
9.79247000000000 4853.
9.79248000000000 4788.
9.79248000000000 4838.
9.79248000000000 4783.
9.79255000000000 4735.
9.79248000000000 4921.
9.79248000000000 4832.
9.79248000000000 4820.
9.79262000000000 4707.
9.79247000000000 4981.
9.79247000000000 4789.
9.79252000000000 4834.
9.79248000000000 4863.
9.79259000000000 4800.
9.79247000000000 4822.
9.79248000000000 4825.
9.79247000000000 4631.
9.79247000000000 4999.
9.79247000000000 4727.
9.79255000000000 4855.
9.79262000000000 5053.
9.79251000000000 4931.
9.79259000000000 4741.
9.79259000000000 4984.
9.79254000000000 4788.
9.79247000000000 4755.
9.79262000000000 4845.
9.79248000000000 4796.
9.79254000000000 4708.
9.79247000000000 4860.
9.79254000000000 4838.
9.79247000000000 4885.
9.79240000000000 4798.
9.79255000000000 5075.
9.79248000000000 4924.
9.79254000000000 4797.
9.79247000000000 4829.
9.79255000000000 5028.
9.79262000000000 4990.
9.79255000000000 4717.
9.79259000000000 4831.
9.79247000000000 4829.
9.79248000000000 4708.
9.79255000000000 4763.
9.79254000000000 4777.
9.79252000000000 4729.
9.79255000000000 4853.
9.79255000000000 4886.
9.79247000000000 4908.
9.79259000000000 4741.
9.79255000000000 4772.
9.79247000000000 4758.
9.79255000000000 4788.
9.79251000000000 4830.
9.79262000000000 4910.
9.79254000000000 4837.
9.79262000000000 4752.
9.79254000000000 4824.
9.79259000000000 4808.
9.79254000000000 4792.
9.79248000000000 4920.
9.79259000000000 4875.
9.79259000000000 4724.
9.79248000000000 4769.
9.79247000000000 4777.
9.79248000000000 4835.
9.79247000000000 4929.
9.79251000000000 4815.
9.79247000000000 4872.
9.79247000000000 4850.
9.79262000000000 4890.
9.79262000000000 4659.
9.79247000000000 4708.
9.79248000000000 4817.
9.79251000000000 4717.
9.79255000000000 4756.
9.79247000000000 4948.
9.79254000000000 4841.
9.79254000000000 4912.
9.79247000000000 4968.
9.79254000000000 4774.
9.79247000000000 4938.
9.79247000000000 4801.
9.79252000000000 4839.
9.79247000000000 4781.
9.79251000000000 4871.
9.79262000000000 4826.
9.79247000000000 4915.
9.79240000000000 4861.
9.79259000000000 4989.
9.79247000000000 4688.
9.79251000000000 4776.
9.79247000000000 4733.
9.79247000000000 4930.
9.79247000000000 4865.
9.79255000000000 4998.
9.79247000000000 4781.
9.79248000000000 4908.
9.79257000000000 4843.
9.79255000000000 4801.
9.79248000000000 4614.
9.79254000000000 4727.
9.79247000000000 4823.
9.79254000000000 4825.
9.79255000000000 4831.
9.79255000000000 4823.
9.79264000000000 4798.
9.79247000000000 4879.
9.79247000000000 4837.
9.79255000000000 4866.
9.79262000000000 4893.
9.79247000000000 4720.
9.79255000000000 4989.
9.79262000000000 4883.
9.79254000000000 4702.
9.79255000000000 4874.
9.79264000000000 4819.
9.79259000000000 4713.
9.79247000000000 4858.
9.79248000000000 4739.
9.79259000000000 4715.
9.79247000000000 4785.
9.79254000000000 4795.
9.79248000000000 4863.
9.79254000000000 4830.
9.79247000000000 4805.
9.79262000000000 4872.
9.79255000000000 4805.
9.79255000000000 4935.
9.79247000000000 4806.
9.79255000000000 4851.
9.79247000000000 4803.
9.79248000000000 4943.
9.79262000000000 4770.
9.79255000000000 4884.
9.79255000000000 4734.
9.79247000000000 4919.
9.79254000000000 4969.
9.79262000000000 4827.
9.79255000000000 4818.
9.79247000000000 4770.
9.79247000000000 4870.
9.79254000000000 4767.
9.79258000000000 4812.
9.79262000000000 5024.
9.79248000000000 4818.
9.79247000000000 4816.
9.79247000000000 4829.
9.79257000000000 4877.
9.79247000000000 4807.
9.79254000000000 4897.
9.79255000000000 4806.
9.79247000000000 5042.
9.79247000000000 4879.
9.79254000000000 4849.
9.79247000000000 4804.
9.79247000000000 4889.
9.79254000000000 4938.
9.79262000000000 4775.
9.79247000000000 4795.
9.79247000000000 4817.
9.79254000000000 4772.
9.79254000000000 4789.
9.79259000000000 4900.
9.79259000000000 4939.
9.79254000000000 4731.
9.79251000000000 4922.
9.79254000000000 4896.
9.79247000000000 4752.
9.79247000000000 4825.
9.79259000000000 4802.
9.79259000000000 4658.
9.79255000000000 4816.
9.79258000000000 4792.
9.79240000000000 4752.
9.79259000000000 4718.
9.79247000000000 4937.
9.79251000000000 4828.
9.79254000000000 4867.
9.79254000000000 4967.
9.79248000000000 4702.
9.79247000000000 4827.
9.79255000000000 4888.
9.79255000000000 4907.
9.79254000000000 4934.
9.79247000000000 4814.
9.79251000000000 4854.
9.79247000000000 4956.
9.79262000000000 4765.
9.79262000000000 4982.
9.79259000000000 4959.
9.79247000000000 4802.
9.79247000000000 4877.
9.79262000000000 4812.
9.79255000000000 4848.
9.79248000000000 4868.
9.79247000000000 4903.
9.79265000000000 4837.
9.79247000000000 4943.
9.79255000000000 4915.
9.79247000000000 4814.
9.79262000000000 4865.
9.79247000000000 4804.
9.79247000000000 4936.
9.79247000000000 4867.
9.79247000000000 4858.
9.79254000000000 4935.
9.79248000000000 4918.
9.79248000000000 5086.
9.79248000000000 4903.
9.79255000000000 5164.
9.79262000000000 4821.
9.79255000000000 4864.
9.79247000000000 4716.
9.79247000000000 4902.
9.79262000000000 4823.
9.79251000000000 4846.
9.79247000000000 4884.
9.79247000000000 4897.
9.79248000000000 4667.
9.79247000000000 4691.
9.79264000000000 4941.
9.79247000000000 4898.
9.79248000000000 4896.
9.79254000000000 4983.
9.79255000000000 4944.
9.79254000000000 4733.
9.79247000000000 4835.
9.79255000000000 4785.
9.79240000000000 4789.
9.79248000000000 4836.
9.79255000000000 4931.
9.79255000000000 4865.
9.79247000000000 4790.
9.79254000000000 4850.
9.79247000000000 4803.
9.79264000000000 4799.
9.79255000000000 4907.
9.79247000000000 4944.
9.79247000000000 4890.
9.79265000000000 4889.
9.79255000000000 4839.
9.79259000000000 4846.
9.79255000000000 4775.
9.79247000000000 4817.
9.79255000000000 4850.
9.79247000000000 4693.
9.79247000000000 4844.
9.79248000000000 4859.
9.79254000000000 4914.
9.79248000000000 4818.
9.79247000000000 4852.
9.79257000000000 4832.
9.79251000000000 4789.
9.79259000000000 5026.
9.79259000000000 4849.
9.79248000000000 4904.
9.79247000000000 4824.
9.79247000000000 4809.
9.79247000000000 4831.
9.79247000000000 4869.
9.79259000000000 4845.
9.79251000000000 4877.
9.79259000000000 4852.
9.79254000000000 4775.
9.79247000000000 4798.
9.79254000000000 4892.
9.79248000000000 4994.
9.79247000000000 4833.
9.79254000000000 4769.
9.79248000000000 4656.
9.79264000000000 4874.
9.79240000000000 4803.
9.79247000000000 4776.
9.79247000000000 4707.
9.79259000000000 4784.
9.79254000000000 4739.
9.79252000000000 4598.
9.79248000000000 4726.
9.79247000000000 4844.
9.79247000000000 4763.
9.79248000000000 4812.
9.79247000000000 4946.
9.79248000000000 4800.
9.79247000000000 4800.
9.79262000000000 4763.
9.79262000000000 4819.
9.79264000000000 4905.
9.79247000000000 4833.
9.79248000000000 4888.
9.79248000000000 4716.
9.79247000000000 4856.
9.79248000000000 4854.
9.79259000000000 4849.
9.79247000000000 4842.
9.79247000000000 4922.
9.79248000000000 4812.
9.79247000000000 4778.
9.79259000000000 4861.
9.79251000000000 4941.
9.79255000000000 4822.
9.79262000000000 4779.
9.79262000000000 4669.
9.79247000000000 4757.
9.79254000000000 4787.
9.79247000000000 4943.
9.79259000000000 4890.
9.79255000000000 4754.
9.79247000000000 4695.
9.79248000000000 4930.
9.79259000000000 4789.
9.79255000000000 4833.
9.79255000000000 4877.
9.79247000000000 4929.
9.79247000000000 4877.
9.79247000000000 4847.
9.79247000000000 4986.
9.79262000000000 4747.
9.79254000000000 4886.
9.79259000000000 4808.
9.79250000000000 4918.
9.79247000000000 4833.
9.79262000000000 4806.
9.79255000000000 4868.
9.79255000000000 4858.
9.79247000000000 4806.
9.79248000000000 4834.
9.79247000000000 4956.
9.79259000000000 4715.
9.79247000000000 4925.
9.79240000000000 4816.
9.79254000000000 4641.
9.79257000000000 4846.
9.79240000000000 4694.
9.79251000000000 4773.
9.79254000000000 4835.
9.79264000000000 4926.
9.79255000000000 4911.
9.79257000000000 4801.
9.79254000000000 4910.
9.79259000000000 4793.
9.79255000000000 4719.
9.79255000000000 4875.
9.79248000000000 4756.
9.79247000000000 4865.
9.79259000000000 4775.
9.79254000000000 4976.
9.79247000000000 4842.
9.79262000000000 4878.
9.79247000000000 4922.
9.79255000000000 4939.
9.79255000000000 5074.
9.79247000000000 4888.
9.79247000000000 4910.
9.79247000000000 4785.
9.79247000000000 4725.
9.79248000000000 4883.
9.79252000000000 4873.
9.79240000000000 4846.
9.79240000000000 4829.
9.79248000000000 4931.
9.79252000000000 5055.
9.79255000000000 4919.
9.79240000000000 4782.
9.79264000000000 4864.
9.79251000000000 4705.
9.79247000000000 4720.
9.79254000000000 4823.
9.79254000000000 4707.
9.79259000000000 4844.
9.79255000000000 4781.
9.79240000000000 4791.
9.79255000000000 4937.
9.79262000000000 4826.
9.79247000000000 4765.
9.79254000000000 4753.
9.79264000000000 4835.
9.79259000000000 4877.
9.79262000000000 4852.
9.79254000000000 4951.
9.79262000000000 4934.
9.79254000000000 4764.
9.79247000000000 4987.
9.79254000000000 5009.
9.79247000000000 4834.
9.79259000000000 4786.
9.79248000000000 4736.
9.79254000000000 4784.
9.79248000000000 4821.
9.79247000000000 4745.
9.79262000000000 4780.
9.79262000000000 4966.
9.79262000000000 4817.
9.79258000000000 4863.
9.79240000000000 4924.
9.79259000000000 4794.
