9.79299000000000 7067.
9.79289000000000 7092.
9.79285000000000 7034.
9.79309000000000 7075.
9.79299000000000 6908.
9.79276000000000 6961.
9.79276000000000 7069.
9.79294000000000 6989.
9.79285000000000 7142.
9.79282000000000 7146.
9.79288000000000 6877.
9.79285000000000 6985.
9.79298000000000 6990.
9.79288000000000 7269.
9.79299000000000 6876.
9.79285000000000 7034.
9.79299000000000 6916.
9.79299000000000 7075.
9.79300000000000 6910.
9.79288000000000 6984.
9.79276000000000 7142.
9.79299000000000 6938.
9.79276000000000 6916.
9.79282000000000 6994.
9.79294000000000 6992.
9.79288000000000 7095.
9.79285000000000 6865.
9.79285000000000 7180.
9.79294000000000 6914.
9.79299000000000 7182.
9.79276000000000 7144.
9.79288000000000 6952.
9.79276000000000 7105.
9.79276000000000 6966.
9.79299000000000 7153.
9.79294000000000 6922.
9.79293000000000 7031.
9.79298000000000 7096.
9.79294000000000 7045.
9.79299000000000 6924.
9.79299000000000 7085.
9.79289000000000 6960.
9.79300000000000 7013.
9.79285000000000 6979.
9.79299000000000 7060.
9.79299000000000 7100.
9.79282000000000 7141.
9.79285000000000 6935.
9.79276000000000 6999.
9.79285000000000 7075.
9.79285000000000 6984.
9.79276000000000 6951.
9.79276000000000 7011.
9.79298000000000 7083.
9.79289000000000 6930.
9.79282000000000 6772.
9.79282000000000 6945.
9.79309000000000 6999.
9.79276000000000 6956.
9.79298000000000 7176.
9.79299000000000 7063.
9.79276000000000 7014.
9.79276000000000 6971.
9.79288000000000 6994.
9.79288000000000 7012.
9.79285000000000 7167.
9.79288000000000 7059.
9.79282000000000 7044.
9.79299000000000 7169.
9.79299000000000 7164.
9.79276000000000 7002.
9.79285000000000 6774.
9.79276000000000 7282.
9.79309000000000 6854.
9.79300000000000 6894.
9.79297000000000 7094.
9.79285000000000 6831.
9.79288000000000 7107.
9.79282000000000 7110.
9.79294000000000 7045.
9.79288000000000 7051.
9.79294000000000 7121.
9.79285000000000 7149.
9.79276000000000 6928.
9.79289000000000 6962.
9.79288000000000 6970.
9.79299000000000 7060.
9.79285000000000 6965.
9.79276000000000 7016.
9.79288000000000 7018.
9.79294000000000 6958.
9.79276000000000 7014.
9.79300000000000 6983.
9.79285000000000 6891.
9.79276000000000 7171.
9.79299000000000 7125.
9.79288000000000 6820.
9.79276000000000 7073.
9.79285000000000 7125.
9.79282000000000 7067.
9.79288000000000 6837.
9.79288000000000 6857.
9.79289000000000 7006.
9.79282000000000 7054.
9.79288000000000 6918.
9.79276000000000 7118.
9.79282000000000 7013.
9.79276000000000 7058.
9.79276000000000 7067.
9.79288000000000 7057.
9.79276000000000 7047.
9.79300000000000 7072.
9.79285000000000 6953.
9.79276000000000 6922.
9.79282000000000 6930.
9.79312000000000 6959.
9.79289000000000 7008.
9.79285000000000 7031.
9.79285000000000 7027.
9.79282000000000 7151.
9.79294000000000 7106.
9.79285000000000 6882.
9.79285000000000 7055.
9.79276000000000 6914.
9.79294000000000 6962.
9.79299000000000 6884.
9.79289000000000 7010.
9.79285000000000 7117.
9.79294000000000 6995.
9.79299000000000 6966.
9.79276000000000 6861.
9.79276000000000 7079.
9.79299000000000 6859.
9.79299000000000 6975.
9.79288000000000 7018.
9.79288000000000 7139.
9.79282000000000 6976.
9.79294000000000 6904.
9.79288000000000 7022.
9.79294000000000 6807.
9.79299000000000 7149.
9.79276000000000 7118.
9.79299000000000 6848.
9.79288000000000 7077.
9.79285000000000 7157.
9.79288000000000 6955.
9.79299000000000 6988.
9.79299000000000 6989.
9.79300000000000 7029.
9.79289000000000 6972.
9.79299000000000 7171.
9.79299000000000 7222.
9.79282000000000 7083.
9.79285000000000 7171.
9.79294000000000 7035.
9.79285000000000 7182.
9.79288000000000 6976.
9.79293000000000 7159.
9.79299000000000 7008.
9.79282000000000 7048.
9.79276000000000 7087.
9.79288000000000 7035.
9.79302000000000 6969.
9.79298000000000 6922.
9.79294000000000 7000.
9.79289000000000 7022.
9.79276000000000 7043.
9.79276000000000 6963.
9.79285000000000 7092.
9.79304000000000 7159.
9.79282000000000 7097.
9.79299000000000 7171.
9.79288000000000 7081.
9.79288000000000 7013.
9.79288000000000 6968.
9.79299000000000 6857.
9.79299000000000 6831.
9.79285000000000 7074.
9.79297000000000 7014.
9.79299000000000 6958.
9.79282000000000 7026.
9.79299000000000 7218.
9.79282000000000 7067.
9.79298000000000 6833.
9.79302000000000 6903.
9.79285000000000 7095.
9.79299000000000 6852.
9.79299000000000 7242.
9.79282000000000 6989.
9.79299000000000 7207.
9.79288000000000 7237.
9.79282000000000 7105.
9.79298000000000 7233.
9.79299000000000 7062.
9.79299000000000 7001.
9.79288000000000 6975.
9.79288000000000 7002.
9.79294000000000 7014.
9.79288000000000 7142.
9.79276000000000 7102.
9.79282000000000 6971.
9.79276000000000 6830.
9.79285000000000 6953.
9.79288000000000 6983.
9.79294000000000 6867.
9.79288000000000 7003.
9.79294000000000 6858.
9.79299000000000 7010.
9.79285000000000 6972.
9.79288000000000 7262.
9.79299000000000 7029.
9.79285000000000 7405.
9.79276000000000 7046.
9.79282000000000 6904.
9.79309000000000 7125.
9.79288000000000 6992.
9.79282000000000 7090.
9.79299000000000 6894.
9.79282000000000 6973.
9.79288000000000 7215.
9.79288000000000 6998.
9.79299000000000 6961.
9.79299000000000 6903.
9.79285000000000 7164.
9.79282000000000 6850.
9.79299000000000 6896.
9.79294000000000 6995.
9.79294000000000 7042.
9.79282000000000 7111.
9.79276000000000 7042.
9.79299000000000 6947.
9.79276000000000 7169.
9.79276000000000 7025.
9.79276000000000 7107.
9.79276000000000 6995.
9.79276000000000 6888.
9.79299000000000 7107.
9.79299000000000 7167.
9.79288000000000 6915.
9.79276000000000 6927.
9.79285000000000 6965.
9.79285000000000 7096.
9.79299000000000 6967.
9.79299000000000 6955.
9.79300000000000 6997.
9.79282000000000 7123.
9.79276000000000 6991.
9.79282000000000 7052.
9.79288000000000 7192.
9.79294000000000 6978.
9.79294000000000 6778.
9.79298000000000 6963.
9.79299000000000 7142.
9.79289000000000 7062.
9.79294000000000 6970.
9.79288000000000 6981.
9.79300000000000 6995.
9.79288000000000 7028.
9.79285000000000 6951.
9.79299000000000 7003.
9.79288000000000 7135.
9.79276000000000 6942.
9.79276000000000 7070.
9.79288000000000 6940.
9.79294000000000 6958.
9.79289000000000 7003.
9.79276000000000 7124.
9.79276000000000 7002.
9.79299000000000 6939.
9.79276000000000 7133.
9.79276000000000 6982.
9.79276000000000 6899.
9.79285000000000 6767.
9.79282000000000 7115.
9.79288000000000 7039.
9.79299000000000 7147.
9.79299000000000 7082.
9.79276000000000 6910.
9.79282000000000 7229.
9.79276000000000 6925.
9.79276000000000 6989.
9.79299000000000 7066.
9.79276000000000 7124.
9.79288000000000 7066.
9.79288000000000 7183.
9.79299000000000 7108.
9.79288000000000 7054.
9.79288000000000 7000.
9.79285000000000 6898.
9.79282000000000 7001.
9.79288000000000 6997.
9.79298000000000 6952.
9.79289000000000 6985.
9.79288000000000 7076.
9.79288000000000 7064.
9.79299000000000 6803.
9.79285000000000 6895.
9.79288000000000 6978.
9.79282000000000 7097.
9.79288000000000 7004.
9.79288000000000 6972.
9.79294000000000 7193.
9.79276000000000 7043.
9.79294000000000 7167.
9.79285000000000 6843.
9.79288000000000 7067.
9.79299000000000 7159.
9.79282000000000 6980.
9.79299000000000 7099.
9.79276000000000 6900.
9.79282000000000 7070.
9.79299000000000 7000.
9.79285000000000 7163.
9.79297000000000 6901.
9.79309000000000 6973.
9.79282000000000 7114.
9.79276000000000 7039.
9.79288000000000 7074.
9.79276000000000 6834.
9.79288000000000 6992.
9.79276000000000 7057.
9.79282000000000 7086.
9.79288000000000 6911.
9.79282000000000 7083.
9.79299000000000 6973.
9.79276000000000 6910.
9.79282000000000 7003.
9.79282000000000 6959.
9.79299000000000 7047.
9.79289000000000 6966.
9.79276000000000 7096.
9.79288000000000 7078.
9.79282000000000 6997.
9.79276000000000 6896.
9.79288000000000 7102.
9.79289000000000 6992.
9.79282000000000 6895.
9.79298000000000 6764.
9.79298000000000 7170.
9.79282000000000 6995.
9.79276000000000 6928.
9.79282000000000 7057.
9.79288000000000 6992.
9.79299000000000 7017.
9.79294000000000 6976.
9.79294000000000 7168.
9.79299000000000 7111.
9.79276000000000 7095.
9.79294000000000 7002.
9.79285000000000 6967.
9.79297000000000 6875.
9.79300000000000 6983.
9.79298000000000 7103.
9.79282000000000 7128.
9.79276000000000 6986.
9.79276000000000 7059.
9.79289000000000 6931.
9.79276000000000 6968.
9.79276000000000 7104.
9.79288000000000 6868.
9.79285000000000 7076.
9.79288000000000 7005.
9.79299000000000 7097.
9.79288000000000 6995.
9.79297000000000 7010.
9.79276000000000 6936.
9.79299000000000 6900.
9.79288000000000 6955.
9.79288000000000 7045.
9.79288000000000 7139.
9.79276000000000 6857.
9.79276000000000 7069.
9.79288000000000 6893.
9.79299000000000 6846.
9.79288000000000 6938.
9.79288000000000 7116.
9.79299000000000 7114.
9.79288000000000 7017.
9.79299000000000 7120.
9.79276000000000 7076.
9.79288000000000 7136.
9.79273000000000 7073.
9.79285000000000 6924.
9.79294000000000 6912.
9.79300000000000 6971.
9.79299000000000 6938.
9.79285000000000 6934.
9.79299000000000 6924.
9.79276000000000 6935.
9.79299000000000 6939.
9.79299000000000 6967.
9.79299000000000 6998.
9.79314000000000 6910.
9.79288000000000 7006.
9.79285000000000 6966.
9.79294000000000 6972.
9.79297000000000 6910.
9.79282000000000 6824.
9.79276000000000 7149.
9.79289000000000 7042.
9.79288000000000 6946.
9.79285000000000 7062.
9.79299000000000 7056.
9.79288000000000 6981.
9.79276000000000 6924.
9.79294000000000 7160.
9.79288000000000 6983.
9.79288000000000 7077.
9.79300000000000 7171.
9.79309000000000 6987.
9.79294000000000 6890.
9.79299000000000 7007.
9.79288000000000 6889.
9.79285000000000 7026.
9.79299000000000 6933.
9.79299000000000 6865.
9.79312000000000 6979.
9.79297000000000 6738.
9.79298000000000 6986.
9.79285000000000 7269.
9.79294000000000 7154.
9.79299000000000 7003.
9.79299000000000 7076.
9.79276000000000 6998.
9.79282000000000 6932.
9.79300000000000 7062.
9.79309000000000 6999.
9.79299000000000 6906.
9.79299000000000 7014.
9.79285000000000 7020.
9.79285000000000 7043.
9.79282000000000 6862.
9.79276000000000 7054.
9.79276000000000 7084.
9.79312000000000 7180.
9.79288000000000 7096.
9.79288000000000 7258.
9.79299000000000 7027.
9.79299000000000 6965.
9.79276000000000 6859.
9.79300000000000 6967.
9.79297000000000 6851.
9.79309000000000 6955.
9.79299000000000 7015.
9.79276000000000 7184.
9.79282000000000 7138.
9.79276000000000 7057.
9.79304000000000 7055.
9.79276000000000 7108.
9.79288000000000 7176.
9.79298000000000 6833.
9.79299000000000 6993.
9.79276000000000 7129.
9.79294000000000 7000.
9.79276000000000 7233.
9.79289000000000 7182.
9.79294000000000 7266.
9.79282000000000 7326.
9.79288000000000 7076.
9.79294000000000 7099.
9.79299000000000 6805.
9.79300000000000 6981.
9.79299000000000 6887.
9.79288000000000 7142.
9.79300000000000 6956.
9.79276000000000 7061.
9.79289000000000 6949.
9.79300000000000 7153.
9.79299000000000 6974.
9.79276000000000 7134.
9.79294000000000 7132.
9.79285000000000 6975.
9.79289000000000 7078.
9.79276000000000 7115.
9.79293000000000 6976.
9.79276000000000 6875.
9.79288000000000 7063.
9.79276000000000 6732.
9.79288000000000 6800.
9.79300000000000 6913.
9.79288000000000 6895.
9.79282000000000 7039.
9.79282000000000 7037.
9.79276000000000 6951.
9.79276000000000 7054.
9.79294000000000 6907.
9.79276000000000 6956.
9.79282000000000 6942.
9.79276000000000 7179.
9.79285000000000 7263.
9.79285000000000 7106.
9.79299000000000 7201.
9.79276000000000 6934.
9.79288000000000 6968.
9.79299000000000 7026.
9.79276000000000 7030.
9.79285000000000 7100.
9.79276000000000 7195.
9.79299000000000 7197.
9.79288000000000 6948.
