9.79255000000000 5844.
9.79255000000000 5788.
9.79245000000000 5846.
9.79255000000000 5808.
9.79255000000000 5720.
9.79249000000000 5855.
9.79249000000000 5904.
9.79247000000000 5846.
9.79255000000000 5948.
9.79255000000000 5810.
9.79255000000000 5756.
9.79255000000000 5749.
9.79245000000000 5729.
9.79255000000000 5730.
9.79255000000000 5801.
9.79255000000000 5779.
9.79255000000000 5904.
9.79255000000000 5935.
9.79255000000000 5947.
9.79255000000000 5915.
9.79255000000000 5770.
9.79255000000000 5895.
9.79255000000000 5708.
9.79255000000000 5767.
9.79242000000000 5722.
9.79255000000000 5820.
9.79255000000000 5731.
9.79245000000000 5575.
9.79255000000000 5864.
9.79255000000000 5764.
9.79247000000000 5771.
9.79255000000000 5861.
9.79255000000000 5822.
9.79255000000000 5711.
9.79249000000000 5970.
9.79249000000000 5906.
9.79255000000000 5850.
9.79247000000000 5843.
9.79249000000000 5911.
9.79255000000000 5807.
9.79255000000000 5874.
9.79255000000000 5870.
9.79249000000000 5712.
9.79255000000000 5852.
9.79255000000000 5738.
9.79249000000000 5878.
9.79255000000000 5833.
9.79255000000000 5907.
9.79255000000000 5812.
9.79255000000000 5722.
9.79255000000000 5772.
9.79255000000000 5915.
9.79255000000000 5745.
9.79255000000000 5883.
9.79255000000000 5756.
9.79249000000000 5826.
9.79262000000000 5719.
9.79249000000000 5860.
9.79255000000000 5949.
9.79249000000000 5913.
9.79255000000000 5805.
9.79255000000000 5886.
9.79249000000000 5983.
9.79255000000000 5874.
9.79255000000000 5559.
9.79255000000000 5833.
9.79247000000000 5941.
9.79255000000000 5994.
9.79249000000000 5871.
9.79255000000000 5778.
9.79255000000000 5877.
9.79255000000000 5786.
9.79255000000000 5874.
9.79253000000000 5812.
9.79262000000000 5888.
9.79249000000000 5916.
9.79255000000000 6030.
9.79255000000000 5802.
9.79255000000000 6044.
9.79253000000000 5853.
9.79255000000000 5755.
9.79255000000000 5797.
9.79255000000000 5869.
9.79255000000000 5801.
9.79255000000000 5712.
9.79255000000000 5863.
9.79255000000000 5891.
9.79253000000000 5791.
9.79255000000000 5681.
9.79255000000000 5936.
9.79255000000000 6049.
9.79255000000000 5793.
9.79249000000000 5812.
9.79255000000000 5653.
9.79255000000000 5781.
9.79249000000000 5810.
9.79255000000000 5866.
9.79249000000000 5751.
9.79255000000000 5737.
9.79255000000000 5814.
9.79255000000000 5860.
9.79255000000000 5805.
9.79255000000000 5844.
9.79255000000000 5898.
9.79255000000000 5842.
9.79251000000000 5829.
9.79255000000000 5816.
9.79255000000000 5837.
9.79255000000000 5950.
9.79255000000000 5735.
9.79245000000000 5835.
9.79253000000000 5793.
9.79249000000000 5788.
9.79255000000000 5892.
9.79249000000000 5854.
9.79255000000000 5913.
9.79253000000000 5838.
9.79255000000000 5877.
9.79249000000000 5895.
9.79255000000000 5855.
9.79249000000000 5817.
9.79255000000000 5885.
9.79255000000000 5823.
9.79253000000000 6023.
9.79255000000000 5822.
9.79255000000000 5707.
9.79249000000000 5787.
9.79245000000000 5741.
9.79249000000000 5821.
9.79255000000000 5801.
9.79255000000000 5728.
9.79255000000000 5841.
9.79255000000000 5891.
9.79255000000000 5782.
9.79255000000000 5760.
9.79249000000000 5819.
9.79255000000000 5740.
9.79255000000000 5745.
9.79255000000000 5771.
9.79255000000000 5778.
9.79255000000000 5890.
9.79255000000000 5785.
9.79255000000000 5855.
9.79249000000000 5872.
9.79249000000000 5917.
9.79249000000000 5703.
9.79255000000000 5807.
9.79255000000000 6014.
9.79255000000000 5847.
9.79255000000000 5681.
9.79249000000000 5741.
9.79255000000000 5853.
9.79249000000000 5745.
9.79255000000000 5827.
9.79255000000000 5809.
9.79255000000000 5908.
9.79255000000000 5770.
9.79249000000000 5752.
9.79255000000000 5847.
9.79247000000000 5819.
9.79255000000000 5812.
9.79253000000000 5849.
9.79255000000000 5750.
9.79255000000000 5980.
9.79249000000000 6023.
9.79249000000000 5903.
9.79255000000000 5751.
9.79255000000000 5811.
9.79255000000000 5799.
9.79253000000000 5994.
9.79255000000000 5897.
9.79249000000000 5877.
9.79255000000000 5904.
9.79249000000000 5698.
9.79249000000000 5814.
9.79255000000000 5788.
9.79255000000000 5878.
9.79255000000000 5872.
9.79255000000000 5859.
9.79255000000000 5715.
9.79255000000000 5754.
9.79255000000000 5889.
9.79253000000000 5819.
9.79253000000000 5825.
9.79255000000000 5889.
9.79255000000000 5798.
9.79255000000000 5838.
9.79255000000000 5924.
9.79255000000000 5794.
9.79255000000000 5811.
9.79253000000000 5850.
9.79255000000000 5902.
9.79255000000000 5783.
9.79255000000000 5822.
9.79255000000000 5701.
9.79262000000000 5912.
9.79255000000000 5896.
9.79249000000000 5953.
9.79255000000000 5719.
9.79255000000000 5864.
9.79255000000000 6038.
9.79255000000000 5757.
9.79255000000000 5789.
9.79255000000000 5804.
9.79255000000000 5799.
9.79255000000000 5716.
9.79255000000000 5891.
9.79255000000000 5680.
9.79249000000000 5756.
9.79255000000000 5874.
9.79255000000000 5847.
9.79255000000000 5744.
9.79255000000000 5746.
9.79245000000000 5741.
9.79253000000000 5842.
9.79255000000000 5700.
9.79255000000000 5746.
9.79255000000000 5988.
9.79242000000000 5896.
9.79255000000000 5931.
9.79255000000000 5749.
9.79245000000000 5760.
9.79255000000000 5649.
9.79255000000000 5786.
9.79255000000000 5856.
9.79255000000000 5701.
9.79255000000000 5829.
9.79255000000000 5727.
9.79255000000000 5804.
9.79255000000000 5723.
9.79255000000000 5720.
9.79255000000000 5742.
9.79255000000000 5760.
9.79255000000000 5854.
9.79255000000000 5753.
9.79249000000000 5794.
9.79255000000000 5813.
9.79255000000000 5837.
9.79255000000000 5827.
9.79255000000000 5858.
9.79255000000000 5793.
9.79255000000000 5854.
9.79255000000000 5825.
9.79249000000000 5822.
9.79255000000000 5900.
9.79255000000000 5792.
9.79255000000000 5942.
9.79255000000000 5948.
9.79255000000000 5613.
9.79255000000000 5815.
9.79255000000000 5944.
9.79245000000000 5785.
9.79255000000000 5795.
9.79255000000000 5937.
9.79255000000000 5694.
9.79253000000000 5893.
9.79255000000000 5834.
9.79249000000000 5826.
9.79255000000000 5764.
9.79255000000000 5697.
9.79255000000000 5894.
9.79255000000000 5713.
9.79249000000000 5700.
9.79255000000000 5778.
9.79255000000000 5754.
9.79255000000000 5907.
9.79255000000000 5873.
9.79242000000000 5752.
9.79255000000000 5890.
9.79255000000000 5901.
9.79255000000000 5858.
9.79255000000000 5838.
9.79255000000000 5846.
9.79255000000000 5849.
9.79255000000000 5863.
9.79255000000000 5794.
9.79255000000000 5813.
9.79253000000000 5979.
9.79255000000000 5737.
9.79255000000000 5808.
9.79255000000000 5805.
9.79255000000000 5754.
9.79249000000000 5889.
9.79255000000000 5776.
9.79255000000000 5742.
9.79255000000000 5940.
9.79255000000000 5808.
9.79255000000000 5910.
9.79255000000000 5750.
9.79255000000000 5881.
9.79255000000000 5858.
9.79255000000000 5732.
9.79255000000000 5873.
9.79255000000000 5769.
9.79255000000000 5804.
9.79255000000000 5685.
9.79249000000000 5820.
9.79255000000000 5696.
9.79247000000000 5889.
9.79255000000000 5788.
9.79249000000000 5933.
9.79255000000000 5807.
9.79255000000000 5828.
9.79255000000000 5970.
9.79249000000000 5949.
9.79255000000000 5939.
9.79255000000000 5744.
9.79253000000000 5846.
9.79255000000000 5842.
9.79255000000000 5718.
9.79255000000000 5763.
9.79251000000000 5683.
9.79249000000000 5885.
9.79255000000000 5960.
9.79255000000000 5798.
9.79249000000000 5862.
9.79255000000000 5970.
9.79249000000000 5865.
9.79255000000000 5968.
9.79249000000000 5807.
9.79249000000000 5848.
9.79255000000000 5947.
9.79255000000000 5964.
9.79255000000000 5875.
9.79255000000000 5840.
9.79255000000000 5867.
9.79249000000000 5791.
9.79249000000000 5775.
9.79255000000000 5829.
9.79255000000000 5944.
9.79255000000000 5766.
9.79255000000000 5714.
9.79255000000000 5778.
9.79255000000000 5958.
9.79255000000000 5765.
9.79255000000000 5815.
9.79255000000000 5826.
9.79255000000000 5814.
9.79255000000000 5715.
9.79253000000000 5932.
9.79255000000000 5850.
9.79255000000000 5792.
9.79255000000000 5660.
9.79255000000000 5945.
9.79255000000000 5781.
9.79255000000000 6005.
9.79255000000000 5923.
9.79253000000000 5858.
9.79255000000000 5923.
9.79249000000000 5888.
9.79255000000000 5872.
9.79255000000000 5726.
9.79249000000000 5780.
9.79255000000000 5996.
9.79255000000000 5934.
9.79255000000000 5758.
9.79249000000000 5821.
9.79255000000000 5882.
9.79255000000000 5766.
9.79255000000000 5893.
9.79255000000000 5769.
9.79255000000000 5876.
9.79255000000000 5954.
9.79249000000000 5948.
9.79249000000000 5719.
9.79255000000000 5807.
9.79249000000000 5888.
9.79253000000000 5843.
9.79255000000000 5763.
9.79255000000000 5828.
9.79255000000000 5851.
9.79255000000000 5959.
9.79255000000000 5860.
9.79255000000000 5978.
9.79249000000000 5864.
9.79255000000000 5857.
9.79249000000000 5776.
9.79255000000000 5892.
9.79255000000000 6010.
9.79253000000000 5607.
9.79255000000000 5825.
9.79255000000000 5822.
9.79255000000000 5816.
9.79255000000000 5812.
9.79255000000000 5736.
9.79255000000000 5867.
9.79255000000000 5680.
9.79249000000000 6146.
9.79255000000000 5786.
9.79255000000000 5970.
9.79249000000000 5729.
9.79255000000000 5839.
9.79255000000000 5770.
9.79255000000000 5731.
9.79249000000000 5776.
9.79255000000000 5856.
9.79255000000000 5864.
9.79255000000000 5880.
9.79249000000000 5841.
9.79255000000000 6010.
9.79255000000000 5942.
9.79255000000000 5879.
9.79255000000000 5894.
9.79255000000000 5814.
9.79255000000000 5741.
9.79255000000000 5794.
9.79255000000000 5755.
9.79255000000000 5960.
9.79249000000000 5791.
9.79255000000000 5845.
9.79255000000000 5804.
9.79255000000000 5787.
9.79255000000000 5765.
9.79255000000000 5873.
9.79255000000000 5946.
9.79255000000000 5801.
9.79255000000000 5742.
9.79255000000000 5727.
9.79249000000000 5866.
9.79255000000000 6088.
9.79255000000000 5892.
9.79255000000000 5857.
9.79255000000000 5972.
9.79242000000000 5731.
9.79253000000000 5769.
9.79255000000000 5901.
9.79255000000000 5934.
9.79255000000000 5789.
9.79253000000000 5753.
9.79255000000000 5965.
9.79249000000000 5908.
9.79253000000000 5791.
9.79253000000000 5704.
9.79255000000000 5840.
9.79255000000000 5822.
9.79247000000000 5825.
9.79255000000000 5925.
9.79255000000000 5790.
9.79249000000000 5974.
9.79255000000000 5868.
9.79249000000000 5895.
9.79255000000000 5816.
9.79255000000000 6024.
9.79255000000000 5763.
9.79255000000000 5842.
9.79255000000000 5910.
9.79255000000000 5903.
9.79255000000000 5835.
9.79255000000000 5813.
9.79255000000000 5880.
9.79255000000000 5791.
9.79255000000000 5956.
9.79255000000000 5848.
9.79255000000000 5845.
9.79262000000000 5681.
9.79255000000000 5773.
9.79255000000000 5848.
9.79255000000000 5745.
9.79255000000000 5780.
9.79255000000000 5791.
9.79255000000000 5899.
9.79255000000000 5802.
9.79255000000000 5959.
9.79255000000000 5979.
9.79249000000000 5977.
9.79255000000000 5791.
9.79249000000000 5869.
9.79255000000000 5975.
9.79249000000000 5842.
9.79255000000000 5820.
9.79249000000000 5955.
9.79255000000000 5660.
9.79247000000000 5919.
9.79255000000000 5880.
9.79255000000000 5831.
9.79255000000000 5865.
9.79245000000000 5710.
9.79255000000000 5945.
9.79245000000000 5851.
9.79255000000000 5795.
9.79255000000000 5819.
9.79255000000000 6016.
9.79249000000000 5891.
9.79255000000000 5784.
9.79255000000000 5639.
9.79255000000000 5834.
9.79255000000000 5904.
9.79255000000000 5856.
9.79255000000000 5724.
9.79255000000000 5818.
9.79249000000000 5759.
9.79255000000000 5766.
9.79253000000000 5749.
9.79249000000000 5875.
9.79255000000000 6047.
9.79255000000000 5818.
9.79249000000000 5555.
9.79255000000000 5935.
9.79255000000000 5777.
9.79255000000000 6004.
