9.79210000000000 1111.
9.79210000000000 1111.
9.79210000000000 1060.
9.79210000000000 1060.
9.78869000000000 1116.
9.78869000000000 1116.
9.78869000000000 1069.
9.78869000000000 1069.
9.78858000000000 1118.
9.78858000000000 1118.
9.78848000000000 1055.
9.78848000000000 1055.
9.79235000000000 1079.
9.79235000000000 1079.
9.78847000000000 1112.
9.78833000000000 1109.
9.78833000000000 1109.
9.78833000000000 1178.
9.78833000000000 1178.
9.78843000000000 1105.
9.78843000000000 1105.
9.79237000000000 1150.
9.79237000000000 1150.
9.78856000000000 1154.
9.78856000000000 1154.
9.78869000000000 1070.
9.78869000000000 1070.
9.78848000000000 1140.
9.78848000000000 1140.
9.78847000000000 1076.
9.78847000000000 1076.
9.78833000000000 1078.
9.78833000000000 1078.
9.78833000000000 1031.
9.78833000000000 1031.
9.78847000000000 1043.
9.78847000000000 1043.
9.78856000000000 1124.
9.78843000000000 1103.
9.78843000000000 1103.
9.78843000000000 1125.
9.78843000000000 1125.
9.78869000000000 1026.
9.78869000000000 1026.
9.78847000000000 1062.
9.78847000000000 1062.
9.78833000000000 1116.
9.78833000000000 1116.
9.78847000000000 1142.
9.78847000000000 1142.
9.78847000000000 1094.
9.78847000000000 1094.
9.78847000000000 1095.
9.78847000000000 1095.
9.78847000000000 1162.
9.78847000000000 1162.
9.78847000000000 1115.
9.78847000000000 1108.
9.78847000000000 1108.
9.78848000000000 1116.
9.78848000000000 1116.
9.78847000000000 1054.
9.78847000000000 1054.
9.78843000000000 1089.
9.78843000000000 1089.
9.78869000000000 1083.
9.78869000000000 1083.
9.78848000000000 1150.
9.78848000000000 1150.
9.78847000000000 1076.
9.78847000000000 1076.
9.78858000000000 1082.
9.78858000000000 1082.
9.78848000000000 1169.
9.78848000000000 1169.
9.78833000000000 1143.
9.78833000000000 1143.
9.78843000000000 1085.
9.78843000000000 1085.
9.78848000000000 1053.
9.78869000000000 1086.
9.78869000000000 1086.
9.78833000000000 1089.
9.78833000000000 1089.
9.78843000000000 1122.
9.78843000000000 1122.
9.78847000000000 1124.
9.78847000000000 1124.
9.78847000000000 1062.
9.78847000000000 1062.
9.78843000000000 1019.
9.78843000000000 1019.
9.78847000000000 1139.
9.78847000000000 1139.
9.78847000000000 1142.
9.78847000000000 1142.
9.78847000000000 1052.
9.78847000000000 1052.
9.79210000000000 1151.
9.79210000000000 1151.
9.78848000000000 1040.
9.79221000000000 1085.
9.79221000000000 1085.
9.78847000000000 1079.
9.78847000000000 1079.
9.79237000000000 1071.
9.79237000000000 1071.
9.78847000000000 1048.
9.78847000000000 1048.
9.78869000000000 1044.
9.78869000000000 1044.
9.78869000000000 1150.
9.78869000000000 1150.
9.78847000000000 1088.
9.78847000000000 1088.
9.79210000000000 1139.
9.79210000000000 1139.
9.78847000000000 1121.
9.78847000000000 1121.
9.78847000000000 1135.
9.78847000000000 1135.
9.78847000000000 1049.
9.78847000000000 1049.
9.78847000000000 1105.
9.78858000000000 1058.
9.78858000000000 1058.
9.78848000000000 1163.
9.78848000000000 1163.
9.79227000000000 1066.
9.79227000000000 1066.
9.78843000000000 1079.
9.78843000000000 1079.
9.78847000000000 1046.
9.78847000000000 1046.
9.78858000000000 1120.
9.78858000000000 1120.
9.78833000000000 1077.
9.78833000000000 1077.
9.78843000000000 1043.
9.78843000000000 1043.
9.79233000000000 1008.
9.79233000000000 1008.
9.78847000000000 1150.
9.78847000000000 1150.
9.78857000000000 1106.
9.78857000000000 1106.
9.78843000000000 1106.
9.79237000000000 1041.
9.79237000000000 1041.
9.78847000000000 1083.
9.78847000000000 1083.
9.78843000000000 1094.
9.78843000000000 1094.
9.78856000000000 1131.
9.78856000000000 1131.
9.78847000000000 1163.
9.78847000000000 1163.
9.78869000000000 1065.
9.78869000000000 1065.
9.78857000000000 1065.
9.78857000000000 1065.
9.78858000000000 1124.
9.78858000000000 1124.
9.78848000000000 1092.
9.78848000000000 1092.
9.78848000000000 1097.
9.78833000000000 1102.
9.78833000000000 1102.
9.78835000000000 1132.
9.78835000000000 1132.
9.78847000000000 1099.
9.78847000000000 1099.
9.78864000000000 1160.
9.78864000000000 1160.
9.78848000000000 1063.
9.78848000000000 1063.
9.78835000000000 1061.
9.78835000000000 1061.
9.78848000000000 1143.
9.78848000000000 1143.
9.78833000000000 1109.
9.78833000000000 1109.
9.78858000000000 1084.
9.78858000000000 1084.
9.78855000000000 1139.
9.78855000000000 1139.
9.79237000000000 1129.
9.78848000000000 1082.
9.78848000000000 1082.
9.78843000000000 1070.
9.78843000000000 1070.
9.78848000000000 1085.
9.78848000000000 1085.
9.78834000000000 1159.
9.78834000000000 1159.
9.78869000000000 1102.
9.78869000000000 1102.
9.78847000000000 1077.
9.78847000000000 1077.
9.78869000000000 1120.
9.78869000000000 1120.
9.78847000000000 1121.
9.78847000000000 1121.
9.78847000000000 1078.
9.78847000000000 1078.
9.78833000000000 1157.
9.78833000000000 1157.
9.78848000000000 1081.
9.78848000000000 1065.
9.78848000000000 1065.
9.79210000000000 1075.
9.79210000000000 1075.
9.79237000000000 1079.
9.79237000000000 1079.
9.79210000000000 1126.
9.79210000000000 1126.
9.78847000000000 1058.
9.78847000000000 1058.
9.78843000000000 1013.
9.78843000000000 1013.
9.78848000000000 1080.
9.78848000000000 1080.
9.78833000000000 1070.
9.78833000000000 1070.
9.78847000000000 1091.
9.78847000000000 1091.
9.78848000000000 1103.
9.78848000000000 1103.
9.78848000000000 1112.
9.78848000000000 1112.
9.79236000000000 1013.
9.78843000000000 1053.
9.78843000000000 1053.
9.78848000000000 1074.
9.78848000000000 1074.
9.78869000000000 1092.
9.78869000000000 1092.
9.78848000000000 1111.
9.78848000000000 1111.
9.78857000000000 1059.
9.78857000000000 1059.
9.78843000000000 1062.
9.78843000000000 1062.
9.78847000000000 1097.
9.78847000000000 1097.
9.78835000000000 1111.
9.78835000000000 1111.
9.78847000000000 1063.
9.78847000000000 1063.
9.78858000000000 1128.
9.78858000000000 1128.
9.78847000000000 1138.
9.78833000000000 1095.
9.78833000000000 1095.
9.78858000000000 1129.
9.78858000000000 1129.
9.78847000000000 1124.
9.78847000000000 1124.
9.78847000000000 1074.
9.78847000000000 1074.
9.78848000000000 1146.
9.78848000000000 1146.
9.78847000000000 1075.
9.78847000000000 1075.
9.78858000000000 1173.
9.78858000000000 1173.
9.78869000000000 1163.
9.78869000000000 1163.
9.78833000000000 1066.
9.78847000000000 1098.
9.78847000000000 1098.
9.78847000000000 1049.
9.78847000000000 1049.
9.78833000000000 1150.
9.78833000000000 1150.
9.78848000000000 1081.
9.78848000000000 1081.
9.78856000000000 1134.
9.78856000000000 1134.
9.78869000000000 1142.
9.78869000000000 1142.
9.78848000000000 1192.
9.78848000000000 1192.
9.78847000000000 1078.
9.78847000000000 1078.
9.78869000000000 1135.
9.78869000000000 1135.
9.78847000000000 1065.
9.78847000000000 1065.
9.78847000000000 1084.
9.78869000000000 1102.
9.78869000000000 1102.
9.78848000000000 1117.
9.78848000000000 1117.
9.78847000000000 1131.
9.78847000000000 1131.
9.78858000000000 1072.
9.78858000000000 1072.
9.78858000000000 1175.
9.78858000000000 1175.
9.78848000000000 1067.
9.78848000000000 1067.
9.78847000000000 1146.
9.78847000000000 1146.
9.78869000000000 1098.
9.78869000000000 1098.
9.79237000000000 1101.
9.79237000000000 1101.
9.78848000000000 1026.
9.78848000000000 1026.
9.78833000000000 1108.
9.78847000000000 1118.
9.78847000000000 1118.
9.78869000000000 1030.
9.78869000000000 1030.
9.78847000000000 1094.
9.78847000000000 1094.
9.78847000000000 1068.
9.78847000000000 1068.
9.78847000000000 1055.
9.78847000000000 1055.
9.78848000000000 1094.
9.78848000000000 1094.
9.78856000000000 1105.
9.78856000000000 1105.
9.78833000000000 1097.
9.78833000000000 1097.
9.78848000000000 1112.
9.78848000000000 1112.
9.78833000000000 1031.
9.78833000000000 1031.
9.78869000000000 1091.
9.78869000000000 1091.
9.78847000000000 1118.
9.78847000000000 1118.
9.78848000000000 1085.
9.78858000000000 1075.
9.78858000000000 1075.
9.79237000000000 1110.
9.79237000000000 1110.
9.78857000000000 1062.
9.78857000000000 1062.
9.78847000000000 1051.
9.78847000000000 1051.
9.78858000000000 1136.
9.78858000000000 1136.
9.78848000000000 1103.
9.78848000000000 1103.
9.78869000000000 1105.
9.78869000000000 1105.
9.78833000000000 1100.
9.78833000000000 1100.
9.78869000000000 1181.
9.78869000000000 1181.
9.78833000000000 1110.
9.78833000000000 1110.
9.78864000000000 1131.
9.78864000000000 1131.
9.78847000000000 1128.
9.78858000000000 1078.
9.78858000000000 1078.
9.78847000000000 1140.
9.78847000000000 1140.
9.78848000000000 1040.
9.78848000000000 1040.
9.78848000000000 1101.
9.78848000000000 1101.
9.78833000000000 1070.
9.78833000000000 1070.
9.78833000000000 1085.
9.78833000000000 1085.
9.78869000000000 1097.
9.78869000000000 1097.
9.78847000000000 1130.
9.78847000000000 1130.
9.78847000000000 1150.
9.78847000000000 1150.
9.78847000000000 1039.
9.78847000000000 1039.
9.78857000000000 1129.
9.78857000000000 1129.
9.78848000000000 1092.
9.78848000000000 1092.
9.78848000000000 1107.
9.78835000000000 1138.
9.78835000000000 1138.
9.78835000000000 1121.
9.78835000000000 1121.
9.78847000000000 1098.
9.78847000000000 1098.
9.78847000000000 1110.
9.78847000000000 1110.
9.78869000000000 1122.
9.78869000000000 1122.
9.78848000000000 1123.
9.78848000000000 1123.
9.78833000000000 1100.
9.78833000000000 1100.
9.78869000000000 1123.
9.78869000000000 1123.
9.78847000000000 1065.
9.78847000000000 1065.
9.78832000000000 1146.
9.78856000000000 1108.
9.78856000000000 1108.
9.78833000000000 1126.
9.78833000000000 1126.
9.78869000000000 1147.
9.78869000000000 1147.
9.78833000000000 1086.
9.78833000000000 1086.
9.78869000000000 1122.
9.78869000000000 1122.
9.78869000000000 1154.
9.78869000000000 1154.
9.78848000000000 1088.
9.78848000000000 1088.
9.78848000000000 1069.
9.78848000000000 1069.
9.78847000000000 1135.
9.78847000000000 1135.
9.78833000000000 1139.
9.78833000000000 1139.
9.78835000000000 1076.
9.78847000000000 1094.
9.78847000000000 1094.
9.78848000000000 1034.
9.78848000000000 1034.
9.78863000000000 1070.
9.78863000000000 1070.
9.79237000000000 1078.
9.79237000000000 1078.
9.78858000000000 1170.
9.78858000000000 1170.
9.78843000000000 1117.
9.78843000000000 1117.
9.78855000000000 1112.
9.78855000000000 1112.
9.78848000000000 1111.
9.78848000000000 1111.
9.78847000000000 1093.
9.78847000000000 1093.
9.78847000000000 1149.
9.78847000000000 1149.
9.79223000000000 1023.
9.79223000000000 1023.
9.78833000000000 1063.
9.78848000000000 1127.
9.78848000000000 1127.
9.78848000000000 1108.
9.78848000000000 1108.
9.78869000000000 1082.
9.78869000000000 1082.
9.78848000000000 1091.
9.78848000000000 1091.
9.78843000000000 1051.
9.78843000000000 1051.
9.78833000000000 1135.
9.78833000000000 1135.
9.78847000000000 1092.
9.78847000000000 1092.
9.79210000000000 1080.
9.79210000000000 1080.
9.78847000000000 1111.
9.78847000000000 1111.
9.78847000000000 1081.
9.78847000000000 1081.
9.78857000000000 1083.
9.78857000000000 1083.
9.78843000000000 1096.
9.78847000000000 1155.
9.78847000000000 1155.
9.78848000000000 1055.
9.78848000000000 1055.
9.78848000000000 1099.
9.78848000000000 1099.
9.78843000000000 1094.
9.78843000000000 1094.
9.78847000000000 1099.
9.78847000000000 1099.
9.78855000000000 1020.
9.78855000000000 1020.
9.78843000000000 1123.
9.78843000000000 1123.
9.78847000000000 1079.
9.78847000000000 1079.
9.78830000000000 1133.
9.78830000000000 1133.
9.78843000000000 1042.
9.78843000000000 1042.
9.78847000000000 1097.
9.78847000000000 1097.
9.78833000000000 1151.
9.78848000000000 1100.
9.78848000000000 1100.
9.78858000000000 1058.
9.78858000000000 1058.
9.78847000000000 1063.
9.78847000000000 1063.
9.78833000000000 1113.
