9.79314000000000 3479.
9.79312000000000 3570.
9.79314000000000 3669.
9.79312000000000 3540.
9.79306000000000 3569.
9.79307000000000 3526.
9.79306000000000 3607.
9.79306000000000 3614.
9.79322000000000 3637.
9.79313000000000 3539.
9.79308000000000 3714.
9.79306000000000 3533.
9.79314000000000 3498.
9.79318000000000 3657.
9.79306000000000 3443.
9.79312000000000 3544.
9.79308000000000 3621.
9.79306000000000 3501.
9.79318000000000 3615.
9.79312000000000 3614.
9.79306000000000 3532.
9.79321000000000 3531.
9.79308000000000 3517.
9.79313000000000 3642.
9.79306000000000 3559.
9.79315000000000 3636.
9.79312000000000 3522.
9.79313000000000 3669.
9.79313000000000 3515.
9.79313000000000 3560.
9.79306000000000 3494.
9.79315000000000 3489.
9.79314000000000 3626.
9.79306000000000 3580.
9.79313000000000 3532.
9.79312000000000 3553.
9.79312000000000 3689.
9.79314000000000 3650.
9.79306000000000 3548.
9.79306000000000 3524.
9.79312000000000 3529.
9.79318000000000 3699.
9.79312000000000 3518.
9.79306000000000 3649.
9.79312000000000 3638.
9.79312000000000 3602.
9.79312000000000 3607.
9.79314000000000 3601.
9.79314000000000 3523.
9.79318000000000 3520.
9.79316000000000 3454.
9.79312000000000 3560.
9.79318000000000 3549.
9.79307000000000 3576.
9.79306000000000 3690.
9.79313000000000 3585.
9.79308000000000 3492.
9.79312000000000 3650.
9.79312000000000 3509.
9.79323000000000 3535.
9.79313000000000 3567.
9.79315000000000 3602.
9.79318000000000 3542.
9.79306000000000 3472.
9.79312000000000 3564.
9.79315000000000 3625.
9.79317000000000 3602.
9.79314000000000 3435.
9.79316000000000 3483.
9.79312000000000 3432.
9.79312000000000 3603.
9.79308000000000 3656.
9.79306000000000 3506.
9.79312000000000 3587.
9.79312000000000 3645.
9.79312000000000 3746.
9.79306000000000 3640.
9.79318000000000 3530.
9.79323000000000 3607.
9.79312000000000 3510.
9.79315000000000 3619.
9.79312000000000 3611.
9.79314000000000 3501.
9.79306000000000 3575.
9.79314000000000 3584.
9.79317000000000 3498.
9.79312000000000 3569.
9.79306000000000 3603.
9.79313000000000 3586.
9.79323000000000 3581.
9.79318000000000 3675.
9.79321000000000 3503.
9.79306000000000 3610.
9.79312000000000 3575.
9.79312000000000 3686.
9.79315000000000 3593.
9.79312000000000 3535.
9.79318000000000 3574.
9.79306000000000 3630.
9.79312000000000 3566.
9.79306000000000 3665.
9.79317000000000 3602.
9.79306000000000 3635.
9.79312000000000 3472.
9.79306000000000 3636.
9.79318000000000 3531.
9.79315000000000 3688.
9.79312000000000 3556.
9.79314000000000 3643.
9.79312000000000 3579.
9.79312000000000 3691.
9.79312000000000 3519.
9.79306000000000 3620.
9.79312000000000 3712.
9.79318000000000 3658.
9.79313000000000 3654.
9.79318000000000 3468.
9.79313000000000 3511.
9.79314000000000 3697.
9.79317000000000 3545.
9.79312000000000 3597.
9.79308000000000 3550.
9.79312000000000 3648.
9.79312000000000 3511.
9.79312000000000 3571.
9.79318000000000 3550.
9.79307000000000 3668.
9.79308000000000 3679.
9.79312000000000 3658.
9.79312000000000 3611.
9.79313000000000 3453.
9.79312000000000 3591.
9.79306000000000 3510.
9.79307000000000 3626.
9.79306000000000 3622.
9.79318000000000 3591.
9.79306000000000 3575.
9.79306000000000 3642.
9.79306000000000 3505.
9.79312000000000 3591.
9.79306000000000 3518.
9.79318000000000 3621.
9.79308000000000 3537.
9.79322000000000 3644.
9.79312000000000 3674.
9.79313000000000 3475.
9.79307000000000 3629.
9.79312000000000 3493.
9.79314000000000 3418.
9.79322000000000 3634.
9.79306000000000 3645.
9.79318000000000 3566.
9.79312000000000 3644.
9.79318000000000 3687.
9.79318000000000 3622.
9.79314000000000 3665.
9.79312000000000 3682.
9.79313000000000 3667.
9.79312000000000 3532.
9.79312000000000 3476.
9.79316000000000 3682.
9.79317000000000 3607.
9.79314000000000 3614.
9.79314000000000 3570.
9.79306000000000 3602.
9.79306000000000 3537.
9.79312000000000 3480.
9.79318000000000 3486.
9.79315000000000 3524.
9.79312000000000 3622.
9.79306000000000 3587.
9.79318000000000 3599.
9.79313000000000 3698.
9.79321000000000 3561.
9.79318000000000 3604.
9.79307000000000 3718.
9.79312000000000 3413.
9.79318000000000 3573.
9.79318000000000 3576.
9.79306000000000 3669.
9.79324000000000 3559.
9.79318000000000 3530.
9.79312000000000 3537.
9.79312000000000 3578.
9.79314000000000 3619.
9.79312000000000 3442.
9.79312000000000 3433.
9.79317000000000 3659.
9.79328000000000 3558.
9.79314000000000 3609.
9.79314000000000 3623.
9.79312000000000 3562.
9.79312000000000 3690.
9.79306000000000 3583.
9.79318000000000 3478.
9.79306000000000 3588.
9.79312000000000 3668.
9.79312000000000 3541.
9.79313000000000 3537.
9.79306000000000 3619.
9.79312000000000 3647.
9.79312000000000 3538.
9.79313000000000 3621.
9.79317000000000 3612.
9.79312000000000 3495.
9.79306000000000 3547.
9.79322000000000 3608.
9.79312000000000 3613.
9.79312000000000 3708.
9.79318000000000 3509.
9.79312000000000 3500.
9.79318000000000 3522.
9.79306000000000 3557.
9.79306000000000 3587.
9.79318000000000 3532.
9.79306000000000 3549.
9.79315000000000 3538.
9.79308000000000 3498.
9.79306000000000 3674.
9.79312000000000 3497.
9.79318000000000 3623.
9.79318000000000 3720.
9.79312000000000 3707.
9.79306000000000 3607.
9.79312000000000 3635.
9.79306000000000 3642.
9.79312000000000 3659.
9.79318000000000 3667.
9.79312000000000 3485.
9.79313000000000 3425.
9.79307000000000 3646.
9.79312000000000 3606.
9.79306000000000 3626.
9.79316000000000 3586.
9.79314000000000 3543.
9.79312000000000 3585.
9.79312000000000 3561.
9.79306000000000 3543.
9.79318000000000 3622.
9.79312000000000 3546.
9.79312000000000 3574.
9.79306000000000 3630.
9.79306000000000 3510.
9.79318000000000 3626.
9.79306000000000 3588.
9.79306000000000 3543.
9.79312000000000 3585.
9.79321000000000 3606.
9.79306000000000 3526.
9.79306000000000 3518.
9.79306000000000 3584.
9.79313000000000 3682.
9.79306000000000 3475.
9.79312000000000 3493.
9.79318000000000 3546.
9.79315000000000 3543.
9.79321000000000 3599.
9.79312000000000 3487.
9.79312000000000 3695.
9.79306000000000 3591.
9.79306000000000 3482.
9.79318000000000 3525.
9.79317000000000 3637.
9.79306000000000 3657.
9.79312000000000 3514.
9.79312000000000 3404.
9.79306000000000 3671.
9.79306000000000 3638.
9.79306000000000 3555.
9.79306000000000 3583.
9.79318000000000 3448.
9.79312000000000 3524.
9.79307000000000 3760.
9.79306000000000 3497.
9.79318000000000 3513.
9.79306000000000 3536.
9.79318000000000 3483.
9.79318000000000 3465.
9.79317000000000 3537.
9.79306000000000 3534.
9.79306000000000 3655.
9.79312000000000 3599.
9.79312000000000 3508.
9.79312000000000 3521.
9.79318000000000 3619.
9.79312000000000 3508.
9.79322000000000 3442.
9.79315000000000 3554.
9.79317000000000 3510.
9.79312000000000 3669.
9.79312000000000 3595.
9.79307000000000 3571.
9.79312000000000 3572.
9.79315000000000 3538.
9.79306000000000 3581.
9.79318000000000 3479.
9.79308000000000 3588.
9.79318000000000 3520.
9.79307000000000 3545.
9.79314000000000 3529.
9.79306000000000 3567.
9.79306000000000 3593.
9.79306000000000 3445.
9.79323000000000 3436.
9.79312000000000 3622.
9.79313000000000 3476.
9.79315000000000 3650.
9.79318000000000 3488.
9.79312000000000 3573.
9.79306000000000 3517.
9.79312000000000 3617.
9.79318000000000 3499.
9.79321000000000 3574.
9.79318000000000 3685.
9.79312000000000 3487.
9.79312000000000 3625.
9.79312000000000 3515.
9.79306000000000 3586.
9.79314000000000 3705.
9.79312000000000 3566.
9.79321000000000 3426.
9.79312000000000 3489.
9.79312000000000 3442.
9.79312000000000 3536.
9.79312000000000 3666.
9.79312000000000 3625.
9.79312000000000 3705.
9.79306000000000 3469.
9.79312000000000 3530.
9.79313000000000 3609.
9.79314000000000 3500.
9.79316000000000 3573.
9.79306000000000 3477.
9.79312000000000 3632.
9.79323000000000 3546.
9.79313000000000 3637.
9.79318000000000 3500.
9.79306000000000 3557.
9.79318000000000 3531.
9.79312000000000 3609.
9.79306000000000 3537.
9.79318000000000 3571.
9.79312000000000 3618.
9.79314000000000 3469.
9.79314000000000 3481.
9.79314000000000 3545.
9.79306000000000 3489.
9.79312000000000 3482.
9.79306000000000 3331.
9.79306000000000 3663.
9.79306000000000 3484.
9.79312000000000 3627.
9.79312000000000 3503.
9.79315000000000 3570.
9.79318000000000 3559.
9.79306000000000 3536.
9.79312000000000 3472.
9.79313000000000 3640.
9.79312000000000 3700.
9.79322000000000 3458.
9.79312000000000 3630.
9.79306000000000 3512.
9.79312000000000 3597.
9.79306000000000 3624.
9.79306000000000 3547.
9.79314000000000 3580.
9.79322000000000 3537.
9.79306000000000 3496.
9.79308000000000 3417.
9.79315000000000 3632.
9.79314000000000 3625.
9.79314000000000 3570.
9.79314000000000 3537.
9.79306000000000 3602.
9.79312000000000 3494.
9.79321000000000 3450.
9.79306000000000 3596.
9.79312000000000 3634.
9.79312000000000 3544.
9.79314000000000 3570.
9.79306000000000 3484.
9.79312000000000 3633.
9.79306000000000 3465.
9.79314000000000 3634.
9.79307000000000 3739.
9.79308000000000 3551.
9.79314000000000 3546.
9.79306000000000 3452.
9.79315000000000 3571.
9.79306000000000 3640.
9.79308000000000 3579.
9.79312000000000 3607.
9.79306000000000 3467.
9.79306000000000 3585.
9.79321000000000 3541.
9.79319000000000 3477.
9.79306000000000 3538.
9.79308000000000 3638.
9.79312000000000 3629.
9.79306000000000 3483.
9.79306000000000 3563.
9.79307000000000 3583.
9.79307000000000 3597.
9.79307000000000 3506.
9.79318000000000 3523.
9.79322000000000 3565.
9.79322000000000 3547.
9.79323000000000 3580.
9.79316000000000 3625.
9.79299000000000 3631.
9.79312000000000 3611.
9.79318000000000 3555.
9.79312000000000 3607.
9.79306000000000 3647.
9.79318000000000 3602.
9.79315000000000 3584.
9.79312000000000 3503.
9.79312000000000 3642.
9.79315000000000 3693.
9.79315000000000 3606.
9.79312000000000 3528.
9.79323000000000 3609.
9.79312000000000 3499.
9.79307000000000 3681.
9.79312000000000 3670.
9.79313000000000 3587.
9.79312000000000 3567.
9.79312000000000 3511.
9.79306000000000 3513.
9.79312000000000 3541.
9.79318000000000 3522.
9.79313000000000 3505.
9.79312000000000 3478.
9.79312000000000 3544.
9.79316000000000 3586.
9.79323000000000 3443.
9.79314000000000 3607.
9.79312000000000 3570.
9.79312000000000 3525.
9.79306000000000 3576.
9.79321000000000 3490.
9.79314000000000 3618.
9.79318000000000 3659.
9.79314000000000 3629.
9.79314000000000 3542.
9.79312000000000 3568.
9.79308000000000 3505.
9.79312000000000 3649.
9.79306000000000 3630.
9.79312000000000 3507.
9.79318000000000 3526.
9.79312000000000 3530.
9.79312000000000 3595.
9.79318000000000 3574.
9.79313000000000 3578.
9.79318000000000 3526.
9.79312000000000 3623.
9.79312000000000 3371.
9.79308000000000 3532.
9.79312000000000 3426.
9.79323000000000 3526.
9.79316000000000 3590.
9.79312000000000 3565.
9.79317000000000 3538.
9.79315000000000 3568.
9.79318000000000 3641.
9.79321000000000 3508.
9.79315000000000 3677.
9.79312000000000 3563.
9.79312000000000 3595.
9.79308000000000 3718.
9.79313000000000 3456.
9.79313000000000 3544.
9.79312000000000 3452.
9.79312000000000 3512.
9.79312000000000 3529.
9.79318000000000 3610.
9.79306000000000 3599.
9.79316000000000 3651.
9.79307000000000 3641.
9.79314000000000 3521.
9.79307000000000 3499.
9.79312000000000 3604.
9.79312000000000 3539.
9.79321000000000 3672.
9.79306000000000 3516.
9.79313000000000 3584.
9.79318000000000 3662.
9.79318000000000 3461.
9.79306000000000 3596.
9.79312000000000 3531.
9.79306000000000 3602.
9.79318000000000 3501.
9.79313000000000 3584.
9.79312000000000 3614.
9.79318000000000 3569.
9.79306000000000 3658.
9.79312000000000 3611.
9.79312000000000 3642.
9.79306000000000 3429.
