9.79312000000000 2005.
9.79312000000000 2005.
9.79312000000000 1986.
9.79312000000000 2036.
9.79325000000000 1985.
9.79325000000000 1985.
9.79312000000000 1969.
9.79311000000000 2025.
9.79311000000000 2121.
9.79311000000000 2121.
9.79298000000000 2010.
9.79311000000000 2085.
9.79302000000000 2038.
9.79325000000000 2011.
9.79325000000000 2011.
9.79298000000000 1982.
9.79325000000000 2013.
9.79312000000000 2036.
9.79312000000000 2036.
9.79312000000000 2036.
9.79325000000000 2088.
9.79312000000000 2093.
9.79312000000000 2093.
9.79311000000000 1991.
9.79312000000000 1980.
9.79302000000000 2047.
9.79312000000000 2102.
9.79312000000000 2102.
9.79312000000000 2051.
9.79302000000000 2006.
9.79312000000000 2061.
9.79312000000000 2061.
9.79325000000000 2089.
9.79312000000000 1971.
9.79312000000000 2021.
9.79312000000000 2021.
9.79312000000000 2069.
9.79312000000000 2023.
9.79312000000000 1999.
9.79312000000000 1999.
9.79311000000000 2101.
9.79311000000000 2014.
9.79312000000000 2021.
9.79312000000000 2021.
9.79311000000000 2054.
9.79312000000000 2035.
9.79325000000000 2002.
9.79325000000000 1936.
9.79325000000000 1936.
9.79325000000000 2073.
9.79312000000000 1992.
9.79312000000000 2016.
9.79312000000000 2016.
9.79312000000000 2057.
9.79325000000000 2050.
9.79311000000000 1959.
9.79311000000000 1959.
9.79312000000000 1983.
9.79312000000000 2000.
9.79312000000000 2058.
9.79312000000000 2058.
9.79312000000000 2013.
9.79325000000000 2059.
9.79325000000000 1978.
9.79312000000000 2021.
9.79312000000000 2021.
9.79312000000000 1988.
9.79312000000000 1995.
9.79302000000000 1990.
9.79302000000000 1990.
9.79325000000000 1964.
9.79325000000000 1921.
9.79312000000000 2020.
9.79312000000000 2020.
9.79311000000000 2004.
9.79325000000000 2071.
9.79325000000000 2035.
9.79325000000000 2035.
9.79325000000000 2128.
9.79302000000000 2079.
9.79325000000000 2057.
9.79312000000000 2004.
9.79312000000000 2004.
9.79302000000000 2044.
9.79325000000000 2034.
9.79311000000000 2085.
9.79311000000000 2085.
9.79325000000000 1984.
9.79312000000000 2105.
9.79302000000000 1964.
9.79325000000000 2068.
9.79325000000000 2068.
9.79312000000000 2027.
9.79310000000000 1905.
9.79312000000000 2098.
9.79312000000000 2098.
9.79312000000000 2101.
9.79325000000000 2048.
9.79312000000000 2076.
9.79312000000000 2076.
9.79312000000000 1969.
9.79325000000000 2036.
9.79312000000000 2082.
9.79312000000000 2082.
9.79302000000000 1986.
9.79312000000000 2042.
9.79298000000000 2028.
9.79312000000000 2013.
9.79312000000000 2013.
9.79325000000000 2120.
9.79325000000000 2031.
9.79298000000000 1983.
9.79298000000000 1983.
9.79325000000000 2079.
9.79325000000000 2034.
9.79302000000000 2039.
9.79302000000000 2039.
9.79298000000000 2086.
9.79325000000000 2063.
9.79312000000000 1970.
9.79312000000000 2032.
9.79312000000000 2032.
9.79311000000000 2057.
9.79302000000000 2016.
9.79325000000000 2077.
9.79325000000000 2077.
9.79312000000000 1991.
9.79293000000000 2064.
9.79312000000000 2066.
9.79312000000000 2066.
9.79312000000000 2101.
9.79312000000000 2120.
9.79311000000000 2043.
9.79311000000000 2043.
9.79312000000000 2065.
9.79312000000000 2072.
9.79311000000000 2042.
9.79312000000000 2011.
9.79312000000000 2011.
9.79312000000000 2000.
9.79325000000000 2123.
9.79312000000000 2063.
9.79312000000000 2063.
9.79311000000000 1999.
9.79325000000000 1999.
9.79302000000000 2028.
9.79302000000000 2028.
9.79312000000000 2107.
9.79312000000000 2069.
9.79312000000000 2009.
9.79302000000000 1985.
9.79302000000000 1985.
9.79312000000000 2067.
9.79325000000000 2047.
9.79312000000000 2021.
9.79312000000000 2021.
9.79312000000000 2067.
9.79312000000000 2077.
9.79311000000000 2093.
9.79311000000000 2093.
9.79312000000000 2070.
9.79312000000000 2002.
9.79312000000000 2104.
9.79312000000000 2104.
9.79312000000000 2023.
9.79312000000000 2023.
9.79325000000000 2042.
9.79292000000000 2017.
9.79292000000000 2017.
9.79325000000000 2146.
9.79312000000000 1930.
9.79325000000000 2012.
9.79325000000000 2012.
9.79312000000000 2079.
9.79325000000000 2064.
9.79302000000000 2008.
9.79325000000000 2094.
9.79325000000000 2094.
9.79325000000000 2087.
9.79311000000000 2061.
9.79312000000000 2044.
9.79312000000000 2044.
9.79312000000000 2014.
9.79312000000000 2021.
9.79312000000000 2065.
9.79312000000000 2065.
9.79302000000000 2040.
9.79285000000000 2027.
9.79325000000000 2047.
9.79325000000000 2126.
9.79325000000000 2126.
9.79312000000000 2039.
9.79312000000000 2040.
9.79302000000000 2014.
9.79312000000000 1926.
9.79312000000000 1926.
9.79302000000000 2091.
9.79312000000000 2090.
9.79311000000000 2036.
9.79311000000000 2036.
9.79311000000000 2019.
9.79325000000000 1976.
9.79302000000000 2066.
9.79302000000000 2066.
9.79312000000000 1945.
9.79312000000000 1990.
9.79325000000000 2070.
9.79312000000000 2021.
9.79312000000000 2021.
9.79325000000000 2061.
9.79311000000000 2020.
9.79312000000000 2019.
9.79312000000000 2019.
9.79311000000000 2066.
9.79312000000000 2093.
9.79312000000000 2007.
9.79312000000000 2007.
9.79302000000000 2003.
9.79312000000000 2020.
9.79312000000000 2080.
9.79312000000000 1999.
9.79312000000000 1999.
9.79302000000000 2111.
9.79311000000000 2044.
9.79312000000000 2076.
9.79312000000000 2076.
9.79312000000000 2023.
9.79302000000000 2007.
9.79325000000000 2112.
9.79325000000000 2112.
9.79311000000000 2030.
9.79325000000000 2012.
9.79312000000000 2000.
9.79325000000000 2061.
9.79325000000000 2061.
9.79312000000000 1976.
9.79312000000000 2070.
9.79325000000000 2094.
9.79325000000000 2094.
9.79325000000000 2076.
9.79312000000000 2019.
9.79311000000000 1990.
9.79311000000000 1990.
9.79325000000000 2030.
9.79302000000000 1918.
9.79325000000000 1968.
9.79302000000000 2055.
9.79302000000000 2055.
9.79312000000000 2009.
9.79311000000000 2003.
9.79312000000000 2018.
9.79312000000000 2018.
9.79311000000000 1886.
9.79312000000000 2032.
9.79312000000000 2013.
9.79298000000000 1981.
9.79298000000000 1981.
9.79325000000000 1942.
9.79312000000000 1912.
9.79311000000000 1990.
9.79312000000000 1979.
9.79312000000000 1979.
9.79310000000000 2086.
9.79312000000000 2066.
9.79313000000000 2056.
9.79313000000000 2056.
9.79312000000000 2059.
9.79312000000000 1966.
9.79325000000000 2031.
9.79312000000000 1962.
9.79312000000000 1962.
9.79311000000000 2006.
9.79312000000000 1975.
9.79302000000000 1978.
9.79302000000000 1978.
9.79312000000000 2082.
9.79312000000000 1912.
9.79292000000000 2067.
9.79292000000000 2067.
9.79312000000000 2054.
9.79312000000000 2016.
9.79312000000000 2053.
9.79312000000000 1975.
9.79312000000000 1975.
9.79325000000000 2072.
9.79311000000000 1953.
9.79325000000000 2020.
9.79325000000000 2020.
9.79311000000000 1859.
9.79312000000000 1974.
9.79312000000000 2032.
9.79312000000000 2032.
9.79298000000000 2005.
9.79311000000000 2100.
9.79312000000000 2011.
9.79298000000000 2039.
9.79298000000000 2039.
9.79310000000000 1983.
9.79325000000000 2006.
9.79311000000000 2069.
9.79311000000000 2069.
9.79311000000000 2028.
9.79325000000000 2072.
9.79311000000000 1924.
9.79311000000000 1924.
9.79325000000000 2050.
9.79312000000000 2045.
9.79312000000000 2111.
9.79325000000000 1951.
9.79325000000000 1951.
9.79292000000000 1984.
9.79325000000000 2050.
9.79325000000000 2067.
9.79325000000000 2067.
9.79325000000000 2024.
9.79312000000000 1981.
9.79293000000000 2069.
9.79293000000000 2069.
9.79325000000000 2067.
9.79325000000000 2037.
9.79312000000000 1985.
9.79311000000000 2046.
9.79311000000000 2046.
9.79312000000000 1991.
9.79311000000000 2054.
9.79312000000000 1965.
9.79312000000000 1965.
9.79325000000000 1912.
9.79311000000000 2025.
9.79302000000000 2033.
9.79302000000000 2033.
9.79312000000000 1976.
9.79325000000000 2028.
9.79311000000000 1984.
9.79311000000000 1984.
9.79302000000000 1989.
9.79311000000000 2044.
9.79302000000000 1968.
9.79311000000000 1982.
9.79311000000000 1982.
9.79312000000000 1991.
9.79312000000000 2007.
9.79312000000000 2049.
9.79312000000000 2049.
9.79312000000000 2131.
9.79325000000000 2098.
9.79325000000000 2008.
9.79325000000000 2008.
9.79311000000000 2049.
9.79312000000000 2009.
9.79311000000000 2002.
9.79312000000000 2004.
9.79312000000000 2004.
9.79293000000000 2087.
9.79312000000000 2087.
9.79302000000000 2020.
9.79302000000000 2020.
9.79311000000000 2022.
9.79312000000000 2121.
9.79312000000000 2051.
9.79312000000000 2051.
9.79312000000000 1922.
9.79325000000000 2068.
9.79312000000000 2083.
9.79312000000000 2083.
9.79312000000000 2097.
9.79312000000000 2052.
9.79312000000000 2120.
9.79302000000000 2116.
9.79302000000000 2116.
9.79325000000000 2089.
9.79311000000000 2020.
9.79325000000000 2039.
9.79325000000000 2039.
9.79311000000000 2013.
9.79312000000000 2029.
9.79312000000000 2020.
9.79312000000000 2020.
9.79325000000000 1988.
9.79312000000000 2080.
9.79298000000000 2082.
9.79298000000000 2082.
9.79312000000000 2001.
9.79312000000000 1993.
9.79302000000000 2011.
9.79298000000000 2030.
9.79298000000000 2030.
9.79312000000000 2100.
9.79325000000000 2075.
9.79311000000000 1974.
9.79311000000000 1974.
9.79312000000000 2017.
9.79302000000000 2054.
9.79325000000000 2057.
9.79325000000000 2057.
9.79325000000000 2010.
9.79312000000000 1969.
9.79324000000000 2056.
9.79302000000000 1911.
9.79302000000000 1911.
9.79312000000000 2088.
9.79312000000000 2016.
9.79312000000000 2084.
9.79312000000000 2084.
9.79325000000000 2029.
9.79325000000000 2081.
9.79325000000000 2090.
9.79325000000000 2090.
9.79325000000000 2075.
9.79325000000000 2077.
9.79325000000000 2063.
9.79325000000000 2063.
9.79312000000000 2061.
9.79312000000000 2004.
9.79311000000000 2087.
9.79311000000000 2055.
9.79311000000000 2055.
9.79302000000000 1991.
9.79312000000000 1978.
9.79298000000000 1984.
9.79298000000000 1984.
9.79312000000000 2087.
9.79302000000000 1965.
9.79311000000000 2066.
9.79311000000000 2066.
9.79312000000000 1954.
9.79312000000000 2053.
9.79312000000000 1995.
9.79312000000000 1995.
9.79312000000000 2033.
9.79302000000000 2088.
9.79312000000000 2057.
9.79311000000000 1997.
9.79311000000000 1997.
9.79311000000000 1950.
9.79311000000000 2033.
9.79312000000000 2039.
9.79312000000000 2039.
9.79302000000000 2049.
9.79325000000000 2076.
9.79312000000000 1974.
9.79312000000000 1974.
9.79311000000000 2067.
9.79312000000000 2060.
9.79312000000000 2102.
9.79312000000000 2078.
9.79312000000000 2078.
9.79312000000000 1922.
9.79325000000000 2026.
9.79311000000000 2034.
9.79311000000000 2034.
9.79325000000000 1976.
9.79311000000000 1950.
9.79312000000000 2016.
9.79312000000000 2016.
9.79285000000000 2096.
9.79312000000000 2113.
9.79312000000000 1981.
9.79312000000000 1981.
9.79325000000000 2064.
9.79325000000000 2009.
9.79312000000000 2074.
9.79312000000000 1989.
9.79312000000000 1989.
9.79325000000000 2062.
9.79312000000000 2107.
9.79298000000000 2139.
9.79298000000000 2139.
9.79312000000000 2125.
9.79312000000000 2089.
9.79312000000000 2039.
9.79312000000000 2039.
9.79311000000000 2064.
9.79312000000000 2096.
9.79312000000000 2119.
9.79325000000000 2060.
9.79325000000000 2060.
9.79312000000000 2137.
9.79325000000000 2036.
9.79311000000000 2014.
9.79311000000000 2014.
9.79325000000000 2096.
9.79312000000000 2084.
9.79312000000000 2001.
9.79312000000000 2001.
9.79302000000000 2061.
9.79302000000000 2060.
9.79312000000000 2064.
9.79312000000000 1985.
9.79312000000000 1985.
9.79312000000000 2058.
9.79292000000000 2075.
9.79312000000000 2038.
9.79312000000000 2038.
9.79312000000000 2030.
9.79312000000000 2051.
9.79302000000000 2054.
9.79302000000000 2054.
9.79325000000000 2076.
9.79312000000000 2031.
