9.79259000000000 4135.
9.79259000000000 4282.
9.79259000000000 4315.
9.79259000000000 4204.
9.79259000000000 4216.
9.79259000000000 4243.
9.79259000000000 4329.
9.79259000000000 4354.
9.79254000000000 4194.
9.79259000000000 4359.
9.79259000000000 4266.
9.79259000000000 4233.
9.79259000000000 4303.
9.79259000000000 4198.
9.79254000000000 4338.
9.79259000000000 4294.
9.79259000000000 4304.
9.79259000000000 4222.
9.79256000000000 4354.
9.79259000000000 4331.
9.79259000000000 4349.
9.79259000000000 4212.
9.79259000000000 4293.
9.79259000000000 4133.
9.79259000000000 4259.
9.79259000000000 4183.
9.79259000000000 4201.
9.79259000000000 4333.
9.79258000000000 4255.
9.79259000000000 4297.
9.79259000000000 4370.
9.79259000000000 4207.
9.79259000000000 4227.
9.79259000000000 4313.
9.79259000000000 4218.
9.79259000000000 4173.
9.79259000000000 4319.
9.79259000000000 4176.
9.79259000000000 4266.
9.79259000000000 4252.
9.79259000000000 4277.
9.79259000000000 4269.
9.79259000000000 4266.
9.79258000000000 4218.
9.79259000000000 4235.
9.79258000000000 4229.
9.79259000000000 4294.
9.79259000000000 4248.
9.79259000000000 4134.
9.79259000000000 4220.
9.79259000000000 4222.
9.79259000000000 4241.
9.79259000000000 4304.
9.79259000000000 4211.
9.79259000000000 4220.
9.79259000000000 4167.
9.79259000000000 4273.
9.79259000000000 4164.
9.79259000000000 4330.
9.79258000000000 4233.
9.79259000000000 4252.
9.79259000000000 4336.
9.79259000000000 4219.
9.79259000000000 4226.
9.79259000000000 4219.
9.79259000000000 4283.
9.79259000000000 4242.
9.79259000000000 4186.
9.79259000000000 4189.
9.79259000000000 4212.
9.79259000000000 4216.
9.79259000000000 4221.
9.79259000000000 4323.
9.79259000000000 4269.
9.79259000000000 4162.
9.79259000000000 4270.
9.79259000000000 4230.
9.79259000000000 4263.
9.79259000000000 4116.
9.79259000000000 4315.
9.79259000000000 4287.
9.79259000000000 4295.
9.79259000000000 4136.
9.79259000000000 4314.
9.79259000000000 4295.
9.79259000000000 4270.
9.79259000000000 4281.
9.79259000000000 4168.
9.79259000000000 4212.
9.79259000000000 4264.
9.79259000000000 4321.
9.79259000000000 4247.
9.79259000000000 4260.
9.79258000000000 4444.
9.79259000000000 4262.
9.79259000000000 4339.
9.79259000000000 4299.
9.79259000000000 4207.
9.79259000000000 4388.
9.79259000000000 4199.
9.79259000000000 4272.
9.79259000000000 4207.
9.79259000000000 4300.
9.79259000000000 4217.
9.79259000000000 4070.
9.79259000000000 4221.
9.79259000000000 4282.
9.79259000000000 4241.
9.79259000000000 4254.
9.79259000000000 4301.
9.79259000000000 4206.
9.79259000000000 4254.
9.79259000000000 4246.
9.79259000000000 4348.
9.79259000000000 4352.
9.79255000000000 4361.
9.79259000000000 4257.
9.79254000000000 4209.
9.79259000000000 4326.
9.79259000000000 4321.
9.79259000000000 4338.
9.79260000000000 4220.
9.79259000000000 4329.
9.79259000000000 4309.
9.79254000000000 4120.
9.79259000000000 4169.
9.79259000000000 4300.
9.79258000000000 4291.
9.79254000000000 4345.
9.79259000000000 4070.
9.79259000000000 4245.
9.79259000000000 4341.
9.79259000000000 4171.
9.79259000000000 4209.
9.79259000000000 4278.
9.79259000000000 4210.
9.79254000000000 4134.
9.79259000000000 4275.
9.79259000000000 4226.
9.79259000000000 4223.
9.79258000000000 4337.
9.79259000000000 4316.
9.79259000000000 4156.
9.79259000000000 4244.
9.79254000000000 4241.
9.79259000000000 4212.
9.79259000000000 4179.
9.79259000000000 4222.
9.79259000000000 4165.
9.79259000000000 4227.
9.79259000000000 4281.
9.79259000000000 4312.
9.79259000000000 4122.
9.79259000000000 4231.
9.79259000000000 4308.
9.79259000000000 4242.
9.79259000000000 4258.
9.79259000000000 4239.
9.79259000000000 4106.
9.79259000000000 4433.
9.79259000000000 4205.
9.79259000000000 4310.
9.79259000000000 4208.
9.79259000000000 4311.
9.79259000000000 4310.
9.79259000000000 4238.
9.79259000000000 4287.
9.79259000000000 4261.
9.79259000000000 4266.
9.79259000000000 4401.
9.79259000000000 4358.
9.79258000000000 4263.
9.79258000000000 4197.
9.79259000000000 4246.
9.79259000000000 4249.
9.79259000000000 4226.
9.79259000000000 4244.
9.79259000000000 4153.
9.79259000000000 4306.
9.79259000000000 4295.
9.79259000000000 4213.
9.79259000000000 4346.
9.79259000000000 4297.
9.79259000000000 4251.
9.79259000000000 4280.
9.79259000000000 4236.
9.79259000000000 4257.
9.79259000000000 4241.
9.79259000000000 4415.
9.79259000000000 4289.
9.79254000000000 4168.
9.79259000000000 4446.
9.79259000000000 4165.
9.79259000000000 4233.
9.79259000000000 4222.
9.79259000000000 4265.
9.79259000000000 4278.
9.79259000000000 4132.
9.79259000000000 4078.
9.79259000000000 4244.
9.79259000000000 4265.
9.79259000000000 4227.
9.79259000000000 4286.
9.79259000000000 4261.
9.79259000000000 4331.
9.79259000000000 4256.
9.79259000000000 4303.
9.79259000000000 4256.
9.79259000000000 4244.
9.79259000000000 4158.
9.79259000000000 4150.
9.79259000000000 4298.
9.79259000000000 4245.
9.79259000000000 4221.
9.79259000000000 4254.
9.79259000000000 4171.
9.79259000000000 4244.
9.79259000000000 4207.
9.79259000000000 4143.
9.79259000000000 4180.
9.79258000000000 4202.
9.79259000000000 4330.
9.79259000000000 4230.
9.79259000000000 4287.
9.79259000000000 4205.
9.79259000000000 4141.
9.79259000000000 4349.
9.79259000000000 4270.
9.79259000000000 4200.
9.79259000000000 4346.
9.79259000000000 4190.
9.79259000000000 4347.
9.79259000000000 4179.
9.79259000000000 4292.
9.79259000000000 4210.
9.79259000000000 4345.
9.79259000000000 4184.
9.79254000000000 4238.
9.79259000000000 4185.
9.79259000000000 4255.
9.79259000000000 4249.
9.79259000000000 4247.
9.79259000000000 4236.
9.79259000000000 4362.
9.79259000000000 4245.
9.79259000000000 4378.
9.79258000000000 4260.
9.79259000000000 4177.
9.79259000000000 4126.
9.79259000000000 4198.
9.79259000000000 4248.
9.79259000000000 4298.
9.79259000000000 4292.
9.79259000000000 4227.
9.79259000000000 4170.
9.79259000000000 4211.
9.79259000000000 4186.
9.79259000000000 4258.
9.79259000000000 4316.
9.79259000000000 4213.
9.79259000000000 4195.
9.79259000000000 4051.
9.79259000000000 4259.
9.79259000000000 4326.
9.79259000000000 4272.
9.79259000000000 4295.
9.79259000000000 4219.
9.79259000000000 4221.
9.79259000000000 4229.
9.79259000000000 4235.
9.79259000000000 4196.
9.79258000000000 4277.
9.79259000000000 4193.
9.79259000000000 4340.
9.79259000000000 4200.
9.79254000000000 4258.
9.79259000000000 4308.
9.79259000000000 4250.
9.79259000000000 4150.
9.79259000000000 4297.
9.79259000000000 4249.
9.79259000000000 4203.
9.79259000000000 4269.
9.79259000000000 4292.
9.79259000000000 4241.
9.79259000000000 4347.
9.79259000000000 4234.
9.79259000000000 4319.
9.79259000000000 4236.
9.79259000000000 4200.
9.79259000000000 4051.
9.79259000000000 4378.
9.79259000000000 4319.
9.79259000000000 4359.
9.79259000000000 4264.
9.79259000000000 4273.
9.79259000000000 4285.
9.79259000000000 4266.
9.79259000000000 4225.
9.79259000000000 4216.
9.79259000000000 4161.
9.79254000000000 4193.
9.79259000000000 4205.
9.79259000000000 4283.
9.79259000000000 4183.
9.79259000000000 4334.
9.79259000000000 4241.
9.79259000000000 4277.
9.79259000000000 4178.
9.79259000000000 4239.
9.79259000000000 4261.
9.79259000000000 4243.
9.79259000000000 4343.
9.79259000000000 4214.
9.79259000000000 4295.
9.79259000000000 4264.
9.79259000000000 4245.
9.79259000000000 4193.
9.79259000000000 4313.
9.79259000000000 4326.
9.79259000000000 4186.
9.79259000000000 4349.
9.79259000000000 4202.
9.79259000000000 4332.
9.79259000000000 4293.
9.79259000000000 4247.
9.79259000000000 4311.
9.79259000000000 4382.
9.79259000000000 4183.
9.79259000000000 4396.
9.79259000000000 4126.
9.79254000000000 4396.
9.79259000000000 4239.
9.79259000000000 4334.
9.79259000000000 4255.
9.79259000000000 4160.
9.79259000000000 4123.
9.79259000000000 4230.
9.79259000000000 4182.
9.79259000000000 4196.
9.79259000000000 4209.
9.79259000000000 4199.
9.79259000000000 4144.
9.79254000000000 4287.
9.79259000000000 4236.
9.79259000000000 4367.
9.79259000000000 4338.
9.79259000000000 4257.
9.79258000000000 4146.
9.79259000000000 4227.
9.79259000000000 4297.
9.79259000000000 4261.
9.79259000000000 4355.
9.79256000000000 4207.
9.79259000000000 4217.
9.79259000000000 4184.
9.79259000000000 4190.
9.79259000000000 4292.
9.79259000000000 4243.
9.79258000000000 4121.
9.79259000000000 4185.
9.79259000000000 4341.
9.79258000000000 4353.
9.79259000000000 4265.
9.79259000000000 4268.
9.79259000000000 4325.
9.79259000000000 4049.
9.79259000000000 4225.
9.79259000000000 4220.
9.79259000000000 4237.
9.79259000000000 4204.
9.79259000000000 4321.
9.79259000000000 4387.
9.79259000000000 4295.
9.79259000000000 4337.
9.79259000000000 4317.
9.79259000000000 4156.
9.79259000000000 4257.
9.79259000000000 4296.
9.79259000000000 4185.
9.79259000000000 4213.
9.79259000000000 4309.
9.79259000000000 4283.
9.79259000000000 4127.
9.79259000000000 4155.
9.79259000000000 4169.
9.79259000000000 4158.
9.79254000000000 4038.
9.79259000000000 4154.
9.79259000000000 4156.
9.79259000000000 4131.
9.79259000000000 4229.
9.79259000000000 4338.
9.79258000000000 4361.
9.79259000000000 4197.
9.79259000000000 4089.
9.79259000000000 4312.
9.79259000000000 4341.
9.79259000000000 4196.
9.79259000000000 4300.
9.79259000000000 4120.
9.79256000000000 4120.
9.79259000000000 4240.
9.79259000000000 4266.
9.79259000000000 4272.
9.79259000000000 4270.
9.79259000000000 4291.
9.79259000000000 4272.
9.79259000000000 4253.
9.79254000000000 4151.
9.79259000000000 4180.
9.79259000000000 4182.
9.79259000000000 4354.
9.79259000000000 4187.
9.79259000000000 4225.
9.79259000000000 4254.
9.79259000000000 4178.
9.79259000000000 4216.
9.79259000000000 4270.
9.79259000000000 4296.
9.79259000000000 4161.
9.79259000000000 4253.
9.79259000000000 4368.
9.79259000000000 4345.
9.79259000000000 4339.
9.79259000000000 4256.
9.79259000000000 4387.
9.79259000000000 4366.
9.79259000000000 4242.
9.79259000000000 4303.
9.79258000000000 4226.
9.79259000000000 4187.
9.79259000000000 4337.
9.79259000000000 4158.
9.79254000000000 4260.
9.79259000000000 4249.
9.79259000000000 4312.
9.79259000000000 4270.
9.79259000000000 4188.
9.79259000000000 4156.
9.79259000000000 4275.
9.79259000000000 4229.
9.79259000000000 4201.
9.79259000000000 4234.
9.79259000000000 4258.
9.79259000000000 4346.
9.79258000000000 4331.
9.79259000000000 4169.
9.79259000000000 4301.
9.79259000000000 4289.
9.79259000000000 4347.
9.79259000000000 4279.
9.79259000000000 4253.
9.79259000000000 4339.
9.79259000000000 4253.
9.79254000000000 4307.
9.79253000000000 4154.
9.79259000000000 4341.
9.79259000000000 4294.
9.79259000000000 4283.
9.79259000000000 4111.
9.79259000000000 4263.
9.79259000000000 4247.
9.79259000000000 4234.
9.79259000000000 4247.
9.79259000000000 4242.
9.79259000000000 4264.
9.79259000000000 4218.
9.79259000000000 4222.
9.79259000000000 4218.
9.79259000000000 4388.
9.79259000000000 4269.
9.79259000000000 4239.
9.79259000000000 4203.
9.79259000000000 4320.
9.79259000000000 4272.
9.79259000000000 4175.
9.79259000000000 4373.
9.79259000000000 4184.
9.79259000000000 4319.
9.79259000000000 4177.
9.79259000000000 4209.
9.79259000000000 4246.
9.79259000000000 4213.
9.79259000000000 4286.
9.79259000000000 4225.
9.79259000000000 4270.
9.79259000000000 4345.
9.79259000000000 4208.
9.79259000000000 4144.
9.79259000000000 4320.
9.79259000000000 4261.
9.79259000000000 4268.
9.79259000000000 4297.
9.79259000000000 4318.
9.79259000000000 4320.
9.79259000000000 4253.
9.79259000000000 4330.
9.79259000000000 4272.
9.79258000000000 4145.
