9.79254000000000 3726.
9.79254000000000 3744.
9.79246000000000 3764.
9.79254000000000 3847.
9.79254000000000 3846.
9.79254000000000 3853.
9.79246000000000 3800.
9.79254000000000 3847.
9.79254000000000 3782.
9.79239000000000 3697.
9.79254000000000 3946.
9.79254000000000 3778.
9.79254000000000 3732.
9.79254000000000 3864.
9.79254000000000 3797.
9.79254000000000 3821.
9.79254000000000 3720.
9.79254000000000 3954.
9.79254000000000 3937.
9.79239000000000 3977.
9.79254000000000 3843.
9.79254000000000 3796.
9.79254000000000 3896.
9.79254000000000 3925.
9.79254000000000 3745.
9.79254000000000 3705.
9.79254000000000 3690.
9.79254000000000 3884.
9.79246000000000 3923.
9.79254000000000 3874.
9.79239000000000 3858.
9.79254000000000 3839.
9.79254000000000 3749.
9.79239000000000 3871.
9.79254000000000 3869.
9.79254000000000 3931.
9.79239000000000 3970.
9.79246000000000 3833.
9.79254000000000 3828.
9.79254000000000 3890.
9.79254000000000 3916.
9.79254000000000 3688.
9.79239000000000 3919.
9.79239000000000 3849.
9.79254000000000 3810.
9.79254000000000 3819.
9.79239000000000 3825.
9.79246000000000 3797.
9.79254000000000 3789.
9.79254000000000 3850.
9.79254000000000 3873.
9.79254000000000 3768.
9.79254000000000 3835.
9.79254000000000 3873.
9.79254000000000 3851.
9.79246000000000 3842.
9.79254000000000 3827.
9.79254000000000 3737.
9.79254000000000 3769.
9.79254000000000 3866.
9.79254000000000 3776.
9.79254000000000 3936.
9.79259000000000 3651.
9.79254000000000 3844.
9.79239000000000 3880.
9.79254000000000 3624.
9.79254000000000 3742.
9.79254000000000 4002.
9.79239000000000 3809.
9.79254000000000 3816.
9.79254000000000 3774.
9.79239000000000 3694.
9.79239000000000 3765.
9.79254000000000 3855.
9.79254000000000 3669.
9.79254000000000 3833.
9.79254000000000 3757.
9.79254000000000 3910.
9.79239000000000 3665.
9.79254000000000 3799.
9.79254000000000 3699.
9.79254000000000 3854.
9.79254000000000 3695.
9.79254000000000 3747.
9.79254000000000 3880.
9.79254000000000 3959.
9.79254000000000 3843.
9.79254000000000 3924.
9.79254000000000 3846.
9.79254000000000 3832.
9.79246000000000 3789.
9.79254000000000 3847.
9.79254000000000 3809.
9.79254000000000 3889.
9.79254000000000 3758.
9.79254000000000 3731.
9.79254000000000 3707.
9.79239000000000 3964.
9.79254000000000 3753.
9.79254000000000 3808.
9.79254000000000 3861.
9.79254000000000 3829.
9.79254000000000 3879.
9.79254000000000 3736.
9.79254000000000 3798.
9.79254000000000 3796.
9.79254000000000 3957.
9.79254000000000 3802.
9.79254000000000 3830.
9.79254000000000 3928.
9.79246000000000 3698.
9.79254000000000 3885.
9.79254000000000 3852.
9.79254000000000 3756.
9.79254000000000 3924.
9.79246000000000 3671.
9.79254000000000 3903.
9.79254000000000 3735.
9.79254000000000 3855.
9.79254000000000 3732.
9.79246000000000 3831.
9.79254000000000 3746.
9.79239000000000 3691.
9.79254000000000 3791.
9.79254000000000 3722.
9.79239000000000 4012.
9.79254000000000 3846.
9.79254000000000 3777.
9.79239000000000 3902.
9.79243000000000 3865.
9.79239000000000 3719.
9.79254000000000 3791.
9.79239000000000 3803.
9.79239000000000 3752.
9.79254000000000 3796.
9.79254000000000 3745.
9.79239000000000 3794.
9.79254000000000 3760.
9.79239000000000 3751.
9.79254000000000 3764.
9.79254000000000 3817.
9.79254000000000 3844.
9.79239000000000 3887.
9.79254000000000 3837.
9.79254000000000 3811.
9.79239000000000 3786.
9.79254000000000 3869.
9.79239000000000 3843.
9.79254000000000 3742.
9.79254000000000 3649.
9.79254000000000 3957.
9.79254000000000 3709.
9.79246000000000 3763.
9.79254000000000 3814.
9.79254000000000 3892.
9.79254000000000 3947.
9.79254000000000 3862.
9.79246000000000 3776.
9.79254000000000 3872.
9.79254000000000 3746.
9.79254000000000 3746.
9.79254000000000 3818.
9.79254000000000 3803.
9.79246000000000 3764.
9.79254000000000 3852.
9.79239000000000 3898.
9.79254000000000 3917.
9.79254000000000 3794.
9.79254000000000 3760.
9.79254000000000 3816.
9.79254000000000 3839.
9.79254000000000 3744.
9.79254000000000 3854.
9.79254000000000 3846.
9.79254000000000 3826.
9.79239000000000 3863.
9.79254000000000 3845.
9.79254000000000 3726.
9.79254000000000 3828.
9.79254000000000 3880.
9.79254000000000 3987.
9.79254000000000 3814.
9.79254000000000 3925.
9.79254000000000 3697.
9.79254000000000 3800.
9.79254000000000 3814.
9.79239000000000 3627.
9.79254000000000 3888.
9.79254000000000 3798.
9.79259000000000 3662.
9.79254000000000 3854.
9.79254000000000 3785.
9.79254000000000 3759.
9.79239000000000 3891.
9.79254000000000 3739.
9.79254000000000 3852.
9.79254000000000 3777.
9.79239000000000 3848.
9.79254000000000 3922.
9.79254000000000 3833.
9.79254000000000 3728.
9.79239000000000 3788.
9.79254000000000 3836.
9.79254000000000 3726.
9.79249000000000 3813.
9.79254000000000 3805.
9.79254000000000 3849.
9.79254000000000 3841.
9.79239000000000 3872.
9.79254000000000 3861.
9.79254000000000 3745.
9.79254000000000 3958.
9.79254000000000 3715.
9.79254000000000 3904.
9.79254000000000 3894.
9.79254000000000 3872.
9.79239000000000 3717.
9.79254000000000 3749.
9.79254000000000 3918.
9.79254000000000 3762.
9.79254000000000 3834.
9.79254000000000 3808.
9.79254000000000 3739.
9.79254000000000 3958.
9.79254000000000 3920.
9.79254000000000 3713.
9.79254000000000 3674.
9.79254000000000 3700.
9.79254000000000 3837.
9.79254000000000 3931.
9.79254000000000 3840.
9.79239000000000 3898.
9.79254000000000 3851.
9.79254000000000 3905.
9.79254000000000 3828.
9.79239000000000 3795.
9.79239000000000 3747.
9.79254000000000 3903.
9.79254000000000 3842.
9.79254000000000 3832.
9.79254000000000 3848.
9.79246000000000 3864.
9.79246000000000 3872.
9.79254000000000 3911.
9.79249000000000 3871.
9.79254000000000 3851.
9.79254000000000 3774.
9.79246000000000 3870.
9.79254000000000 3587.
9.79254000000000 3806.
9.79246000000000 3782.
9.79254000000000 3673.
9.79246000000000 3807.
9.79254000000000 3880.
9.79254000000000 3857.
9.79254000000000 3841.
9.79254000000000 3803.
9.79246000000000 3928.
9.79254000000000 3790.
9.79246000000000 3764.
9.79254000000000 3841.
9.79239000000000 3724.
9.79254000000000 3797.
9.79254000000000 3667.
9.79249000000000 3797.
9.79254000000000 3723.
9.79254000000000 3897.
9.79246000000000 3974.
9.79254000000000 3658.
9.79254000000000 3898.
9.79254000000000 3898.
9.79259000000000 3898.
9.79254000000000 3778.
9.79254000000000 3873.
9.79254000000000 3882.
9.79249000000000 3734.
9.79239000000000 3749.
9.79254000000000 3823.
9.79254000000000 3804.
9.79254000000000 3951.
9.79239000000000 3859.
9.79254000000000 3774.
9.79254000000000 3717.
9.79239000000000 3884.
9.79254000000000 3728.
9.79254000000000 3739.
9.79254000000000 3785.
9.79246000000000 3904.
9.79254000000000 3712.
9.79254000000000 3702.
9.79235000000000 3764.
9.79254000000000 3930.
9.79239000000000 3805.
9.79254000000000 3949.
9.79254000000000 3762.
9.79254000000000 3921.
9.79254000000000 3982.
9.79254000000000 3828.
9.79254000000000 3787.
9.79254000000000 3623.
9.79254000000000 3856.
9.79254000000000 3938.
9.79254000000000 3833.
9.79239000000000 3866.
9.79254000000000 3813.
9.79254000000000 3797.
9.79254000000000 3881.
9.79254000000000 3833.
9.79254000000000 3870.
9.79254000000000 3764.
9.79254000000000 3932.
9.79254000000000 3788.
9.79254000000000 3725.
9.79239000000000 3711.
9.79254000000000 3909.
9.79254000000000 3772.
9.79254000000000 3843.
9.79254000000000 3776.
9.79239000000000 3870.
9.79254000000000 3808.
9.79254000000000 3946.
9.79254000000000 3713.
9.79254000000000 3808.
9.79246000000000 3891.
9.79254000000000 3713.
9.79254000000000 3796.
9.79254000000000 3723.
9.79254000000000 3840.
9.79254000000000 3867.
9.79254000000000 3829.
9.79239000000000 3764.
9.79254000000000 3797.
9.79254000000000 3822.
9.79239000000000 3796.
9.79254000000000 3701.
9.79254000000000 3789.
9.79254000000000 3719.
9.79254000000000 3822.
9.79254000000000 3819.
9.79240000000000 3797.
9.79254000000000 3826.
9.79239000000000 3653.
9.79254000000000 3943.
9.79254000000000 3768.
9.79254000000000 3866.
9.79254000000000 3752.
9.79254000000000 3828.
9.79254000000000 3763.
9.79246000000000 3712.
9.79254000000000 3736.
9.79254000000000 3889.
9.79239000000000 3849.
9.79254000000000 3878.
9.79254000000000 3922.
9.79254000000000 3815.
9.79239000000000 3636.
9.79254000000000 3830.
9.79254000000000 3762.
9.79254000000000 3845.
9.79239000000000 3962.
9.79254000000000 3883.
9.79254000000000 3861.
9.79239000000000 3635.
9.79254000000000 3828.
9.79254000000000 3681.
9.79254000000000 3741.
9.79254000000000 3970.
9.79254000000000 3713.
9.79246000000000 3739.
9.79254000000000 3709.
9.79246000000000 3840.
9.79254000000000 3780.
9.79239000000000 3839.
9.79254000000000 3785.
9.79254000000000 3805.
9.79254000000000 3739.
9.79254000000000 3767.
9.79254000000000 3895.
9.79246000000000 3669.
9.79254000000000 3749.
9.79246000000000 3806.
9.79254000000000 3939.
9.79254000000000 3866.
9.79254000000000 3914.
9.79254000000000 3709.
9.79246000000000 3829.
9.79246000000000 3727.
9.79254000000000 3845.
9.79254000000000 3805.
9.79254000000000 3895.
9.79254000000000 3900.
9.79254000000000 3794.
9.79254000000000 3739.
9.79254000000000 3861.
9.79254000000000 3801.
9.79254000000000 3938.
9.79254000000000 3849.
9.79254000000000 3994.
9.79254000000000 3858.
9.79254000000000 3812.
9.79254000000000 3876.
9.79246000000000 3862.
9.79254000000000 3766.
9.79254000000000 3810.
9.79254000000000 3814.
9.79254000000000 3757.
9.79239000000000 3828.
9.79246000000000 3816.
9.79254000000000 3682.
9.79254000000000 3839.
9.79254000000000 3729.
9.79254000000000 3824.
9.79254000000000 3708.
9.79254000000000 3774.
9.79254000000000 3862.
9.79254000000000 3878.
9.79246000000000 3890.
9.79254000000000 3929.
9.79249000000000 3874.
9.79254000000000 3958.
9.79254000000000 3821.
9.79254000000000 3895.
9.79239000000000 3722.
9.79254000000000 3731.
9.79254000000000 3818.
9.79254000000000 3687.
9.79246000000000 3871.
9.79254000000000 3857.
9.79254000000000 3836.
9.79254000000000 3829.
9.79254000000000 3818.
9.79254000000000 3844.
9.79254000000000 3889.
9.79254000000000 3806.
9.79254000000000 3711.
9.79254000000000 3695.
9.79254000000000 3748.
9.79254000000000 3802.
9.79259000000000 3941.
9.79254000000000 3829.
9.79254000000000 3873.
9.79254000000000 3853.
9.79254000000000 3828.
9.79254000000000 3831.
9.79239000000000 3754.
9.79239000000000 3766.
9.79254000000000 3666.
9.79246000000000 3785.
9.79254000000000 3921.
9.79254000000000 3890.
9.79246000000000 3849.
9.79254000000000 3800.
9.79254000000000 3679.
9.79254000000000 3863.
9.79254000000000 3766.
9.79254000000000 3642.
9.79254000000000 3870.
9.79254000000000 3834.
9.79254000000000 3726.
9.79254000000000 3768.
9.79239000000000 3778.
9.79254000000000 3763.
9.79254000000000 3881.
9.79254000000000 3858.
9.79239000000000 3884.
9.79254000000000 3661.
9.79254000000000 3731.
9.79254000000000 3800.
9.79254000000000 3853.
9.79254000000000 3894.
9.79246000000000 3795.
9.79239000000000 3924.
9.79254000000000 3752.
9.79249000000000 3899.
9.79254000000000 3762.
9.79254000000000 3940.
9.79254000000000 3805.
9.79249000000000 3920.
9.79254000000000 3821.
9.79254000000000 3775.
9.79254000000000 3902.
9.79254000000000 3812.
9.79254000000000 3848.
9.79239000000000 3795.
9.79254000000000 3868.
9.79254000000000 3763.
9.79254000000000 3995.
9.79254000000000 3911.
9.79254000000000 3794.
9.79254000000000 3875.
9.79254000000000 3775.
9.79254000000000 3824.
9.79254000000000 3850.
9.79254000000000 3828.
9.79254000000000 3905.
9.79249000000000 3823.
9.79254000000000 3818.
9.79254000000000 3818.
9.79254000000000 3817.
9.79254000000000 3651.
