9.79426000000000 5903.
9.79442000000000 5943.
9.79433000000000 5927.
9.79433000000000 6059.
9.79426000000000 6014.
9.79437000000000 6059.
9.79433000000000 6081.
9.79433000000000 5944.
9.79433000000000 5979.
9.79433000000000 5978.
9.79433000000000 6103.
9.79433000000000 5941.
9.79433000000000 6014.
9.79441000000000 5858.
9.79433000000000 5894.
9.79433000000000 6017.
9.79433000000000 5959.
9.79433000000000 5968.
9.79433000000000 5951.
9.79433000000000 5908.
9.79433000000000 6002.
9.79433000000000 5900.
9.79433000000000 6108.
9.79433000000000 5985.
9.79433000000000 6118.
9.79433000000000 5907.
9.79426000000000 6008.
9.79433000000000 5957.
9.79426000000000 6128.
9.79433000000000 5881.
9.79433000000000 6071.
9.79433000000000 5854.
9.79433000000000 5865.
9.79427000000000 5951.
9.79433000000000 6061.
9.79433000000000 6121.
9.79433000000000 6008.
9.79433000000000 5996.
9.79433000000000 5887.
9.79426000000000 5860.
9.79433000000000 5847.
9.79433000000000 5983.
9.79433000000000 6018.
9.79426000000000 5968.
9.79433000000000 5802.
9.79433000000000 5869.
9.79433000000000 5792.
9.79435000000000 5977.
9.79433000000000 6001.
9.79433000000000 5826.
9.79426000000000 5935.
9.79433000000000 5826.
9.79433000000000 5973.
9.79426000000000 5902.
9.79433000000000 6125.
9.79433000000000 6180.
9.79433000000000 5942.
9.79433000000000 6147.
9.79433000000000 6010.
9.79433000000000 5975.
9.79433000000000 5928.
9.79433000000000 6002.
9.79433000000000 5971.
9.79433000000000 5908.
9.79433000000000 5935.
9.79426000000000 6106.
9.79433000000000 6135.
9.79433000000000 6040.
9.79433000000000 6117.
9.79426000000000 5954.
9.79433000000000 6005.
9.79433000000000 5945.
9.79433000000000 5893.
9.79433000000000 6087.
9.79433000000000 6071.
9.79433000000000 5944.
9.79433000000000 5807.
9.79433000000000 6130.
9.79433000000000 5842.
9.79426000000000 5946.
9.79433000000000 5970.
9.79433000000000 6045.
9.79433000000000 6052.
9.79433000000000 5882.
9.79433000000000 5908.
9.79433000000000 6011.
9.79426000000000 6081.
9.79433000000000 6061.
9.79433000000000 6025.
9.79433000000000 5981.
9.79426000000000 5746.
9.79426000000000 5986.
9.79433000000000 5947.
9.79427000000000 5942.
9.79426000000000 6108.
9.79437000000000 6074.
9.79433000000000 6073.
9.79426000000000 5896.
9.79433000000000 5953.
9.79433000000000 5904.
9.79433000000000 5806.
9.79433000000000 5815.
9.79433000000000 6151.
9.79433000000000 6084.
9.79433000000000 5962.
9.79426000000000 5862.
9.79433000000000 6020.
9.79433000000000 6025.
9.79433000000000 6076.
9.79433000000000 6068.
9.79433000000000 6150.
9.79433000000000 5815.
9.79433000000000 5916.
9.79426000000000 5890.
9.79433000000000 5870.
9.79433000000000 6029.
9.79433000000000 5968.
9.79433000000000 5864.
9.79433000000000 5960.
9.79433000000000 5883.
9.79433000000000 6114.
9.79433000000000 6042.
9.79433000000000 5987.
9.79433000000000 5709.
9.79433000000000 5788.
9.79433000000000 5987.
9.79433000000000 5924.
9.79433000000000 5841.
9.79433000000000 6065.
9.79426000000000 5911.
9.79433000000000 5947.
9.79433000000000 5995.
9.79426000000000 5819.
9.79433000000000 5881.
9.79433000000000 5914.
9.79426000000000 5960.
9.79433000000000 6036.
9.79433000000000 5934.
9.79433000000000 6150.
9.79433000000000 6136.
9.79433000000000 5960.
9.79433000000000 6058.
9.79433000000000 5931.
9.79433000000000 5833.
9.79433000000000 5900.
9.79433000000000 5919.
9.79433000000000 5871.
9.79426000000000 6036.
9.79433000000000 6071.
9.79433000000000 5933.
9.79433000000000 6000.
9.79433000000000 5892.
9.79432000000000 6152.
9.79433000000000 6186.
9.79433000000000 5997.
9.79433000000000 5979.
9.79433000000000 5928.
9.79433000000000 5919.
9.79426000000000 6037.
9.79433000000000 6072.
9.79433000000000 5994.
9.79433000000000 6071.
9.79433000000000 6030.
9.79433000000000 5930.
9.79433000000000 5954.
9.79433000000000 5938.
9.79433000000000 5962.
9.79433000000000 6099.
9.79426000000000 5965.
9.79426000000000 5967.
9.79433000000000 6009.
9.79441000000000 5939.
9.79426000000000 5941.
9.79433000000000 6105.
9.79433000000000 6033.
9.79435000000000 5929.
9.79433000000000 6106.
9.79433000000000 6016.
9.79433000000000 6046.
9.79433000000000 5903.
9.79426000000000 5921.
9.79433000000000 5991.
9.79433000000000 5914.
9.79433000000000 5946.
9.79433000000000 5961.
9.79433000000000 6071.
9.79426000000000 6094.
9.79433000000000 5866.
9.79433000000000 5948.
9.79433000000000 5992.
9.79433000000000 6021.
9.79433000000000 5830.
9.79433000000000 6012.
9.79435000000000 5938.
9.79433000000000 5947.
9.79433000000000 6031.
9.79433000000000 5916.
9.79433000000000 5859.
9.79426000000000 6038.
9.79433000000000 5962.
9.79441000000000 5898.
9.79433000000000 5991.
9.79433000000000 6093.
9.79426000000000 5908.
9.79433000000000 5931.
9.79433000000000 5901.
9.79433000000000 5879.
9.79433000000000 6056.
9.79433000000000 5964.
9.79433000000000 5921.
9.79433000000000 6130.
9.79433000000000 6036.
9.79433000000000 6020.
9.79426000000000 5910.
9.79433000000000 5895.
9.79433000000000 5857.
9.79433000000000 6107.
9.79433000000000 5857.
9.79433000000000 5998.
9.79433000000000 6021.
9.79437000000000 5986.
9.79433000000000 5828.
9.79433000000000 6051.
9.79426000000000 5894.
9.79433000000000 5894.
9.79433000000000 5923.
9.79433000000000 6066.
9.79433000000000 6085.
9.79426000000000 5853.
9.79433000000000 5891.
9.79437000000000 6048.
9.79433000000000 5985.
9.79433000000000 6072.
9.79433000000000 5779.
9.79433000000000 5882.
9.79433000000000 6125.
9.79433000000000 5933.
9.79426000000000 5870.
9.79433000000000 6029.
9.79433000000000 5832.
9.79433000000000 6292.
9.79433000000000 5996.
9.79427000000000 5960.
9.79433000000000 6064.
9.79433000000000 5987.
9.79426000000000 6023.
9.79426000000000 5953.
9.79426000000000 6020.
9.79433000000000 6083.
9.79437000000000 6036.
9.79433000000000 6016.
9.79433000000000 5876.
9.79426000000000 5950.
9.79437000000000 5894.
9.79426000000000 5823.
9.79433000000000 6000.
9.79433000000000 5817.
9.79433000000000 5945.
9.79433000000000 5884.
9.79433000000000 5946.
9.79433000000000 6071.
9.79433000000000 5971.
9.79433000000000 6056.
9.79433000000000 6048.
9.79433000000000 5996.
9.79433000000000 6023.
9.79433000000000 5827.
9.79433000000000 5990.
9.79433000000000 6013.
9.79433000000000 6134.
9.79433000000000 6038.
9.79433000000000 5919.
9.79433000000000 5941.
9.79433000000000 5933.
9.79433000000000 5916.
9.79433000000000 6209.
9.79433000000000 6116.
9.79433000000000 5933.
9.79435000000000 5957.
9.79433000000000 6120.
9.79433000000000 6013.
9.79433000000000 6106.
9.79426000000000 5953.
9.79433000000000 5965.
9.79426000000000 5958.
9.79433000000000 5959.
9.79433000000000 6108.
9.79433000000000 5937.
9.79433000000000 6151.
9.79426000000000 5879.
9.79433000000000 5928.
9.79433000000000 6025.
9.79433000000000 5838.
9.79433000000000 6098.
9.79433000000000 5911.
9.79433000000000 6013.
9.79426000000000 6048.
9.79433000000000 6000.
9.79426000000000 5964.
9.79433000000000 6075.
9.79433000000000 6071.
9.79433000000000 5946.
9.79433000000000 5756.
9.79433000000000 6084.
9.79433000000000 6066.
9.79433000000000 6065.
9.79433000000000 6064.
9.79433000000000 6146.
9.79433000000000 6049.
9.79433000000000 5887.
9.79433000000000 6107.
9.79426000000000 5905.
9.79433000000000 5991.
9.79433000000000 5927.
9.79433000000000 5919.
9.79433000000000 5965.
9.79426000000000 6028.
9.79433000000000 5940.
9.79433000000000 5923.
9.79433000000000 6143.
9.79433000000000 6094.
9.79433000000000 6026.
9.79433000000000 5931.
9.79433000000000 6003.
9.79433000000000 6160.
9.79433000000000 5890.
9.79433000000000 5899.
9.79433000000000 5850.
9.79433000000000 5903.
9.79433000000000 6001.
9.79433000000000 5890.
9.79437000000000 5806.
9.79426000000000 5811.
9.79433000000000 6066.
9.79433000000000 5974.
9.79433000000000 5903.
9.79433000000000 5950.
9.79433000000000 5936.
9.79426000000000 5938.
9.79433000000000 5881.
9.79426000000000 5997.
9.79433000000000 5979.
9.79433000000000 5971.
9.79433000000000 6013.
9.79433000000000 5845.
9.79426000000000 6042.
9.79433000000000 6059.
9.79433000000000 5967.
9.79433000000000 5895.
9.79433000000000 5944.
9.79433000000000 5924.
9.79433000000000 6017.
9.79433000000000 5961.
9.79426000000000 5758.
9.79433000000000 6117.
9.79433000000000 6073.
9.79433000000000 6029.
9.79433000000000 5780.
9.79433000000000 5880.
9.79426000000000 5854.
9.79433000000000 6014.
9.79433000000000 6007.
9.79433000000000 5899.
9.79433000000000 5908.
9.79433000000000 5900.
9.79433000000000 5887.
9.79433000000000 5908.
9.79433000000000 6008.
9.79433000000000 5970.
9.79433000000000 5917.
9.79433000000000 6092.
9.79433000000000 5987.
9.79433000000000 5909.
9.79433000000000 6126.
9.79433000000000 6004.
9.79433000000000 5994.
9.79433000000000 5823.
9.79433000000000 5956.
9.79433000000000 6015.
9.79433000000000 5975.
9.79433000000000 5950.
9.79433000000000 6027.
9.79433000000000 6033.
9.79433000000000 5989.
9.79426000000000 5902.
9.79433000000000 6056.
9.79433000000000 6045.
9.79433000000000 5970.
9.79433000000000 6029.
9.79433000000000 5744.
9.79426000000000 5916.
9.79433000000000 5949.
9.79433000000000 5867.
9.79426000000000 5914.
9.79433000000000 5930.
9.79433000000000 5955.
9.79433000000000 5932.
9.79433000000000 5996.
9.79433000000000 6067.
9.79433000000000 5797.
9.79426000000000 5993.
9.79437000000000 5792.
9.79433000000000 5816.
9.79433000000000 5864.
9.79433000000000 5954.
9.79433000000000 5938.
9.79433000000000 5865.
9.79433000000000 5850.
9.79433000000000 6168.
9.79433000000000 5943.
9.79433000000000 5826.
9.79433000000000 5943.
9.79433000000000 6120.
9.79433000000000 5837.
9.79433000000000 6021.
9.79433000000000 5899.
9.79433000000000 5943.
9.79433000000000 5804.
9.79433000000000 5940.
9.79433000000000 5824.
9.79433000000000 5958.
9.79426000000000 5880.
9.79433000000000 6039.
9.79433000000000 5891.
9.79433000000000 5935.
9.79433000000000 5819.
9.79433000000000 5999.
9.79433000000000 5785.
9.79433000000000 5910.
9.79433000000000 6007.
9.79433000000000 5892.
9.79426000000000 5941.
9.79433000000000 5832.
9.79433000000000 5922.
9.79426000000000 6185.
9.79442000000000 5982.
9.79433000000000 6006.
9.79433000000000 5926.
9.79433000000000 5846.
9.79441000000000 5936.
9.79433000000000 5842.
9.79433000000000 5875.
9.79433000000000 6126.
9.79433000000000 5977.
9.79433000000000 5971.
9.79433000000000 5838.
9.79433000000000 5940.
9.79433000000000 5869.
9.79433000000000 5856.
9.79426000000000 5996.
9.79433000000000 5889.
9.79433000000000 6135.
9.79438000000000 6045.
9.79433000000000 5953.
9.79426000000000 6097.
9.79433000000000 5870.
9.79433000000000 5980.
9.79433000000000 5866.
9.79437000000000 6005.
9.79433000000000 5917.
9.79426000000000 5808.
9.79433000000000 6021.
9.79433000000000 5883.
9.79433000000000 6031.
9.79433000000000 5998.
9.79433000000000 6125.
9.79437000000000 5949.
9.79433000000000 5957.
9.79413000000000 6102.
9.79426000000000 6019.
9.79433000000000 5865.
9.79433000000000 5928.
9.79433000000000 6154.
9.79433000000000 5890.
9.79433000000000 5919.
9.79433000000000 6152.
9.79433000000000 5951.
9.79433000000000 5873.
9.79433000000000 5913.
9.79441000000000 6080.
9.79426000000000 5951.
9.79433000000000 5863.
9.79426000000000 5936.
9.79433000000000 5992.
9.79433000000000 5793.
9.79433000000000 5845.
9.79433000000000 5993.
9.79433000000000 5959.
9.79433000000000 6015.
9.79426000000000 5922.
9.79433000000000 5910.
9.79433000000000 5934.
9.79426000000000 5992.
9.79433000000000 5785.
9.79433000000000 5921.
9.79433000000000 5907.
9.79433000000000 6021.
9.79433000000000 6110.
9.79433000000000 6016.
9.79426000000000 5925.
