9.79430000000000 8553.
9.79430000000000 8480.
9.79430000000000 8746.
9.79429000000000 8569.
9.79430000000000 8549.
9.79436000000000 8761.
9.79430000000000 8437.
9.79430000000000 8538.
9.79433000000000 8596.
9.79423000000000 8566.
9.79436000000000 8717.
9.79430000000000 8542.
9.79430000000000 8512.
9.79436000000000 8700.
9.79430000000000 8426.
9.79430000000000 8560.
9.79430000000000 8698.
9.79424000000000 8569.
9.79424000000000 8433.
9.79430000000000 8510.
9.79424000000000 8697.
9.79430000000000 8684.
9.79430000000000 8447.
9.79439000000000 8618.
9.79430000000000 8404.
9.79430000000000 8519.
9.79430000000000 8479.
9.79430000000000 8416.
9.79430000000000 8592.
9.79430000000000 8584.
9.79430000000000 8585.
9.79430000000000 8703.
9.79430000000000 8547.
9.79430000000000 8603.
9.79430000000000 8561.
9.79430000000000 8548.
9.79430000000000 8355.
9.79430000000000 8460.
9.79430000000000 8568.
9.79430000000000 8507.
9.79439000000000 8475.
9.79423000000000 8368.
9.79430000000000 8458.
9.79430000000000 8403.
9.79430000000000 8456.
9.79439000000000 8459.
9.79430000000000 8658.
9.79430000000000 8513.
9.79439000000000 8580.
9.79430000000000 8511.
9.79436000000000 8250.
9.79430000000000 8643.
9.79424000000000 8382.
9.79430000000000 8544.
9.79433000000000 8578.
9.79430000000000 8463.
9.79424000000000 8424.
9.79430000000000 8598.
9.79436000000000 8379.
9.79430000000000 8451.
9.79430000000000 8404.
9.79430000000000 8549.
9.79430000000000 8641.
9.79430000000000 8369.
9.79430000000000 8480.
9.79436000000000 8433.
9.79430000000000 8559.
9.79436000000000 8511.
9.79430000000000 8647.
9.79430000000000 8540.
9.79430000000000 8672.
9.79430000000000 8507.
9.79428000000000 8497.
9.79430000000000 8477.
9.79430000000000 8405.
9.79430000000000 8554.
9.79430000000000 8537.
9.79439000000000 8510.
9.79439000000000 8521.
9.79430000000000 8489.
9.79430000000000 8506.
9.79430000000000 8512.
9.79424000000000 8647.
9.79436000000000 8472.
9.79430000000000 8532.
9.79430000000000 8600.
9.79430000000000 8418.
9.79430000000000 8299.
9.79430000000000 8406.
9.79430000000000 8700.
9.79430000000000 8680.
9.79430000000000 8453.
9.79430000000000 8375.
9.79430000000000 8635.
9.79436000000000 8447.
9.79430000000000 8555.
9.79430000000000 8470.
9.79436000000000 8523.
9.79430000000000 8673.
9.79430000000000 8321.
9.79430000000000 8568.
9.79430000000000 8460.
9.79423000000000 8628.
9.79430000000000 8401.
9.79430000000000 8447.
9.79439000000000 8771.
9.79430000000000 8440.
9.79430000000000 8451.
9.79430000000000 8349.
9.79430000000000 8592.
9.79428000000000 8513.
9.79430000000000 8579.
9.79424000000000 8654.
9.79424000000000 8429.
9.79430000000000 8654.
9.79430000000000 8452.
9.79430000000000 8593.
9.79430000000000 8528.
9.79430000000000 8574.
9.79430000000000 8622.
9.79430000000000 8615.
9.79436000000000 8618.
9.79430000000000 8461.
9.79430000000000 8558.
9.79430000000000 8489.
9.79430000000000 8577.
9.79430000000000 8455.
9.79430000000000 8565.
9.79430000000000 8516.
9.79424000000000 8537.
9.79430000000000 8428.
9.79430000000000 8532.
9.79430000000000 8741.
9.79430000000000 8448.
9.79430000000000 8408.
9.79430000000000 8570.
9.79430000000000 8650.
9.79430000000000 8578.
9.79430000000000 8537.
9.79430000000000 8515.
9.79430000000000 8720.
9.79430000000000 8658.
9.79450000000000 8579.
9.79430000000000 8351.
9.79430000000000 8435.
9.79430000000000 8450.
9.79430000000000 8472.
9.79423000000000 8552.
9.79430000000000 8632.
9.79430000000000 8653.
9.79430000000000 8529.
9.79430000000000 8636.
9.79430000000000 8478.
9.79430000000000 8655.
9.79430000000000 8596.
9.79430000000000 8447.
9.79430000000000 8581.
9.79439000000000 8723.
9.79430000000000 8526.
9.79430000000000 8634.
9.79430000000000 8300.
9.79430000000000 8738.
9.79430000000000 8557.
9.79430000000000 8477.
9.79430000000000 8677.
9.79433000000000 8513.
9.79430000000000 8716.
9.79433000000000 8448.
9.79430000000000 8646.
9.79429000000000 8384.
9.79430000000000 8607.
9.79430000000000 8767.
9.79430000000000 8607.
9.79430000000000 8660.
9.79430000000000 8635.
9.79439000000000 8667.
9.79430000000000 8429.
9.79430000000000 8523.
9.79439000000000 8501.
9.79430000000000 8590.
9.79430000000000 8547.
9.79430000000000 8492.
9.79430000000000 8501.
9.79430000000000 8668.
9.79428000000000 8403.
9.79430000000000 8460.
9.79436000000000 8454.
9.79428000000000 8565.
9.79430000000000 8639.
9.79430000000000 8524.
9.79430000000000 8656.
9.79430000000000 8790.
9.79430000000000 8587.
9.79430000000000 8673.
9.79430000000000 8516.
9.79430000000000 8585.
9.79430000000000 8592.
9.79430000000000 8591.
9.79430000000000 8581.
9.79430000000000 8303.
9.79430000000000 8502.
9.79424000000000 8371.
9.79439000000000 8489.
9.79430000000000 8563.
9.79430000000000 8634.
9.79430000000000 8593.
9.79430000000000 8306.
9.79433000000000 8770.
9.79424000000000 8518.
9.79430000000000 8359.
9.79445000000000 8571.
9.79430000000000 8639.
9.79430000000000 8505.
9.79443000000000 8668.
9.79430000000000 8695.
9.79424000000000 8447.
9.79436000000000 8537.
9.79430000000000 8629.
9.79430000000000 8676.
9.79430000000000 8520.
9.79430000000000 8524.
9.79430000000000 8463.
9.79430000000000 8721.
9.79430000000000 8524.
9.79439000000000 8546.
9.79428000000000 8553.
9.79430000000000 8478.
9.79450000000000 8586.
9.79430000000000 8377.
9.79430000000000 8531.
9.79430000000000 8473.
9.79436000000000 8620.
9.79433000000000 8766.
9.79430000000000 8702.
9.79430000000000 8628.
9.79433000000000 8537.
9.79432000000000 8444.
9.79423000000000 8418.
9.79430000000000 8481.
9.79433000000000 8537.
9.79436000000000 8399.
9.79430000000000 8447.
9.79430000000000 8543.
9.79430000000000 8681.
9.79428000000000 8481.
9.79439000000000 8510.
9.79439000000000 8539.
9.79430000000000 8427.
9.79430000000000 8595.
9.79430000000000 8651.
9.79430000000000 8480.
9.79430000000000 8553.
9.79430000000000 8445.
9.79430000000000 8471.
9.79430000000000 8527.
9.79433000000000 8528.
9.79429000000000 8661.
9.79430000000000 8476.
9.79430000000000 8420.
9.79430000000000 8582.
9.79430000000000 8685.
9.79423000000000 8548.
9.79430000000000 8614.
9.79430000000000 8666.
9.79430000000000 8557.
9.79430000000000 8468.
9.79430000000000 8370.
9.79436000000000 8586.
9.79430000000000 8610.
9.79430000000000 8604.
9.79430000000000 8610.
9.79424000000000 8462.
9.79430000000000 8480.
9.79430000000000 8331.
9.79439000000000 8453.
9.79428000000000 8459.
9.79430000000000 8628.
9.79430000000000 8483.
9.79428000000000 8555.
9.79430000000000 8664.
9.79430000000000 8320.
9.79430000000000 8517.
9.79430000000000 8669.
9.79430000000000 8584.
9.79430000000000 8490.
9.79423000000000 8469.
9.79430000000000 8503.
9.79430000000000 8455.
9.79439000000000 8532.
9.79432000000000 8487.
9.79430000000000 8563.
9.79430000000000 8318.
9.79430000000000 8466.
9.79430000000000 8524.
9.79430000000000 8450.
9.79430000000000 8622.
9.79436000000000 8148.
9.79430000000000 8627.
9.79430000000000 8611.
9.79430000000000 8551.
9.79430000000000 8507.
9.79430000000000 8661.
9.79423000000000 8408.
9.79430000000000 8634.
9.79436000000000 8518.
9.79430000000000 8452.
9.79430000000000 8488.
9.79436000000000 8622.
9.79430000000000 8469.
9.79430000000000 8569.
9.79430000000000 8660.
9.79430000000000 8601.
9.79430000000000 8503.
9.79436000000000 8397.
9.79430000000000 8460.
9.79423000000000 8545.
9.79430000000000 8459.
9.79430000000000 8518.
9.79430000000000 8675.
9.79430000000000 8452.
9.79430000000000 8538.
9.79430000000000 8657.
9.79430000000000 8666.
9.79430000000000 8581.
9.79439000000000 8595.
9.79430000000000 8372.
9.79428000000000 8441.
9.79430000000000 8664.
9.79439000000000 8327.
9.79430000000000 8393.
9.79433000000000 8646.
9.79430000000000 8392.
9.79432000000000 8508.
9.79430000000000 8442.
9.79430000000000 8426.
9.79430000000000 8479.
9.79430000000000 8623.
9.79430000000000 8634.
9.79432000000000 8508.
9.79430000000000 8416.
9.79430000000000 8618.
9.79430000000000 8388.
9.79430000000000 8484.
9.79430000000000 8518.
9.79430000000000 8588.
9.79430000000000 8612.
9.79430000000000 8324.
9.79443000000000 8568.
9.79430000000000 8356.
9.79430000000000 8493.
9.79430000000000 8490.
9.79430000000000 8579.
9.79430000000000 8398.
9.79430000000000 8484.
9.79430000000000 8502.
9.79450000000000 8556.
9.79430000000000 8625.
9.79439000000000 8514.
9.79430000000000 8613.
9.79420000000000 8380.
9.79430000000000 8492.
9.79430000000000 8478.
9.79430000000000 8651.
9.79430000000000 8459.
9.79430000000000 8525.
9.79420000000000 8727.
9.79430000000000 8454.
9.79430000000000 8482.
9.79430000000000 8422.
9.79430000000000 8539.
9.79439000000000 8467.
9.79430000000000 8539.
9.79436000000000 8677.
9.79430000000000 8515.
9.79430000000000 8435.
9.79430000000000 8803.
9.79428000000000 8817.
9.79430000000000 8463.
9.79430000000000 8292.
9.79436000000000 8752.
9.79432000000000 8454.
9.79430000000000 8514.
9.79430000000000 8576.
9.79430000000000 8684.
9.79450000000000 8435.
9.79430000000000 8763.
9.79436000000000 8560.
9.79430000000000 8507.
9.79430000000000 8434.
9.79430000000000 8478.
9.79430000000000 8755.
9.79430000000000 8659.
9.79430000000000 8574.
9.79430000000000 8526.
9.79430000000000 8505.
9.79430000000000 8541.
9.79439000000000 8589.
9.79430000000000 8618.
9.79430000000000 8397.
9.79430000000000 8510.
9.79430000000000 8494.
9.79430000000000 8611.
9.79420000000000 8555.
9.79420000000000 8524.
9.79430000000000 8410.
9.79430000000000 8480.
9.79430000000000 8444.
9.79430000000000 8523.
9.79430000000000 8530.
9.79430000000000 8439.
9.79430000000000 8559.
9.79424000000000 8601.
9.79430000000000 8586.
9.79430000000000 8427.
9.79430000000000 8374.
9.79430000000000 8400.
9.79430000000000 8682.
9.79430000000000 8412.
9.79430000000000 8437.
9.79430000000000 8420.
9.79430000000000 8566.
9.79430000000000 8575.
9.79430000000000 8482.
9.79430000000000 8554.
9.79424000000000 8608.
9.79430000000000 8367.
9.79430000000000 8602.
9.79430000000000 8374.
9.79439000000000 8477.
9.79430000000000 8542.
9.79430000000000 8428.
9.79430000000000 8638.
9.79424000000000 8612.
9.79430000000000 8651.
9.79424000000000 8578.
9.79430000000000 8485.
9.79423000000000 8448.
9.79430000000000 8475.
9.79430000000000 8686.
9.79430000000000 8719.
9.79430000000000 8673.
9.79430000000000 8527.
9.79430000000000 8536.
9.79430000000000 8560.
9.79430000000000 8571.
9.79430000000000 8432.
9.79430000000000 8607.
9.79436000000000 8451.
9.79430000000000 8426.
9.79439000000000 8550.
9.79439000000000 8476.
9.79424000000000 8552.
9.79430000000000 8471.
9.79430000000000 8532.
9.79450000000000 8416.
9.79430000000000 8449.
9.79432000000000 8580.
9.79430000000000 8627.
9.79436000000000 8545.
9.79430000000000 8601.
9.79439000000000 8563.
9.79430000000000 8598.
9.79430000000000 8457.
9.79430000000000 8679.
9.79430000000000 8631.
9.79436000000000 8656.
9.79430000000000 8372.
9.79430000000000 8369.
9.79430000000000 8728.
9.79430000000000 8317.
9.79430000000000 8707.
9.79430000000000 8534.
9.79430000000000 8511.
9.79439000000000 8693.
9.79430000000000 8590.
9.79430000000000 8299.
9.79430000000000 8491.
9.79430000000000 8528.
9.79430000000000 8610.
9.79439000000000 8545.
9.79430000000000 8506.
9.79430000000000 8392.
9.79430000000000 8390.
9.79430000000000 8618.
9.79430000000000 8475.
9.79430000000000 8671.
9.79430000000000 8437.
9.79430000000000 8410.
9.79430000000000 8668.
9.79430000000000 8646.
9.79430000000000 8497.
9.79430000000000 8548.
9.79430000000000 8470.
9.79441000000000 8543.
9.79423000000000 8338.
9.79430000000000 8836.
9.79430000000000 8579.
9.79439000000000 8573.
9.79450000000000 8493.
9.79436000000000 8440.
