9.79441000000000 3125.
9.79434000000000 3280.
9.79440000000000 3276.
9.79441000000000 3181.
9.79441000000000 3181.
9.79456000000000 3285.
9.79439000000000 3178.
9.79456000000000 3227.
9.79424000000000 3269.
9.79456000000000 3308.
9.79457000000000 3204.
9.79456000000000 3258.
9.79441000000000 3170.
9.79431000000000 3194.
9.79441000000000 3244.
9.79441000000000 3164.
9.79441000000000 3203.
9.79441000000000 3255.
9.79435000000000 3295.
9.79441000000000 3200.
9.79441000000000 3305.
9.79434000000000 3208.
9.79430000000000 3287.
9.79441000000000 3268.
9.79441000000000 3268.
9.79441000000000 3110.
9.79441000000000 3215.
9.79421000000000 3026.
9.79456000000000 3249.
9.79456000000000 3189.
9.79430000000000 3197.
9.79438000000000 3226.
9.79439000000000 3063.
9.79439000000000 3367.
9.79453000000000 3352.
9.79439000000000 3236.
9.79431000000000 3102.
9.79456000000000 3193.
9.79441000000000 3172.
9.79456000000000 3238.
9.79441000000000 3216.
9.79456000000000 3163.
9.79456000000000 3126.
9.79456000000000 3342.
9.79456000000000 3190.
9.79424000000000 3150.
9.79441000000000 3363.
9.79440000000000 3192.
9.79440000000000 3192.
9.79456000000000 3282.
9.79456000000000 3281.
9.79434000000000 3273.
9.79441000000000 3063.
9.79424000000000 3186.
9.79441000000000 3213.
9.79456000000000 3061.
9.79456000000000 3253.
9.79456000000000 3237.
9.79434000000000 3285.
9.79441000000000 3314.
9.79434000000000 3212.
9.79441000000000 3134.
9.79441000000000 3284.
9.79457000000000 3208.
9.79456000000000 3289.
9.79424000000000 3191.
9.79456000000000 3164.
9.79456000000000 3202.
9.79456000000000 3202.
9.79456000000000 3161.
9.79456000000000 3293.
9.79420000000000 3115.
9.79431000000000 3250.
9.79434000000000 3136.
9.79434000000000 3173.
9.79456000000000 3196.
9.79435000000000 3250.
9.79439000000000 3264.
9.79435000000000 3200.
9.79434000000000 3135.
9.79441000000000 3253.
9.79456000000000 3329.
9.79456000000000 3104.
9.79430000000000 3120.
9.79441000000000 3234.
9.79456000000000 3312.
9.79439000000000 3211.
9.79441000000000 3154.
9.79441000000000 3220.
9.79441000000000 3220.
9.79456000000000 3203.
9.79424000000000 3177.
9.79441000000000 3164.
9.79454000000000 3149.
9.79457000000000 3222.
9.79456000000000 3070.
9.79435000000000 3201.
9.79441000000000 3159.
9.79456000000000 3060.
9.79424000000000 3111.
9.79441000000000 3205.
9.79434000000000 3235.
9.79420000000000 3203.
9.79420000000000 3176.
9.79456000000000 3058.
9.79441000000000 3169.
9.79441000000000 3184.
9.79435000000000 3277.
9.79439000000000 3211.
9.79440000000000 3170.
9.79440000000000 3170.
9.79435000000000 3282.
9.79456000000000 3333.
9.79435000000000 3206.
9.79456000000000 3231.
9.79456000000000 3327.
9.79434000000000 3180.
9.79443000000000 3272.
9.79427000000000 3138.
9.79434000000000 3294.
9.79441000000000 3275.
9.79441000000000 3121.
9.79456000000000 3282.
9.79434000000000 3222.
9.79456000000000 3330.
9.79439000000000 3350.
9.79456000000000 3204.
9.79456000000000 3204.
9.79439000000000 3224.
9.79456000000000 3198.
9.79456000000000 3165.
9.79456000000000 3214.
9.79430000000000 3178.
9.79457000000000 3185.
9.79441000000000 3147.
9.79430000000000 3245.
9.79456000000000 3298.
9.79431000000000 3236.
9.79434000000000 3276.
9.79456000000000 3237.
9.79441000000000 3252.
9.79456000000000 3204.
9.79456000000000 3244.
9.79456000000000 3171.
9.79456000000000 3171.
9.79441000000000 3303.
9.79441000000000 3197.
9.79441000000000 3166.
9.79421000000000 3093.
9.79424000000000 3178.
9.79441000000000 3239.
9.79456000000000 3165.
9.79456000000000 3168.
9.79440000000000 3247.
9.79431000000000 3184.
9.79441000000000 3124.
9.79456000000000 3330.
9.79441000000000 3236.
9.79434000000000 3071.
9.79434000000000 3160.
9.79441000000000 3209.
9.79441000000000 3161.
9.79439000000000 3211.
9.79440000000000 3178.
9.79456000000000 3152.
9.79456000000000 3260.
9.79456000000000 3276.
9.79456000000000 3276.
9.79456000000000 3201.
9.79456000000000 3084.
9.79441000000000 3246.
9.79441000000000 3316.
9.79441000000000 3239.
9.79439000000000 3185.
9.79441000000000 3230.
9.79441000000000 3236.
9.79439000000000 3109.
9.79440000000000 3272.
9.79434000000000 3251.
9.79434000000000 3151.
9.79435000000000 3108.
9.79456000000000 3228.
9.79456000000000 3264.
9.79456000000000 3302.
9.79439000000000 3278.
9.79456000000000 3177.
9.79439000000000 3165.
9.79448000000000 3238.
9.79448000000000 3227.
9.79441000000000 3305.
9.79441000000000 3305.
9.79456000000000 3086.
9.79456000000000 3201.
9.79441000000000 3165.
9.79456000000000 3211.
9.79441000000000 3188.
9.79434000000000 3288.
9.79456000000000 3236.
9.79441000000000 3165.
9.79441000000000 3191.
9.79456000000000 3182.
9.79441000000000 3278.
9.79456000000000 3222.
9.79424000000000 3131.
9.79434000000000 3179.
9.79456000000000 3304.
9.79456000000000 3248.
9.79456000000000 3086.
9.79434000000000 3304.
9.79434000000000 3392.
9.79431000000000 3053.
9.79456000000000 3221.
9.79456000000000 3158.
9.79456000000000 3158.
9.79456000000000 3294.
9.79456000000000 3294.
9.79441000000000 3219.
9.79424000000000 3192.
9.79440000000000 3332.
9.79439000000000 3216.
9.79456000000000 3222.
9.79456000000000 3192.
9.79441000000000 3191.
9.79441000000000 3223.
9.79440000000000 3293.
9.79453000000000 3199.
9.79441000000000 3192.
9.79456000000000 3163.
9.79441000000000 3235.
9.79441000000000 3179.
9.79456000000000 3159.
9.79434000000000 3207.
9.79456000000000 3253.
9.79456000000000 3253.
9.79434000000000 3259.
9.79453000000000 3191.
9.79456000000000 3212.
9.79456000000000 3021.
9.79435000000000 3274.
9.79456000000000 3207.
9.79456000000000 3107.
9.79441000000000 3183.
9.79431000000000 3235.
9.79448000000000 3174.
9.79416000000000 3106.
9.79436000000000 3132.
9.79441000000000 3151.
9.79424000000000 3206.
9.79456000000000 3159.
9.79424000000000 3163.
9.79441000000000 3075.
9.79441000000000 3130.
9.79431000000000 3288.
9.79439000000000 3219.
9.79441000000000 3117.
9.79441000000000 3185.
9.79441000000000 3185.
9.79456000000000 3157.
9.79456000000000 3235.
9.79434000000000 3183.
9.79435000000000 3189.
9.79439000000000 3143.
9.79441000000000 3232.
9.79448000000000 3251.
9.79439000000000 3229.
9.79434000000000 3201.
9.79434000000000 3135.
9.79441000000000 3303.
9.79441000000000 3123.
9.79441000000000 3323.
9.79456000000000 3175.
9.79440000000000 3362.
9.79427000000000 3160.
9.79439000000000 3111.
9.79456000000000 3273.
9.79434000000000 3152.
9.79421000000000 3227.
9.79421000000000 3227.
9.79441000000000 3222.
9.79435000000000 3185.
9.79441000000000 3134.
9.79434000000000 3144.
9.79456000000000 3175.
9.79441000000000 3191.
9.79441000000000 3228.
9.79456000000000 3361.
9.79441000000000 3204.
9.79456000000000 3095.
9.79441000000000 3382.
9.79456000000000 3121.
9.79456000000000 3135.
9.79434000000000 3244.
9.79456000000000 3292.
9.79434000000000 3219.
9.79424000000000 3093.
9.79456000000000 3231.
9.79453000000000 3284.
9.79430000000000 3354.
9.79439000000000 3143.
9.79430000000000 3334.
9.79441000000000 3276.
9.79440000000000 3085.
9.79448000000000 3188.
9.79448000000000 3188.
9.79456000000000 3202.
9.79441000000000 3200.
9.79456000000000 3234.
9.79441000000000 3184.
9.79428000000000 3168.
9.79439000000000 3276.
9.79433000000000 3077.
9.79456000000000 3171.
9.79440000000000 3164.
9.79441000000000 3156.
9.79440000000000 3314.
9.79441000000000 3240.
9.79441000000000 3173.
9.79441000000000 3229.
9.79441000000000 3198.
9.79441000000000 3273.
9.79456000000000 3110.
9.79441000000000 3300.
9.79456000000000 3224.
9.79456000000000 3224.
9.79456000000000 3208.
9.79439000000000 3266.
9.79441000000000 3223.
9.79439000000000 3211.
9.79456000000000 3258.
9.79439000000000 3173.
9.79450000000000 3213.
9.79441000000000 3088.
9.79441000000000 3224.
9.79456000000000 3231.
9.79456000000000 3192.
9.79456000000000 3212.
9.79456000000000 3235.
9.79441000000000 3182.
9.79441000000000 3219.
9.79441000000000 3229.
9.79456000000000 3240.
9.79456000000000 3185.
9.79456000000000 3185.
9.79441000000000 3290.
9.79456000000000 3262.
9.79456000000000 3292.
9.79431000000000 3229.
9.79456000000000 3078.
9.79456000000000 3175.
9.79441000000000 3148.
9.79456000000000 3249.
9.79441000000000 3151.
9.79456000000000 3282.
9.79421000000000 3197.
9.79456000000000 3201.
9.79456000000000 3267.
9.79439000000000 3279.
9.79456000000000 3259.
9.79439000000000 3289.
9.79424000000000 3234.
9.79441000000000 3227.
9.79443000000000 3214.
9.79456000000000 3073.
9.79441000000000 3140.
9.79441000000000 3140.
9.79441000000000 3201.
9.79441000000000 3262.
9.79439000000000 3179.
9.79441000000000 3205.
9.79438000000000 3120.
9.79439000000000 3200.
9.79441000000000 3174.
9.79456000000000 3123.
9.79441000000000 3276.
9.79456000000000 3102.
9.79441000000000 3277.
9.79441000000000 3178.
9.79434000000000 3157.
9.79435000000000 3283.
9.79441000000000 3157.
9.79439000000000 3152.
9.79441000000000 3312.
9.79440000000000 3148.
9.79435000000000 3278.
9.79457000000000 3433.
9.79441000000000 3228.
9.79441000000000 3228.
9.79456000000000 3104.
9.79456000000000 3173.
9.79441000000000 3208.
9.79441000000000 3193.
9.79456000000000 3160.
9.79434000000000 3205.
9.79456000000000 3219.
9.79440000000000 3173.
9.79431000000000 3267.
9.79441000000000 3221.
9.79456000000000 3172.
9.79441000000000 3202.
9.79440000000000 3254.
9.79456000000000 3244.
9.79456000000000 3281.
9.79456000000000 3274.
9.79441000000000 3209.
9.79421000000000 3035.
9.79421000000000 3035.
9.79448000000000 3237.
9.79439000000000 3219.
9.79441000000000 3159.
9.79424000000000 3157.
9.79456000000000 3351.
9.79441000000000 3205.
9.79434000000000 3304.
9.79439000000000 3129.
9.79438000000000 3211.
9.79441000000000 3181.
9.79434000000000 3146.
9.79437000000000 3228.
9.79441000000000 3093.
9.79456000000000 3181.
9.79456000000000 3259.
9.79441000000000 3090.
9.79434000000000 3192.
9.79441000000000 3084.
9.79441000000000 3084.
9.79456000000000 3259.
9.79434000000000 3213.
9.79456000000000 3277.
9.79456000000000 3111.
9.79456000000000 3267.
9.79424000000000 3223.
9.79438000000000 3186.
9.79434000000000 3232.
9.79441000000000 3215.
9.79441000000000 3165.
9.79434000000000 3271.
9.79456000000000 3240.
9.79434000000000 3131.
9.79435000000000 3309.
9.79441000000000 3176.
9.79441000000000 3294.
9.79432000000000 3189.
9.79432000000000 3189.
9.79434000000000 3147.
9.79440000000000 3177.
9.79440000000000 3294.
9.79443000000000 3113.
9.79434000000000 3285.
9.79441000000000 3226.
9.79441000000000 3214.
9.79456000000000 3339.
9.79456000000000 3242.
9.79441000000000 3238.
9.79456000000000 3203.
9.79441000000000 3234.
9.79441000000000 3211.
9.79434000000000 3227.
9.79456000000000 3225.
9.79434000000000 3191.
9.79434000000000 3149.
9.79443000000000 3139.
9.79443000000000 3139.
9.79441000000000 3180.
9.79441000000000 3236.
9.79456000000000 3253.
9.79456000000000 3218.
9.79424000000000 3198.
9.79456000000000 3129.
9.79453000000000 3223.
9.79456000000000 3278.
9.79453000000000 3136.
9.79456000000000 3258.
9.79456000000000 3234.
9.79441000000000 3277.
9.79456000000000 3266.
9.79456000000000 3070.
9.79441000000000 3360.
9.79456000000000 3284.
9.79441000000000 3086.
9.79456000000000 3208.
9.79443000000000 3242.
9.79441000000000 3278.
9.79441000000000 3240.
9.79441000000000 3240.
9.79456000000000 3277.
9.79430000000000 3134.
9.79441000000000 3309.
9.79435000000000 3192.
9.79456000000000 3215.
9.79456000000000 3177.
9.79456000000000 3181.
9.79456000000000 3152.
9.79441000000000 3203.
9.79456000000000 3222.
9.79456000000000 3215.
9.79448000000000 3217.
9.79456000000000 3179.
9.79456000000000 3221.
9.79434000000000 3210.
9.79456000000000 3257.
