9.79329000000000 2852.
9.79323000000000 2824.
9.79329000000000 2919.
9.79329000000000 2877.
9.79331000000000 2830.
9.79323000000000 2834.
9.79335000000000 2803.
9.79335000000000 2818.
9.79329000000000 2892.
9.79335000000000 2916.
9.79329000000000 2842.
9.79335000000000 2847.
9.79307000000000 2876.
9.79323000000000 2836.
9.79329000000000 2798.
9.79307000000000 2787.
9.79329000000000 2947.
9.79335000000000 2943.
9.79323000000000 2995.
9.79321000000000 2862.
9.79335000000000 2816.
9.79335000000000 2909.
9.79323000000000 2945.
9.79329000000000 2946.
9.79307000000000 2874.
9.79329000000000 2873.
9.79307000000000 2893.
9.79335000000000 2854.
9.79307000000000 2973.
9.79329000000000 2846.
9.79329000000000 2890.
9.79323000000000 2928.
9.79335000000000 2805.
9.79335000000000 2810.
9.79323000000000 2861.
9.79335000000000 2820.
9.79329000000000 2859.
9.79323000000000 2917.
9.79329000000000 2923.
9.79323000000000 2974.
9.79323000000000 2911.
9.79329000000000 2893.
9.79323000000000 2821.
9.79335000000000 2813.
9.79335000000000 2919.
9.79307000000000 2828.
9.79329000000000 2942.
9.79307000000000 2937.
9.79329000000000 2863.
9.79329000000000 2951.
9.79323000000000 2841.
9.79329000000000 2832.
9.79335000000000 2886.
9.79335000000000 2830.
9.79335000000000 2884.
9.79329000000000 2984.
9.79321000000000 2858.
9.79291000000000 2953.
9.79322000000000 2885.
9.79335000000000 2896.
9.79329000000000 2915.
9.79335000000000 3024.
9.79335000000000 2873.
9.79329000000000 2810.
9.79331000000000 2957.
9.79329000000000 2805.
9.79306000000000 2749.
9.79329000000000 2841.
9.79335000000000 2916.
9.79329000000000 2882.
9.79323000000000 2785.
9.79335000000000 2847.
9.79307000000000 2828.
9.79329000000000 2949.
9.79307000000000 2836.
9.79307000000000 2877.
9.79307000000000 2943.
9.79307000000000 2955.
9.79323000000000 2900.
9.79329000000000 2887.
9.79307000000000 2893.
9.79321000000000 2943.
9.79307000000000 2959.
9.79307000000000 2794.
9.79321000000000 2954.
9.79321000000000 2975.
9.79307000000000 2893.
9.79329000000000 2796.
9.79329000000000 2897.
9.79307000000000 2953.
9.79307000000000 2953.
9.79295000000000 2835.
9.79291000000000 2666.
9.79321000000000 2908.
9.79335000000000 2834.
9.79329000000000 2907.
9.79321000000000 2764.
9.79307000000000 2781.
9.79329000000000 2907.
9.79335000000000 2867.
9.79329000000000 2842.
9.79329000000000 2900.
9.79329000000000 2923.
9.79329000000000 2823.
9.79329000000000 2895.
9.79329000000000 2950.
9.79335000000000 3016.
9.79323000000000 2919.
9.79335000000000 2878.
9.79331000000000 2892.
9.79329000000000 2915.
9.79329000000000 2932.
9.79335000000000 2870.
9.79329000000000 2856.
9.79323000000000 2841.
9.79323000000000 2887.
9.79329000000000 2817.
9.79295000000000 2950.
9.79323000000000 2835.
9.79323000000000 2839.
9.79295000000000 2874.
9.79329000000000 2876.
9.79329000000000 2908.
9.79335000000000 2747.
9.79323000000000 2876.
9.79335000000000 2925.
9.79307000000000 2996.
9.79323000000000 2948.
9.79323000000000 2806.
9.79329000000000 2896.
9.79329000000000 2893.
9.79335000000000 3022.
9.79335000000000 2967.
9.79335000000000 2841.
9.79329000000000 2908.
9.79329000000000 2935.
9.79329000000000 2917.
9.79323000000000 2807.
9.79309000000000 2859.
9.79335000000000 2784.
9.79329000000000 2821.
9.79329000000000 2848.
9.79335000000000 2936.
9.79329000000000 2870.
9.79323000000000 2870.
9.79307000000000 2971.
9.79307000000000 2825.
9.79307000000000 2837.
9.79323000000000 2850.
9.79321000000000 2981.
9.79335000000000 3014.
9.79307000000000 2840.
9.79335000000000 2953.
9.79321000000000 2903.
9.79335000000000 2873.
9.79335000000000 2979.
9.79329000000000 2884.
9.79321000000000 2792.
9.79309000000000 2793.
9.79323000000000 2933.
9.79329000000000 2921.
9.79323000000000 2895.
9.79329000000000 2846.
9.79329000000000 3023.
9.79329000000000 2919.
9.79329000000000 2846.
9.79321000000000 2938.
9.79335000000000 2919.
9.79329000000000 2934.
9.79309000000000 2876.
9.79307000000000 2944.
9.79331000000000 2902.
9.79335000000000 2967.
9.79321000000000 2907.
9.79291000000000 2834.
9.79321000000000 2900.
9.79319000000000 2909.
9.79307000000000 2822.
9.79321000000000 2766.
9.79329000000000 2823.
9.79323000000000 2826.
9.79335000000000 2763.
9.79335000000000 2868.
9.79323000000000 2818.
9.79295000000000 2869.
9.79323000000000 2819.
9.79309000000000 2817.
9.79329000000000 2829.
9.79323000000000 2844.
9.79309000000000 2893.
9.79321000000000 2937.
9.79335000000000 2891.
9.79323000000000 2859.
9.79329000000000 2859.
9.79323000000000 2881.
9.79329000000000 2929.
9.79335000000000 2938.
9.79331000000000 2843.
9.79335000000000 2902.
9.79329000000000 2883.
9.79307000000000 2814.
9.79335000000000 2826.
9.79329000000000 2893.
9.79321000000000 2760.
9.79321000000000 2903.
9.79329000000000 2917.
9.79309000000000 2944.
9.79329000000000 2904.
9.79335000000000 2852.
9.79322000000000 2855.
9.79335000000000 2946.
9.79335000000000 2827.
9.79329000000000 2809.
9.79323000000000 2818.
9.79335000000000 2830.
9.79329000000000 2934.
9.79335000000000 3048.
9.79323000000000 2958.
9.79335000000000 2853.
9.79329000000000 2825.
9.79335000000000 2782.
9.79295000000000 2865.
9.79307000000000 2837.
9.79323000000000 2889.
9.79335000000000 2870.
9.79321000000000 2915.
9.79335000000000 2883.
9.79323000000000 2823.
9.79329000000000 2830.
9.79307000000000 2796.
9.79331000000000 2882.
9.79321000000000 2902.
9.79323000000000 2840.
9.79335000000000 2875.
9.79323000000000 2983.
9.79331000000000 2901.
9.79323000000000 2886.
9.79323000000000 2912.
9.79329000000000 2849.
9.79335000000000 2874.
9.79329000000000 2860.
9.79329000000000 2877.
9.79295000000000 2910.
9.79321000000000 2788.
9.79323000000000 2900.
9.79335000000000 2986.
9.79329000000000 2865.
9.79335000000000 2865.
9.79323000000000 2894.
9.79335000000000 2779.
9.79321000000000 2970.
9.79321000000000 2936.
9.79323000000000 3000.
9.79329000000000 2837.
9.79321000000000 2959.
9.79335000000000 2761.
9.79307000000000 2942.
9.79331000000000 2816.
9.79321000000000 2922.
9.79335000000000 2792.
9.79335000000000 3031.
9.79335000000000 2920.
9.79323000000000 3048.
9.79335000000000 3071.
9.79329000000000 2991.
9.79335000000000 2825.
9.79323000000000 2904.
9.79335000000000 2917.
9.79329000000000 2911.
9.79329000000000 2871.
9.79321000000000 2847.
9.79329000000000 2938.
9.79335000000000 2936.
9.79309000000000 2906.
9.79307000000000 2894.
9.79307000000000 2909.
9.79335000000000 2856.
9.79335000000000 2891.
9.79335000000000 2879.
9.79307000000000 2928.
9.79329000000000 2896.
9.79307000000000 2808.
9.79329000000000 2875.
9.79335000000000 2942.
9.79307000000000 2899.
9.79329000000000 2833.
9.79307000000000 2916.
9.79307000000000 2877.
9.79329000000000 3027.
9.79329000000000 2862.
9.79323000000000 2827.
9.79307000000000 2867.
9.79321000000000 2826.
9.79335000000000 2896.
9.79323000000000 2907.
9.79307000000000 2827.
9.79309000000000 2864.
9.79307000000000 2903.
9.79323000000000 2951.
9.79329000000000 2752.
9.79329000000000 2914.
9.79335000000000 2862.
9.79329000000000 2822.
9.79323000000000 2945.
9.79323000000000 2894.
9.79335000000000 2847.
9.79323000000000 2924.
9.79329000000000 2877.
9.79323000000000 2994.
9.79335000000000 2806.
9.79329000000000 2904.
9.79335000000000 2932.
9.79319000000000 2907.
9.79329000000000 2930.
9.79307000000000 2885.
9.79329000000000 2969.
9.79334000000000 2910.
9.79329000000000 2827.
9.79329000000000 2942.
9.79335000000000 2875.
9.79329000000000 2884.
9.79309000000000 2872.
9.79329000000000 2902.
9.79329000000000 2869.
9.79322000000000 2956.
9.79335000000000 2850.
9.79329000000000 2767.
9.79335000000000 2871.
9.79335000000000 2874.
9.79331000000000 2944.
9.79321000000000 2854.
9.79322000000000 2925.
9.79307000000000 2854.
9.79323000000000 2926.
9.79329000000000 2880.
9.79319000000000 2873.
9.79329000000000 2820.
9.79335000000000 2946.
9.79309000000000 2957.
9.79335000000000 2948.
9.79335000000000 2850.
9.79335000000000 2835.
9.79307000000000 2896.
9.79329000000000 2826.
9.79335000000000 2836.
9.79329000000000 2945.
9.79323000000000 2919.
9.79335000000000 2858.
9.79307000000000 2848.
9.79309000000000 2916.
9.79331000000000 2953.
9.79335000000000 2916.
9.79329000000000 2812.
9.79335000000000 2860.
9.79329000000000 2968.
9.79321000000000 2988.
9.79329000000000 3010.
9.79335000000000 2862.
9.79323000000000 2912.
9.79307000000000 2721.
9.79331000000000 2902.
9.79329000000000 2960.
9.79329000000000 2848.
9.79329000000000 2875.
9.79335000000000 2780.
9.79335000000000 2953.
9.79323000000000 2863.
9.79323000000000 2970.
9.79329000000000 2988.
9.79321000000000 2875.
9.79329000000000 2831.
9.79307000000000 2757.
9.79321000000000 2772.
9.79321000000000 2861.
9.79307000000000 2831.
9.79329000000000 2912.
9.79335000000000 2945.
9.79335000000000 2816.
9.79295000000000 2888.
9.79335000000000 2927.
9.79329000000000 2789.
9.79331000000000 2796.
9.79307000000000 2942.
9.79335000000000 2855.
9.79286000000000 2880.
9.79329000000000 2844.
9.79323000000000 2773.
9.79307000000000 2983.
9.79321000000000 2888.
9.79307000000000 2861.
9.79329000000000 2858.
9.79329000000000 2872.
9.79335000000000 2911.
9.79323000000000 2940.
9.79335000000000 2896.
9.79307000000000 2812.
9.79335000000000 2959.
9.79335000000000 3048.
9.79329000000000 2816.
9.79323000000000 2972.
9.79331000000000 2870.
9.79335000000000 2909.
9.79309000000000 2820.
9.79323000000000 2765.
9.79323000000000 2944.
9.79307000000000 2902.
9.79307000000000 2859.
9.79335000000000 2993.
9.79335000000000 2823.
9.79329000000000 2927.
9.79309000000000 2900.
9.79329000000000 2886.
9.79321000000000 2801.
9.79329000000000 2894.
9.79323000000000 2927.
9.79329000000000 2874.
9.79335000000000 2888.
9.79335000000000 2925.
9.79335000000000 2950.
9.79329000000000 2880.
9.79321000000000 2861.
9.79321000000000 2938.
9.79329000000000 2907.
9.79335000000000 2931.
9.79329000000000 2918.
9.79329000000000 2739.
9.79309000000000 2848.
9.79307000000000 2815.
9.79321000000000 2820.
9.79323000000000 2900.
9.79329000000000 2870.
9.79329000000000 2929.
9.79329000000000 2834.
9.79329000000000 2921.
9.79329000000000 2995.
9.79329000000000 2934.
9.79329000000000 2837.
9.79323000000000 2866.
9.79329000000000 2971.
9.79329000000000 2856.
9.79323000000000 2882.
9.79335000000000 2833.
9.79293000000000 2760.
9.79335000000000 2957.
9.79323000000000 2864.
9.79335000000000 2877.
9.79335000000000 2987.
9.79307000000000 2856.
9.79307000000000 2825.
9.79335000000000 2845.
9.79307000000000 2684.
9.79329000000000 2896.
9.79329000000000 2930.
9.79329000000000 2883.
9.79323000000000 2934.
9.79335000000000 2900.
9.79321000000000 2886.
9.79307000000000 2918.
9.79329000000000 2856.
9.79321000000000 3052.
9.79329000000000 2911.
9.79321000000000 3053.
9.79335000000000 2792.
9.79323000000000 2898.
9.79329000000000 2889.
9.79307000000000 2933.
9.79321000000000 2897.
9.79335000000000 2891.
9.79335000000000 2833.
9.79329000000000 2883.
9.79329000000000 2897.
9.79335000000000 2860.
9.79335000000000 2812.
9.79329000000000 2894.
9.79323000000000 2902.
9.79329000000000 2858.
9.79323000000000 2804.
9.79335000000000 2772.
9.79307000000000 2924.
9.79329000000000 2878.
9.79329000000000 2847.
9.79329000000000 2938.
9.79329000000000 2812.
9.79307000000000 2974.
9.79323000000000 2837.
9.79309000000000 2855.
9.79329000000000 2870.
9.79307000000000 2849.
9.79329000000000 2873.
9.79323000000000 2833.
9.79322000000000 2968.
9.79307000000000 2963.
9.79307000000000 2888.
9.79329000000000 2820.
9.79329000000000 2938.
9.79335000000000 2905.
9.79329000000000 2749.
9.79309000000000 2911.
9.79321000000000 2885.
9.79321000000000 2859.
