9.78585000000000 1536.
9.79379000000000 1516.
9.79379000000000 1516.
9.79448000000000 1610.
9.79448000000000 1610.
9.79507000000000 1566.
9.79507000000000 1566.
9.79158000000000 1478.
9.79158000000000 1478.
9.79448000000000 1570.
9.79448000000000 1570.
9.79448000000000 1522.
9.79281000000000 1613.
9.79281000000000 1613.
9.79385000000000 1619.
9.79385000000000 1619.
9.79277000000000 1635.
9.79277000000000 1635.
9.79448000000000 1532.
9.79448000000000 1532.
9.79013000000000 1594.
9.79013000000000 1594.
9.78765000000000 1572.
9.78765000000000 1572.
9.79448000000000 1533.
9.79448000000000 1533.
9.79448000000000 1585.
9.79448000000000 1585.
9.79448000000000 1546.
9.79448000000000 1546.
9.79013000000000 1580.
9.79013000000000 1580.
9.79281000000000 1639.
9.79013000000000 1566.
9.79013000000000 1566.
9.79281000000000 1581.
9.79281000000000 1581.
9.79385000000000 1582.
9.79385000000000 1582.
9.79507000000000 1511.
9.79507000000000 1511.
9.79451000000000 1642.
9.79451000000000 1642.
9.79281000000000 1586.
9.79281000000000 1586.
9.79448000000000 1606.
9.79448000000000 1606.
9.79385000000000 1506.
9.79385000000000 1506.
9.79385000000000 1588.
9.79385000000000 1588.
9.79448000000000 1540.
9.79448000000000 1540.
9.79447000000000 1638.
9.79447000000000 1638.
9.79007000000000 1564.
9.79448000000000 1637.
9.79448000000000 1637.
9.79448000000000 1494.
9.79448000000000 1494.
9.79448000000000 1596.
9.79448000000000 1596.
9.79176000000000 1601.
9.79176000000000 1601.
9.79385000000000 1530.
9.79385000000000 1530.
9.79448000000000 1619.
9.79448000000000 1619.
9.79385000000000 1498.
9.79385000000000 1498.
9.79281000000000 1505.
9.79281000000000 1505.
9.79176000000000 1514.
9.79281000000000 1544.
9.79281000000000 1544.
9.79451000000000 1508.
9.79451000000000 1508.
9.79447000000000 1679.
9.79447000000000 1679.
9.79385000000000 1702.
9.79385000000000 1702.
9.79163000000000 1588.
9.79163000000000 1588.
9.79007000000000 1534.
9.79007000000000 1534.
9.79158000000000 1602.
9.79158000000000 1602.
9.79007000000000 1587.
9.79007000000000 1587.
9.79451000000000 1651.
9.79451000000000 1651.
9.79448000000000 1598.
9.79385000000000 1595.
9.79385000000000 1595.
9.79507000000000 1508.
9.79507000000000 1508.
9.79448000000000 1581.
9.79448000000000 1581.
9.79389000000000 1596.
9.79389000000000 1596.
9.79507000000000 1534.
9.79507000000000 1534.
9.79448000000000 1500.
9.79448000000000 1500.
9.79281000000000 1587.
9.79281000000000 1587.
9.79507000000000 1580.
9.79507000000000 1580.
9.79448000000000 1562.
9.79448000000000 1562.
9.79163000000000 1535.
9.79163000000000 1535.
9.79280000000000 1609.
9.79448000000000 1523.
9.79448000000000 1523.
9.79448000000000 1615.
9.79448000000000 1615.
9.79448000000000 1599.
9.79448000000000 1599.
9.79385000000000 1556.
9.79385000000000 1556.
9.79174000000000 1517.
9.79174000000000 1517.
9.79448000000000 1605.
9.79448000000000 1605.
9.79385000000000 1582.
9.79385000000000 1582.
9.79507000000000 1620.
9.79507000000000 1620.
9.79385000000000 1541.
9.79385000000000 1541.
9.79448000000000 1635.
9.79448000000000 1635.
9.79448000000000 1557.
9.79448000000000 1557.
9.79385000000000 1526.
9.79281000000000 1559.
9.79281000000000 1559.
9.79013000000000 1557.
9.79013000000000 1557.
9.79448000000000 1553.
9.79448000000000 1553.
9.79507000000000 1599.
9.79507000000000 1599.
9.79448000000000 1562.
9.79448000000000 1562.
9.79385000000000 1509.
9.79385000000000 1509.
9.79007000000000 1519.
9.79007000000000 1519.
9.79416000000000 1728.
9.79416000000000 1728.
9.79448000000000 1621.
9.79448000000000 1621.
9.78741000000000 1523.
9.78741000000000 1523.
9.79007000000000 1646.
9.78881000000000 1628.
9.78881000000000 1628.
9.79507000000000 1544.
9.79507000000000 1544.
9.79281000000000 1605.
9.79281000000000 1605.
9.79158000000000 1561.
9.79158000000000 1561.
9.79507000000000 1519.
9.79507000000000 1519.
9.79007000000000 1479.
9.79007000000000 1479.
9.79281000000000 1611.
9.79281000000000 1611.
9.79385000000000 1584.
9.79385000000000 1584.
9.79451000000000 1564.
9.79451000000000 1564.
9.79176000000000 1651.
9.79389000000000 1457.
9.79389000000000 1457.
9.78739000000000 1599.
9.78739000000000 1599.
9.79448000000000 1613.
9.79448000000000 1613.
9.79448000000000 1560.
9.79448000000000 1560.
9.79448000000000 1526.
9.79448000000000 1526.
9.78741000000000 1579.
9.78741000000000 1579.
9.79448000000000 1560.
9.79448000000000 1560.
9.79385000000000 1577.
9.79385000000000 1577.
9.79007000000000 1633.
9.79007000000000 1633.
9.79281000000000 1552.
9.79281000000000 1552.
9.79507000000000 1513.
9.79385000000000 1480.
9.79385000000000 1480.
9.79448000000000 1642.
9.79448000000000 1642.
9.79448000000000 1541.
9.79448000000000 1541.
9.79448000000000 1521.
9.79448000000000 1521.
9.79448000000000 1605.
9.79448000000000 1605.
9.79507000000000 1584.
9.79507000000000 1584.
9.79448000000000 1652.
9.79448000000000 1652.
9.79448000000000 1620.
9.79448000000000 1620.
9.79448000000000 1526.
9.79448000000000 1526.
9.79006000000000 1575.
9.79006000000000 1575.
9.79416000000000 1666.
9.79448000000000 1610.
9.79448000000000 1610.
9.79277000000000 1612.
9.79277000000000 1612.
9.79281000000000 1472.
9.79281000000000 1472.
9.79174000000000 1602.
9.79174000000000 1602.
9.79447000000000 1564.
9.79447000000000 1564.
9.79385000000000 1616.
9.79385000000000 1616.
9.79281000000000 1602.
9.79281000000000 1602.
9.79007000000000 1602.
9.79007000000000 1602.
9.79507000000000 1618.
9.79507000000000 1618.
9.79158000000000 1593.
9.79158000000000 1593.
9.79385000000000 1585.
9.79385000000000 1585.
9.79367000000000 1507.
9.78770000000000 1557.
9.78770000000000 1557.
9.79277000000000 1569.
9.79277000000000 1569.
9.79013000000000 1522.
9.79013000000000 1522.
9.79385000000000 1587.
9.79385000000000 1587.
9.79385000000000 1521.
9.79385000000000 1521.
9.79385000000000 1499.
9.79385000000000 1499.
9.79448000000000 1646.
9.79448000000000 1646.
9.79507000000000 1582.
9.79507000000000 1582.
9.79176000000000 1658.
9.79176000000000 1658.
9.79007000000000 1510.
9.79007000000000 1510.
9.79013000000000 1604.
9.79013000000000 1604.
9.79507000000000 1639.
9.79007000000000 1496.
9.79007000000000 1496.
9.79164000000000 1574.
9.79164000000000 1574.
9.79007000000000 1488.
9.79007000000000 1488.
9.79448000000000 1519.
9.79448000000000 1519.
9.79416000000000 1495.
9.79416000000000 1495.
9.79448000000000 1629.
9.79448000000000 1629.
9.79385000000000 1561.
9.79385000000000 1561.
9.79281000000000 1594.
9.79281000000000 1594.
9.79163000000000 1610.
9.79163000000000 1610.
9.79507000000000 1673.
9.79507000000000 1673.
9.79451000000000 1658.
9.79451000000000 1658.
9.79385000000000 1573.
9.79448000000000 1611.
9.79448000000000 1611.
9.79448000000000 1592.
9.79448000000000 1592.
9.79448000000000 1583.
9.79448000000000 1583.
9.79007000000000 1614.
9.79007000000000 1614.
9.79281000000000 1529.
9.79281000000000 1529.
9.79011000000000 1583.
9.79011000000000 1583.
9.79281000000000 1545.
9.79281000000000 1545.
9.79451000000000 1549.
9.79451000000000 1549.
9.79447000000000 1571.
9.79447000000000 1571.
9.79449000000000 1599.
9.79449000000000 1599.
9.79448000000000 1499.
9.79448000000000 1499.
9.79385000000000 1581.
9.79385000000000 1581.
9.79385000000000 1534.
9.79385000000000 1567.
9.79385000000000 1567.
9.79007000000000 1542.
9.79007000000000 1542.
9.79007000000000 1609.
9.79007000000000 1609.
9.79448000000000 1569.
9.79448000000000 1569.
9.79448000000000 1544.
9.79448000000000 1544.
9.79449000000000 1576.
9.79449000000000 1576.
9.79281000000000 1575.
9.79281000000000 1575.
9.79507000000000 1518.
9.79507000000000 1518.
9.79007000000000 1604.
9.79007000000000 1604.
9.79448000000000 1643.
9.79448000000000 1643.
9.79448000000000 1672.
9.79448000000000 1672.
9.79163000000000 1485.
9.79163000000000 1485.
9.79163000000000 1580.
9.79177000000000 1542.
9.79177000000000 1542.
9.79449000000000 1558.
9.79449000000000 1558.
9.79007000000000 1577.
9.79007000000000 1577.
9.79448000000000 1558.
9.79448000000000 1558.
9.79007000000000 1526.
9.79007000000000 1526.
9.79448000000000 1530.
9.79448000000000 1530.
9.79385000000000 1567.
9.79385000000000 1567.
9.79451000000000 1538.
9.79451000000000 1538.
9.79448000000000 1522.
9.79448000000000 1522.
9.78739000000000 1599.
9.78739000000000 1599.
9.79448000000000 1523.
9.79448000000000 1523.
9.79448000000000 1544.
9.79448000000000 1544.
9.78988000000000 1622.
9.79385000000000 1542.
9.79385000000000 1542.
9.79163000000000 1539.
9.79163000000000 1539.
9.79171000000000 1623.
9.79171000000000 1623.
9.79013000000000 1503.
9.79013000000000 1503.
9.79448000000000 1511.
9.79448000000000 1511.
9.79007000000000 1560.
9.79007000000000 1560.
9.79380000000000 1586.
9.79380000000000 1586.
9.79163000000000 1642.
9.79163000000000 1642.
9.79385000000000 1532.
9.79385000000000 1532.
9.79281000000000 1599.
9.79281000000000 1599.
9.79447000000000 1546.
9.79385000000000 1608.
9.79385000000000 1608.
9.79385000000000 1623.
9.79385000000000 1623.
9.79385000000000 1607.
9.79385000000000 1607.
9.79448000000000 1515.
9.79448000000000 1515.
9.79174000000000 1612.
9.79174000000000 1612.
9.79447000000000 1579.
9.79447000000000 1579.
9.79007000000000 1627.
9.79007000000000 1627.
9.79385000000000 1538.
9.79385000000000 1538.
9.79448000000000 1667.
9.79507000000000 1561.
9.79507000000000 1561.
9.79133000000000 1485.
9.79133000000000 1485.
9.79013000000000 1582.
9.79013000000000 1582.
9.79448000000000 1632.
9.79448000000000 1632.
9.79507000000000 1600.
9.79507000000000 1600.
9.79007000000000 1508.
9.79007000000000 1508.
9.79385000000000 1583.
9.79385000000000 1583.
9.79174000000000 1536.
9.79174000000000 1536.
9.79507000000000 1527.
9.79507000000000 1527.
9.79158000000000 1592.
9.79158000000000 1592.
9.79451000000000 1501.
9.79451000000000 1501.
9.79281000000000 1570.
9.79507000000000 1639.
9.79507000000000 1639.
9.79171000000000 1617.
9.79171000000000 1617.
9.79385000000000 1612.
9.79385000000000 1612.
9.79448000000000 1574.
9.79448000000000 1574.
9.79007000000000 1591.
9.79007000000000 1591.
9.79385000000000 1623.
9.79385000000000 1623.
9.79007000000000 1621.
9.79007000000000 1621.
9.79281000000000 1571.
9.79281000000000 1571.
9.79281000000000 1536.
9.79281000000000 1536.
9.79448000000000 1570.
9.79385000000000 1618.
9.79385000000000 1618.
9.79163000000000 1587.
9.79163000000000 1587.
9.79006000000000 1548.
9.79006000000000 1548.
9.79448000000000 1599.
9.79448000000000 1599.
9.79507000000000 1547.
9.79507000000000 1547.
9.79281000000000 1582.
9.79281000000000 1582.
9.79509000000000 1548.
9.79509000000000 1548.
9.79007000000000 1619.
9.79007000000000 1619.
9.79507000000000 1583.
9.79507000000000 1583.
9.79448000000000 1657.
9.79448000000000 1657.
9.79448000000000 1520.
9.79448000000000 1559.
9.79448000000000 1559.
9.79385000000000 1603.
9.79385000000000 1603.
9.78988000000000 1616.
9.78988000000000 1616.
9.79013000000000 1658.
9.79013000000000 1658.
9.79281000000000 1651.
9.79281000000000 1651.
9.79448000000000 1593.
9.79448000000000 1593.
9.79448000000000 1555.
9.79448000000000 1555.
9.79448000000000 1517.
9.79448000000000 1517.
9.78881000000000 1609.
9.78881000000000 1609.
9.79281000000000 1586.
9.79281000000000 1586.
9.79507000000000 1549.
9.79507000000000 1549.
9.79171000000000 1603.
9.79447000000000 1557.
9.79447000000000 1557.
9.79385000000000 1537.
9.79385000000000 1537.
9.79448000000000 1630.
9.79448000000000 1630.
9.79281000000000 1593.
9.79281000000000 1593.
9.79281000000000 1604.
9.79281000000000 1604.
9.79164000000000 1499.
9.79164000000000 1499.
9.79448000000000 1441.
9.79448000000000 1441.
