9.79485000000000 1.0187E+04
9.79481000000000 1.0167E+04
9.79483000000000 1.0388E+04
9.79485000000000 1.0300E+04
9.79483000000000 1.0376E+04
9.79483000000000 1.0241E+04
9.79483000000000 1.0215E+04
9.79483000000000 1.0269E+04
9.79483000000000 1.0250E+04
9.79490000000000 1.0118E+04
9.79477000000000 1.0022E+04
9.79483000000000 1.0319E+04
9.79477000000000 1.0343E+04
9.79483000000000 1.0224E+04
9.79483000000000 1.0325E+04
9.79483000000000 1.0345E+04
9.79478000000000 1.0368E+04
9.79483000000000 1.0154E+04
9.79483000000000 1.0183E+04
9.79483000000000 1.0274E+04
9.79483000000000 1.0292E+04
9.79481000000000 1.0204E+04
9.79483000000000 1.0152E+04
9.79481000000000 1.0411E+04
9.79481000000000 1.0075E+04
9.79481000000000 1.0410E+04
9.79477000000000 1.0321E+04
9.79483000000000 1.0383E+04
9.79481000000000 1.0325E+04
9.79483000000000 1.0218E+04
9.79483000000000 1.0302E+04
9.79483000000000 1.0240E+04
9.79483000000000 1.0401E+04
9.79483000000000 1.0228E+04
9.79478000000000 1.0369E+04
9.79477000000000 1.0331E+04
9.79483000000000 1.0163E+04
9.79476000000000 9994.
9.79483000000000 1.0257E+04
9.79481000000000 1.0193E+04
9.79483000000000 1.0187E+04
9.79481000000000 1.0033E+04
9.79483000000000 1.0300E+04
9.79483000000000 1.0141E+04
9.79481000000000 1.0353E+04
9.79481000000000 1.0267E+04
9.79483000000000 1.0419E+04
9.79483000000000 1.0200E+04
9.79477000000000 1.0197E+04
9.79483000000000 1.0201E+04
9.79481000000000 1.0147E+04
9.79483000000000 1.0189E+04
9.79477000000000 1.0076E+04
9.79483000000000 1.0343E+04
9.79483000000000 1.0381E+04
9.79483000000000 1.0057E+04
9.79483000000000 1.0327E+04
9.79485000000000 1.0391E+04
9.79483000000000 1.0203E+04
9.79483000000000 1.0420E+04
9.79483000000000 1.0417E+04
9.79481000000000 1.0227E+04
9.79483000000000 1.0186E+04
9.79483000000000 9980.
9.79483000000000 1.0219E+04
9.79481000000000 1.0270E+04
9.79483000000000 1.0256E+04
9.79483000000000 1.0324E+04
9.79477000000000 1.0224E+04
9.79483000000000 1.0298E+04
9.79477000000000 1.0210E+04
9.79483000000000 1.0269E+04
9.79483000000000 1.0128E+04
9.79483000000000 1.0276E+04
9.79485000000000 1.0078E+04
9.79483000000000 1.0167E+04
9.79483000000000 1.0177E+04
9.79483000000000 1.0356E+04
9.79483000000000 1.0436E+04
9.79477000000000 1.0388E+04
9.79483000000000 1.0213E+04
9.79483000000000 1.0142E+04
9.79483000000000 1.0260E+04
9.79483000000000 1.0467E+04
9.79483000000000 1.0312E+04
9.79483000000000 1.0397E+04
9.79483000000000 1.0439E+04
9.79483000000000 1.0447E+04
9.79481000000000 1.0300E+04
9.79483000000000 1.0225E+04
9.79481000000000 1.0074E+04
9.79483000000000 1.0286E+04
9.79483000000000 1.0222E+04
9.79477000000000 1.0153E+04
9.79483000000000 1.0500E+04
9.79483000000000 1.0348E+04
9.79483000000000 1.0344E+04
9.79477000000000 1.0339E+04
9.79483000000000 1.0357E+04
9.79483000000000 1.0306E+04
9.79483000000000 1.0210E+04
9.79483000000000 1.0394E+04
9.79481000000000 9853.
9.79483000000000 1.0212E+04
9.79483000000000 1.0139E+04
9.79483000000000 1.0171E+04
9.79483000000000 1.0302E+04
9.79481000000000 1.0514E+04
9.79477000000000 1.0571E+04
9.79483000000000 1.0196E+04
9.79483000000000 1.0278E+04
9.79483000000000 1.0361E+04
9.79483000000000 1.0302E+04
9.79483000000000 1.0198E+04
9.79483000000000 1.0273E+04
9.79485000000000 1.0346E+04
9.79483000000000 1.0222E+04
9.79483000000000 1.0193E+04
9.79483000000000 1.0409E+04
9.79483000000000 1.0232E+04
9.79477000000000 1.0422E+04
9.79483000000000 1.0388E+04
9.79481000000000 1.0270E+04
9.79483000000000 1.0269E+04
9.79483000000000 1.0132E+04
9.79485000000000 1.0437E+04
9.79478000000000 1.0149E+04
9.79483000000000 1.0318E+04
9.79483000000000 1.0231E+04
9.79483000000000 1.0339E+04
9.79481000000000 1.0417E+04
9.79483000000000 1.0151E+04
9.79483000000000 1.0351E+04
9.79483000000000 1.0164E+04
9.79478000000000 1.0425E+04
9.79481000000000 1.0437E+04
9.79483000000000 1.0174E+04
9.79483000000000 1.0275E+04
9.79486000000000 1.0137E+04
9.79483000000000 1.0240E+04
9.79483000000000 1.0356E+04
9.79483000000000 1.0275E+04
9.79483000000000 1.0094E+04
9.79483000000000 1.0191E+04
9.79481000000000 1.0445E+04
9.79483000000000 1.0403E+04
9.79483000000000 1.0275E+04
9.79485000000000 1.0290E+04
9.79481000000000 1.0330E+04
9.79478000000000 1.0286E+04
9.79483000000000 1.0418E+04
9.79483000000000 1.0381E+04
9.79483000000000 1.0291E+04
9.79477000000000 1.0354E+04
9.79481000000000 1.0118E+04
9.79481000000000 1.0334E+04
9.79483000000000 1.0250E+04
9.79485000000000 1.0290E+04
9.79483000000000 1.0460E+04
9.79483000000000 1.0233E+04
9.79485000000000 1.0334E+04
9.79485000000000 1.0595E+04
9.79481000000000 1.0203E+04
9.79483000000000 1.0355E+04
9.79483000000000 1.0345E+04
9.79483000000000 1.0403E+04
9.79483000000000 1.0289E+04
9.79481000000000 1.0059E+04
9.79483000000000 1.0236E+04
9.79483000000000 1.0091E+04
9.79477000000000 1.0042E+04
9.79483000000000 1.0290E+04
9.79483000000000 1.0284E+04
9.79483000000000 1.0122E+04
9.79483000000000 1.0441E+04
9.79483000000000 1.0250E+04
9.79483000000000 1.0344E+04
9.79483000000000 1.0164E+04
9.79485000000000 1.0157E+04
9.79478000000000 1.0272E+04
9.79483000000000 1.0253E+04
9.79485000000000 1.0113E+04
9.79483000000000 1.0377E+04
9.79483000000000 1.0288E+04
9.79481000000000 1.0285E+04
9.79483000000000 1.0211E+04
9.79483000000000 1.0367E+04
9.79483000000000 1.0378E+04
9.79483000000000 1.0372E+04
9.79483000000000 1.0260E+04
9.79485000000000 1.0322E+04
9.79483000000000 1.0263E+04
9.79481000000000 1.0347E+04
9.79485000000000 1.0305E+04
9.79483000000000 1.0257E+04
9.79485000000000 1.0091E+04
9.79483000000000 1.0096E+04
9.79483000000000 1.0414E+04
9.79483000000000 1.0326E+04
9.79483000000000 1.0418E+04
9.79485000000000 1.0356E+04
9.79483000000000 1.0396E+04
9.79483000000000 1.0272E+04
9.79483000000000 1.0260E+04
9.79483000000000 1.0445E+04
9.79483000000000 1.0260E+04
9.79477000000000 1.0356E+04
9.79477000000000 9971.
9.79483000000000 1.0187E+04
9.79483000000000 1.0439E+04
9.79483000000000 1.0271E+04
9.79483000000000 1.0352E+04
9.79483000000000 1.0426E+04
9.79483000000000 1.0407E+04
9.79483000000000 1.0329E+04
9.79485000000000 1.0307E+04
9.79483000000000 1.0121E+04
9.79483000000000 1.0122E+04
9.79483000000000 1.0229E+04
9.79483000000000 1.0350E+04
9.79477000000000 1.0139E+04
9.79483000000000 1.0220E+04
9.79483000000000 1.0162E+04
9.79481000000000 1.0363E+04
9.79483000000000 1.0138E+04
9.79483000000000 1.0498E+04
9.79477000000000 1.0261E+04
9.79483000000000 1.0137E+04
9.79483000000000 1.0184E+04
9.79483000000000 1.0479E+04
9.79481000000000 1.0401E+04
9.79477000000000 1.0132E+04
9.79483000000000 1.0538E+04
9.79483000000000 1.0483E+04
9.79483000000000 1.0277E+04
9.79483000000000 1.0325E+04
9.79478000000000 1.0253E+04
9.79483000000000 1.0513E+04
9.79478000000000 1.0295E+04
9.79483000000000 1.0188E+04
9.79483000000000 1.0221E+04
9.79481000000000 1.0336E+04
9.79483000000000 1.0319E+04
9.79483000000000 1.0415E+04
9.79485000000000 1.0145E+04
9.79483000000000 1.0155E+04
9.79483000000000 1.0513E+04
9.79483000000000 1.0100E+04
9.79481000000000 1.0430E+04
9.79481000000000 1.0363E+04
9.79485000000000 1.0389E+04
9.79483000000000 1.0313E+04
9.79478000000000 1.0526E+04
9.79483000000000 1.0143E+04
9.79481000000000 1.0182E+04
9.79483000000000 1.0251E+04
9.79483000000000 1.0218E+04
9.79481000000000 1.0129E+04
9.79483000000000 1.0398E+04
9.79485000000000 1.0490E+04
9.79483000000000 1.0222E+04
9.79481000000000 1.0325E+04
9.79483000000000 1.0313E+04
9.79483000000000 1.0163E+04
9.79483000000000 1.0216E+04
9.79483000000000 1.0159E+04
9.79483000000000 1.0367E+04
9.79483000000000 1.0362E+04
9.79483000000000 1.0340E+04
9.79477000000000 1.0238E+04
9.79483000000000 1.0146E+04
9.79481000000000 1.0287E+04
9.79483000000000 1.0389E+04
9.79483000000000 1.0392E+04
9.79483000000000 1.0159E+04
9.79483000000000 1.0048E+04
9.79483000000000 1.0219E+04
9.79483000000000 1.0354E+04
9.79485000000000 1.0007E+04
9.79483000000000 1.0248E+04
9.79483000000000 1.0184E+04
9.79477000000000 1.0302E+04
9.79477000000000 1.0435E+04
9.79483000000000 1.0259E+04
9.79485000000000 1.0137E+04
9.79485000000000 1.0363E+04
9.79481000000000 1.0294E+04
9.79483000000000 1.0259E+04
9.79483000000000 1.0284E+04
9.79483000000000 1.0340E+04
9.79483000000000 1.0360E+04
9.79485000000000 1.0487E+04
9.79481000000000 1.0231E+04
9.79483000000000 1.0491E+04
9.79483000000000 1.0195E+04
9.79483000000000 1.0289E+04
9.79483000000000 1.0180E+04
9.79485000000000 1.0263E+04
9.79483000000000 1.0240E+04
9.79483000000000 1.0043E+04
9.79481000000000 1.0299E+04
9.79483000000000 1.0223E+04
9.79483000000000 1.0269E+04
9.79483000000000 1.0302E+04
9.79485000000000 1.0252E+04
9.79483000000000 1.0472E+04
9.79483000000000 1.0165E+04
9.79481000000000 1.0480E+04
9.79485000000000 1.0145E+04
9.79483000000000 1.0241E+04
9.79483000000000 1.0228E+04
9.79483000000000 1.0545E+04
9.79483000000000 1.0266E+04
9.79483000000000 1.0256E+04
9.79481000000000 9991.
9.79481000000000 1.0103E+04
9.79481000000000 1.0299E+04
9.79483000000000 1.0246E+04
9.79483000000000 1.0241E+04
9.79483000000000 1.0318E+04
9.79483000000000 1.0106E+04
9.79481000000000 1.0168E+04
9.79483000000000 1.0469E+04
9.79483000000000 1.0153E+04
9.79483000000000 1.0155E+04
9.79483000000000 1.0389E+04
9.79483000000000 9873.
9.79483000000000 1.0418E+04
9.79483000000000 1.0378E+04
9.79481000000000 1.0308E+04
9.79477000000000 1.0092E+04
9.79477000000000 1.0162E+04
9.79483000000000 1.0375E+04
9.79483000000000 1.0208E+04
9.79481000000000 1.0334E+04
9.79478000000000 1.0276E+04
9.79483000000000 1.0116E+04
9.79477000000000 1.0366E+04
9.79483000000000 1.0477E+04
9.79483000000000 1.0317E+04
9.79485000000000 1.0408E+04
9.79478000000000 1.0458E+04
9.79477000000000 1.0446E+04
9.79483000000000 1.0313E+04
9.79481000000000 1.0265E+04
9.79483000000000 1.0155E+04
9.79481000000000 1.0399E+04
9.79481000000000 1.0340E+04
9.79481000000000 1.0280E+04
9.79483000000000 1.0047E+04
9.79481000000000 1.0495E+04
9.79477000000000 1.0351E+04
9.79478000000000 1.0269E+04
9.79481000000000 1.0318E+04
9.79483000000000 1.0328E+04
9.79483000000000 1.0273E+04
9.79483000000000 1.0353E+04
9.79483000000000 1.0217E+04
9.79483000000000 1.0450E+04
9.79483000000000 1.0275E+04
9.79481000000000 1.0167E+04
9.79477000000000 1.0064E+04
9.79483000000000 1.0236E+04
9.79483000000000 1.0264E+04
9.79483000000000 1.0335E+04
9.79481000000000 1.0359E+04
9.79483000000000 1.0308E+04
9.79483000000000 1.0386E+04
9.79478000000000 1.0152E+04
9.79483000000000 1.0368E+04
9.79483000000000 1.0253E+04
9.79477000000000 1.0243E+04
9.79483000000000 1.0350E+04
9.79483000000000 1.0235E+04
9.79481000000000 1.0208E+04
9.79483000000000 1.0346E+04
9.79478000000000 1.0182E+04
9.79485000000000 1.0162E+04
9.79485000000000 1.0308E+04
9.79483000000000 1.0114E+04
9.79483000000000 1.0199E+04
9.79483000000000 1.0034E+04
9.79481000000000 1.0181E+04
9.79483000000000 1.0121E+04
9.79483000000000 1.0471E+04
9.79483000000000 1.0345E+04
9.79477000000000 1.0283E+04
9.79483000000000 1.0104E+04
9.79481000000000 1.0099E+04
9.79483000000000 1.0087E+04
9.79478000000000 1.0286E+04
9.79483000000000 1.0301E+04
9.79483000000000 1.0280E+04
9.79485000000000 1.0522E+04
9.79483000000000 1.0370E+04
9.79483000000000 1.0330E+04
9.79477000000000 1.0127E+04
9.79483000000000 1.0316E+04
9.79483000000000 1.0184E+04
9.79485000000000 1.0155E+04
9.79483000000000 1.0404E+04
9.79481000000000 1.0301E+04
9.79483000000000 1.0152E+04
9.79485000000000 1.0411E+04
9.79483000000000 1.0214E+04
9.79481000000000 1.0249E+04
9.79477000000000 1.0002E+04
9.79485000000000 1.0229E+04
9.79483000000000 1.0420E+04
9.79483000000000 1.0324E+04
9.79483000000000 1.0342E+04
9.79483000000000 1.0178E+04
9.79483000000000 1.0188E+04
9.79483000000000 1.0401E+04
9.79485000000000 1.0193E+04
9.79483000000000 1.0285E+04
9.79485000000000 1.0233E+04
9.79477000000000 1.0228E+04
9.79483000000000 1.0487E+04
9.79481000000000 1.0331E+04
9.79481000000000 1.0202E+04
9.79481000000000 1.0239E+04
9.79481000000000 1.0182E+04
9.79483000000000 1.0198E+04
9.79485000000000 1.0011E+04
9.79483000000000 1.0174E+04
9.79483000000000 1.0171E+04
9.79477000000000 1.0387E+04
9.79477000000000 1.0268E+04
9.79481000000000 1.0181E+04
9.79483000000000 1.0235E+04
9.79485000000000 1.0371E+04
9.79483000000000 1.0269E+04
9.79478000000000 1.0437E+04
9.79481000000000 1.0139E+04
9.79483000000000 1.0306E+04
9.79477000000000 1.0177E+04
9.79483000000000 1.0267E+04
9.79486000000000 1.0050E+04
9.79477000000000 1.0319E+04
9.79477000000000 1.0405E+04
9.79477000000000 1.0024E+04
9.79485000000000 1.0150E+04
9.79483000000000 1.0289E+04
9.79483000000000 1.0200E+04
9.79483000000000 1.0286E+04
9.79483000000000 1.0218E+04
9.79483000000000 1.0141E+04
9.79483000000000 1.0311E+04
9.79483000000000 1.0086E+04
9.79483000000000 1.0470E+04
9.79483000000000 1.0086E+04
9.79483000000000 1.0305E+04
9.79478000000000 1.0209E+04
9.79483000000000 1.0390E+04
9.79481000000000 1.0178E+04
9.79483000000000 1.0251E+04
9.79483000000000 1.0453E+04
9.79478000000000 1.0185E+04
9.79477000000000 1.0093E+04
9.79483000000000 1.0380E+04
9.79483000000000 1.0068E+04
9.79483000000000 1.0123E+04
9.79483000000000 1.0300E+04
9.79477000000000 1.0150E+04
9.79483000000000 1.0057E+04
9.79483000000000 1.0279E+04
9.79477000000000 1.0295E+04
9.79483000000000 1.0180E+04
9.79483000000000 9861.
9.79485000000000 1.0249E+04
9.79481000000000 1.0255E+04
9.79483000000000 1.0377E+04
9.79483000000000 1.0119E+04
9.79485000000000 1.0334E+04
9.79483000000000 1.0217E+04
9.79477000000000 1.0293E+04
9.79483000000000 1.0028E+04
9.79477000000000 1.0281E+04
9.79483000000000 1.0254E+04
9.79483000000000 1.0180E+04
9.79481000000000 1.0227E+04
9.79490000000000 1.0299E+04
9.79485000000000 1.0348E+04
9.79478000000000 1.0126E+04
9.79483000000000 1.0248E+04
9.79483000000000 1.0250E+04
9.79483000000000 1.0276E+04
9.79483000000000 1.0369E+04
9.79483000000000 1.0483E+04
9.79483000000000 1.0155E+04
9.79483000000000 1.0481E+04
9.79483000000000 1.0349E+04
9.79483000000000 1.0218E+04
9.79485000000000 1.0265E+04
9.79477000000000 1.0266E+04
9.79483000000000 1.0176E+04
9.79483000000000 1.0237E+04
9.79481000000000 1.0179E+04
9.79483000000000 1.0203E+04
