9.79465000000000 4628.
9.79408000000000 4528.
9.79425000000000 4570.
9.79427000000000 4589.
9.79378000000000 4348.
9.79425000000000 4553.
9.79425000000000 4557.
9.79427000000000 4585.
9.79427000000000 4585.
9.79496000000000 4489.
9.79425000000000 4451.
9.79412000000000 4490.
9.79425000000000 4588.
9.79413000000000 4592.
9.79412000000000 4457.
9.79425000000000 4518.
9.79465000000000 4542.
9.79425000000000 4466.
9.79425000000000 4466.
9.79393000000000 4624.
9.79425000000000 4531.
9.79511000000000 4532.
9.79425000000000 4443.
9.79437000000000 4445.
9.79437000000000 4473.
9.79378000000000 4399.
9.79425000000000 4591.
9.79413000000000 4577.
9.79413000000000 4577.
9.79425000000000 4421.
9.79486000000000 4520.
9.79465000000000 4391.
9.79430000000000 4605.
9.79408000000000 4472.
9.79427000000000 4567.
9.79439000000000 4492.
9.79393000000000 4406.
9.79487000000000 4577.
9.79427000000000 4497.
9.79427000000000 4497.
9.79511000000000 4509.
9.79408000000000 4533.
9.79393000000000 4527.
9.79425000000000 4551.
9.79413000000000 4542.
9.79412000000000 4391.
9.79425000000000 4312.
9.79496000000000 4533.
9.79412000000000 4499.
9.79511000000000 4429.
9.79511000000000 4429.
9.79425000000000 4520.
9.79425000000000 4487.
9.79412000000000 4479.
9.79439000000000 4554.
9.79487000000000 4567.
9.79486000000000 4498.
9.79425000000000 4468.
9.79425000000000 4570.
9.79425000000000 4550.
9.79425000000000 4550.
9.79496000000000 4583.
9.79432000000000 4528.
9.79427000000000 4497.
9.79408000000000 4708.
9.79425000000000 4500.
9.79425000000000 4437.
9.79437000000000 4460.
9.79393000000000 4491.
9.79496000000000 4459.
9.79496000000000 4459.
9.79405000000000 4499.
9.79425000000000 4479.
9.79437000000000 4555.
9.79412000000000 4476.
9.79412000000000 4464.
9.79439000000000 4461.
9.79496000000000 4465.
9.79412000000000 4465.
9.79496000000000 4705.
9.79405000000000 4493.
9.79405000000000 4493.
9.79442000000000 4427.
9.79412000000000 4600.
9.79496000000000 4524.
9.79413000000000 4379.
9.79439000000000 4487.
9.79425000000000 4536.
9.79425000000000 4467.
9.79413000000000 4443.
9.79437000000000 4428.
9.79437000000000 4428.
9.79412000000000 4531.
9.79425000000000 4472.
9.79425000000000 4552.
9.79496000000000 4495.
9.79496000000000 4444.
9.79393000000000 4392.
9.79412000000000 4538.
9.79437000000000 4387.
9.79511000000000 4526.
9.79511000000000 4526.
9.79425000000000 4571.
9.79425000000000 4653.
9.79425000000000 4591.
9.79378000000000 4572.
9.79486000000000 4498.
9.79393000000000 4351.
9.79425000000000 4569.
9.79425000000000 4381.
9.79425000000000 4381.
9.79412000000000 4529.
9.79496000000000 4385.
9.79408000000000 4584.
9.79412000000000 4454.
9.79425000000000 4571.
9.79427000000000 4357.
9.79425000000000 4615.
9.79425000000000 4523.
9.79412000000000 4277.
9.79412000000000 4277.
9.79496000000000 4568.
9.79425000000000 4454.
9.79425000000000 4531.
9.79425000000000 4412.
9.79430000000000 4360.
9.79412000000000 4533.
9.79412000000000 4516.
9.79412000000000 4516.
9.79496000000000 4579.
9.79439000000000 4376.
9.79439000000000 4376.
9.79393000000000 4484.
9.79511000000000 4680.
9.79412000000000 4503.
9.79413000000000 4499.
9.79425000000000 4422.
9.79496000000000 4581.
9.79425000000000 4403.
9.79465000000000 4405.
9.79496000000000 4470.
9.79496000000000 4470.
9.79439000000000 4368.
9.79425000000000 4510.
9.79393000000000 4561.
9.79425000000000 4525.
9.79425000000000 4610.
9.79425000000000 4480.
9.79437000000000 4529.
9.79496000000000 4518.
9.79439000000000 4397.
9.79412000000000 4472.
9.79412000000000 4472.
9.79412000000000 4528.
9.79439000000000 4509.
9.79412000000000 4539.
9.79487000000000 4501.
9.79425000000000 4477.
9.79496000000000 4422.
9.79425000000000 4359.
9.79378000000000 4561.
9.79378000000000 4561.
9.79439000000000 4496.
9.79425000000000 4476.
9.79408000000000 4581.
9.79425000000000 4677.
9.79412000000000 4452.
9.79412000000000 4444.
9.79496000000000 4344.
9.79465000000000 4379.
9.79413000000000 4549.
9.79413000000000 4549.
9.79413000000000 4514.
9.79425000000000 4384.
9.79425000000000 4582.
9.79425000000000 4434.
9.79425000000000 4586.
9.79425000000000 4512.
9.79379000000000 4485.
9.79425000000000 4555.
9.79425000000000 4555.
9.79442000000000 4504.
9.79393000000000 4521.
9.79412000000000 4548.
9.79439000000000 4567.
9.79425000000000 4516.
9.79465000000000 4368.
9.79408000000000 4426.
9.79425000000000 4373.
9.79425000000000 4481.
9.79425000000000 4429.
9.79425000000000 4429.
9.79460000000000 4497.
9.79412000000000 4501.
9.79425000000000 4477.
9.79425000000000 4469.
9.79482000000000 4509.
9.79496000000000 4487.
9.79425000000000 4538.
9.79504000000000 4562.
9.79425000000000 4441.
9.79425000000000 4441.
9.79425000000000 4350.
9.79496000000000 4396.
9.79425000000000 4491.
9.79496000000000 4425.
9.79425000000000 4477.
9.79412000000000 4533.
9.79504000000000 4403.
9.79393000000000 4425.
9.79425000000000 4595.
9.79425000000000 4595.
9.79425000000000 4467.
9.79425000000000 4442.
9.79425000000000 4678.
9.79477000000000 4524.
9.79496000000000 4476.
9.79425000000000 4459.
9.79413000000000 4429.
9.79439000000000 4532.
9.79425000000000 4460.
9.79425000000000 4460.
9.79412000000000 4461.
9.79496000000000 4411.
9.79437000000000 4455.
9.79425000000000 4400.
9.79496000000000 4598.
9.79439000000000 4491.
9.79425000000000 4548.
9.79425000000000 4489.
9.79437000000000 4424.
9.79437000000000 4424.
9.79442000000000 4596.
9.79425000000000 4459.
9.79425000000000 4433.
9.79412000000000 4523.
9.79425000000000 4534.
9.79425000000000 4425.
9.79425000000000 4612.
9.79487000000000 4441.
9.79487000000000 4441.
9.79393000000000 4417.
9.79425000000000 4460.
9.79425000000000 4370.
9.79425000000000 4472.
9.79425000000000 4306.
9.79413000000000 4551.
9.79412000000000 4447.
9.79465000000000 4434.
9.79425000000000 4444.
9.79492000000000 4678.
9.79492000000000 4678.
9.79408000000000 4476.
9.79437000000000 4566.
9.79459000000000 4434.
9.79425000000000 4607.
9.79437000000000 4438.
9.79486000000000 4428.
9.79425000000000 4552.
9.79425000000000 4375.
9.79412000000000 4595.
9.79496000000000 4557.
9.79496000000000 4557.
9.79412000000000 4608.
9.79367000000000 4406.
9.79425000000000 4541.
9.79425000000000 4469.
9.79435000000000 4363.
9.79412000000000 4457.
9.79486000000000 4652.
9.79425000000000 4438.
9.79437000000000 4429.
9.79437000000000 4429.
9.79412000000000 4442.
9.79412000000000 4564.
9.79496000000000 4469.
9.79412000000000 4403.
9.79442000000000 4360.
9.79408000000000 4420.
9.79408000000000 4321.
9.79408000000000 4484.
9.79425000000000 4336.
9.79425000000000 4336.
9.79412000000000 4456.
9.79442000000000 4586.
9.79477000000000 4489.
9.79425000000000 4424.
9.79437000000000 4463.
9.79496000000000 4569.
9.79420000000000 4532.
9.79425000000000 4477.
9.79425000000000 4406.
9.79425000000000 4406.
9.79442000000000 4471.
9.79477000000000 4433.
9.79425000000000 4428.
9.79425000000000 4582.
9.79425000000000 4418.
9.79425000000000 4556.
9.79425000000000 4343.
9.79412000000000 4574.
9.79439000000000 4546.
9.79439000000000 4546.
9.79425000000000 4580.
9.79425000000000 4509.
9.79425000000000 4622.
9.79496000000000 4531.
9.79412000000000 4383.
9.79425000000000 4336.
9.79496000000000 4475.
9.79425000000000 4573.
9.79412000000000 4469.
9.79425000000000 4559.
9.79425000000000 4559.
9.79486000000000 4380.
9.79425000000000 4514.
9.79439000000000 4509.
9.79439000000000 4581.
9.79378000000000 4388.
9.79439000000000 4494.
9.79442000000000 4487.
9.79496000000000 4583.
9.79425000000000 4398.
9.79425000000000 4398.
9.79425000000000 4421.
9.79393000000000 4547.
9.79400000000000 4482.
9.79412000000000 4569.
9.79425000000000 4455.
9.79412000000000 4506.
9.79425000000000 4614.
9.79439000000000 4539.
9.79496000000000 4413.
9.79412000000000 4543.
9.79412000000000 4543.
9.79496000000000 4598.
9.79413000000000 4487.
9.79413000000000 4650.
9.79393000000000 4509.
9.79501000000000 4426.
9.79412000000000 4632.
9.79412000000000 4479.
9.79412000000000 4464.
9.79413000000000 4469.
9.79413000000000 4469.
9.79477000000000 4516.
9.79425000000000 4597.
9.79496000000000 4378.
9.79511000000000 4416.
9.79425000000000 4351.
9.79425000000000 4441.
9.79439000000000 4486.
9.79496000000000 4517.
9.79430000000000 4608.
9.79496000000000 4449.
9.79496000000000 4449.
9.79408000000000 4469.
9.79378000000000 4592.
9.79412000000000 4432.
9.79408000000000 4437.
9.79504000000000 4480.
9.79425000000000 4631.
9.79378000000000 4461.
9.79393000000000 4542.
9.79496000000000 4570.
9.79425000000000 4426.
9.79425000000000 4426.
9.79413000000000 4471.
9.79496000000000 4602.
9.79378000000000 4531.
9.79413000000000 4449.
9.79425000000000 4500.
9.79412000000000 4527.
9.79393000000000 4343.
9.79425000000000 4521.
9.79425000000000 4532.
9.79425000000000 4532.
9.79425000000000 4560.
9.79425000000000 4380.
9.79486000000000 4421.
9.79412000000000 4515.
9.79425000000000 4611.
9.79413000000000 4488.
9.79425000000000 4523.
9.79413000000000 4581.
9.79412000000000 4425.
9.79412000000000 4425.
9.79412000000000 4521.
9.79425000000000 4580.
9.79496000000000 4596.
9.79496000000000 4436.
9.79412000000000 4498.
9.79412000000000 4524.
9.79412000000000 4500.
9.79425000000000 4597.
9.79496000000000 4518.
9.79496000000000 4518.
9.79496000000000 4472.
9.79496000000000 4590.
9.79511000000000 4289.
9.79437000000000 4409.
9.79425000000000 4569.
9.79412000000000 4513.
9.79425000000000 4471.
9.79425000000000 4527.
9.79439000000000 4558.
9.79439000000000 4558.
9.79479000000000 4365.
9.79425000000000 4568.
9.79412000000000 4561.
9.79425000000000 4341.
9.79511000000000 4556.
9.79427000000000 4435.
9.79425000000000 4339.
9.79412000000000 4514.
9.79412000000000 4514.
9.79413000000000 4413.
9.79496000000000 4591.
9.79496000000000 4621.
9.79425000000000 4460.
9.79425000000000 4591.
9.79425000000000 4279.
9.79413000000000 4526.
9.79412000000000 4414.
9.79412000000000 4357.
9.79412000000000 4357.
9.79425000000000 4604.
9.79497000000000 4438.
9.79413000000000 4532.
9.79412000000000 4378.
9.79425000000000 4456.
9.79413000000000 4543.
9.79413000000000 4566.
9.79412000000000 4448.
9.79425000000000 4518.
9.79496000000000 4533.
9.79496000000000 4533.
9.79496000000000 4384.
9.79412000000000 4630.
9.79425000000000 4511.
9.79412000000000 4478.
9.79412000000000 4538.
9.79425000000000 4466.
9.79378000000000 4438.
9.79413000000000 4376.
9.79425000000000 4411.
9.79425000000000 4411.
9.79425000000000 4399.
9.79437000000000 4489.
9.79425000000000 4401.
9.79413000000000 4538.
9.79413000000000 4564.
9.79412000000000 4437.
9.79425000000000 4536.
9.79425000000000 4507.
9.79425000000000 4543.
9.79425000000000 4543.
9.79439000000000 4410.
9.79496000000000 4484.
9.79496000000000 4497.
9.79425000000000 4514.
9.79465000000000 4572.
9.79413000000000 4377.
9.79425000000000 4601.
9.79413000000000 4519.
9.79412000000000 4494.
9.79412000000000 4494.
9.79425000000000 4400.
9.79412000000000 4420.
9.79496000000000 4447.
9.79412000000000 4471.
9.79439000000000 4376.
9.79425000000000 4608.
9.79425000000000 4516.
9.79425000000000 4599.
9.79393000000000 4557.
9.79393000000000 4557.
9.79425000000000 4450.
9.79425000000000 4397.
9.79412000000000 4417.
9.79412000000000 4428.
9.79425000000000 4543.
9.79412000000000 4451.
9.79425000000000 4426.
9.79439000000000 4577.
9.79393000000000 4542.
9.79393000000000 4542.
9.79425000000000 4527.
9.79425000000000 4527.
9.79413000000000 4579.
9.79425000000000 4539.
9.79425000000000 4394.
9.79412000000000 4542.
9.79425000000000 4446.
9.79430000000000 4497.
9.79439000000000 4325.
9.79439000000000 4325.
9.79393000000000 4511.
9.79496000000000 4508.
9.79425000000000 4525.
