9.79247000000000 4480.
9.79247000000000 4377.
9.79247000000000 4578.
9.79247000000000 4361.
9.79247000000000 4568.
9.79247000000000 4436.
9.79247000000000 4339.
9.79247000000000 4488.
9.79247000000000 4480.
9.79247000000000 4386.
9.79247000000000 4427.
9.79247000000000 4511.
9.79247000000000 4406.
9.79247000000000 4398.
9.79247000000000 4610.
9.79247000000000 4478.
9.79247000000000 4396.
9.79247000000000 4525.
9.79247000000000 4436.
9.79247000000000 4397.
9.79247000000000 4388.
9.79247000000000 4388.
9.79247000000000 4472.
9.79247000000000 4341.
9.79247000000000 4406.
9.79247000000000 4566.
9.79247000000000 4496.
9.79247000000000 4467.
9.79247000000000 4436.
9.79247000000000 4620.
9.79247000000000 4428.
9.79247000000000 4517.
9.79242000000000 4385.
9.79247000000000 4524.
9.79247000000000 4560.
9.79247000000000 4520.
9.79247000000000 4462.
9.79247000000000 4378.
9.79247000000000 4501.
9.79247000000000 4529.
9.79247000000000 4457.
9.79247000000000 4440.
9.79247000000000 4511.
9.79247000000000 4462.
9.79247000000000 4480.
9.79247000000000 4497.
9.79247000000000 4502.
9.79247000000000 4397.
9.79242000000000 4538.
9.79247000000000 4409.
9.79247000000000 4396.
9.79247000000000 4398.
9.79247000000000 4595.
9.79247000000000 4525.
9.79247000000000 4605.
9.79247000000000 4395.
9.79247000000000 4379.
9.79247000000000 4508.
9.79247000000000 4417.
9.79247000000000 4506.
9.79242000000000 4431.
9.79247000000000 4471.
9.79247000000000 4459.
9.79247000000000 4530.
9.79247000000000 4414.
9.79247000000000 4433.
9.79247000000000 4347.
9.79247000000000 4326.
9.79247000000000 4363.
9.79247000000000 4572.
9.79247000000000 4342.
9.79247000000000 4472.
9.79247000000000 4560.
9.79250000000000 4352.
9.79247000000000 4436.
9.79247000000000 4521.
9.79247000000000 4412.
9.79247000000000 4428.
9.79251000000000 4386.
9.79247000000000 4463.
9.79247000000000 4496.
9.79247000000000 4343.
9.79247000000000 4423.
9.79247000000000 4476.
9.79247000000000 4360.
9.79247000000000 4407.
9.79247000000000 4478.
9.79247000000000 4431.
9.79247000000000 4419.
9.79247000000000 4522.
9.79247000000000 4676.
9.79247000000000 4361.
9.79247000000000 4356.
9.79247000000000 4482.
9.79247000000000 4528.
9.79247000000000 4338.
9.79247000000000 4527.
9.79247000000000 4302.
9.79247000000000 4402.
9.79247000000000 4373.
9.79248000000000 4547.
9.79247000000000 4535.
9.79247000000000 4507.
9.79247000000000 4460.
9.79247000000000 4447.
9.79247000000000 4496.
9.79247000000000 4333.
9.79247000000000 4605.
9.79247000000000 4570.
9.79247000000000 4557.
9.79247000000000 4285.
9.79247000000000 4457.
9.79250000000000 4393.
9.79247000000000 4382.
9.79247000000000 4382.
9.79247000000000 4389.
9.79247000000000 4535.
9.79247000000000 4476.
9.79247000000000 4488.
9.79247000000000 4471.
9.79247000000000 4331.
9.79247000000000 4472.
9.79247000000000 4491.
9.79247000000000 4372.
9.79247000000000 4464.
9.79257000000000 4414.
9.79247000000000 4470.
9.79241000000000 4471.
9.79247000000000 4420.
9.79247000000000 4608.
9.79247000000000 4535.
9.79247000000000 4495.
9.79247000000000 4391.
9.79247000000000 4492.
9.79247000000000 4312.
9.79247000000000 4447.
9.79247000000000 4418.
9.79247000000000 4419.
9.79247000000000 4456.
9.79247000000000 4565.
9.79247000000000 4453.
9.79247000000000 4413.
9.79247000000000 4423.
9.79247000000000 4528.
9.79247000000000 4497.
9.79247000000000 4477.
9.79247000000000 4569.
9.79247000000000 4391.
9.79247000000000 4250.
9.79247000000000 4426.
9.79247000000000 4484.
9.79247000000000 4291.
9.79247000000000 4330.
9.79247000000000 4358.
9.79247000000000 4468.
9.79247000000000 4418.
9.79247000000000 4358.
9.79247000000000 4487.
9.79247000000000 4539.
9.79247000000000 4455.
9.79247000000000 4414.
9.79247000000000 4447.
9.79247000000000 4391.
9.79247000000000 4590.
9.79247000000000 4572.
9.79247000000000 4385.
9.79247000000000 4315.
9.79247000000000 4631.
9.79247000000000 4365.
9.79247000000000 4509.
9.79247000000000 4473.
9.79247000000000 4588.
9.79247000000000 4359.
9.79247000000000 4561.
9.79247000000000 4586.
9.79247000000000 4493.
9.79247000000000 4385.
9.79247000000000 4432.
9.79247000000000 4547.
9.79247000000000 4389.
9.79247000000000 4452.
9.79241000000000 4441.
9.79247000000000 4404.
9.79247000000000 4399.
9.79247000000000 4507.
9.79247000000000 4464.
9.79247000000000 4549.
9.79247000000000 4550.
9.79247000000000 4511.
9.79247000000000 4533.
9.79247000000000 4429.
9.79247000000000 4504.
9.79247000000000 4580.
9.79247000000000 4230.
9.79247000000000 4432.
9.79247000000000 4614.
9.79247000000000 4380.
9.79247000000000 4446.
9.79250000000000 4538.
9.79247000000000 4417.
9.79247000000000 4479.
9.79247000000000 4394.
9.79247000000000 4442.
9.79247000000000 4457.
9.79247000000000 4544.
9.79247000000000 4340.
9.79242000000000 4405.
9.79250000000000 4480.
9.79247000000000 4471.
9.79241000000000 4386.
9.79241000000000 4599.
9.79247000000000 4397.
9.79247000000000 4390.
9.79247000000000 4417.
9.79247000000000 4313.
9.79247000000000 4571.
9.79247000000000 4610.
9.79247000000000 4493.
9.79247000000000 4400.
9.79247000000000 4514.
9.79247000000000 4370.
9.79247000000000 4446.
9.79247000000000 4484.
9.79247000000000 4386.
9.79247000000000 4438.
9.79247000000000 4504.
9.79247000000000 4487.
9.79247000000000 4329.
9.79247000000000 4344.
9.79247000000000 4430.
9.79242000000000 4377.
9.79247000000000 4347.
9.79247000000000 4580.
9.79247000000000 4419.
9.79247000000000 4367.
9.79247000000000 4420.
9.79247000000000 4351.
9.79247000000000 4331.
9.79247000000000 4474.
9.79247000000000 4361.
9.79247000000000 4423.
9.79247000000000 4640.
9.79247000000000 4609.
9.79247000000000 4401.
9.79247000000000 4316.
9.79251000000000 4341.
9.79247000000000 4507.
9.79247000000000 4524.
9.79247000000000 4457.
9.79241000000000 4397.
9.79247000000000 4443.
9.79247000000000 4392.
9.79247000000000 4493.
9.79247000000000 4507.
9.79247000000000 4386.
9.79247000000000 4457.
9.79247000000000 4369.
9.79247000000000 4424.
9.79247000000000 4306.
9.79247000000000 4505.
9.79247000000000 4430.
9.79247000000000 4346.
9.79247000000000 4433.
9.79241000000000 4293.
9.79247000000000 4405.
9.79247000000000 4509.
9.79247000000000 4522.
9.79247000000000 4540.
9.79247000000000 4345.
9.79247000000000 4362.
9.79247000000000 4378.
9.79247000000000 4436.
9.79247000000000 4384.
9.79247000000000 4452.
9.79247000000000 4389.
9.79247000000000 4321.
9.79257000000000 4559.
9.79247000000000 4478.
9.79247000000000 4370.
9.79253000000000 4613.
9.79247000000000 4469.
9.79247000000000 4318.
9.79247000000000 4509.
9.79247000000000 4440.
9.79241000000000 4390.
9.79244000000000 4465.
9.79247000000000 4633.
9.79242000000000 4470.
9.79247000000000 4534.
9.79247000000000 4445.
9.79247000000000 4437.
9.79247000000000 4375.
9.79248000000000 4430.
9.79247000000000 4464.
9.79247000000000 4493.
9.79247000000000 4664.
9.79247000000000 4378.
9.79247000000000 4514.
9.79247000000000 4544.
9.79247000000000 4519.
9.79247000000000 4540.
9.79242000000000 4355.
9.79247000000000 4438.
9.79247000000000 4419.
9.79247000000000 4434.
9.79247000000000 4519.
9.79247000000000 4600.
9.79247000000000 4509.
9.79247000000000 4502.
9.79247000000000 4501.
9.79247000000000 4314.
9.79247000000000 4363.
9.79247000000000 4571.
9.79247000000000 4488.
9.79247000000000 4415.
9.79247000000000 4408.
9.79247000000000 4421.
9.79247000000000 4295.
9.79247000000000 4517.
9.79247000000000 4534.
9.79247000000000 4286.
9.79247000000000 4473.
9.79247000000000 4342.
9.79250000000000 4432.
9.79247000000000 4424.
9.79247000000000 4489.
9.79247000000000 4461.
9.79247000000000 4639.
9.79247000000000 4540.
9.79247000000000 4286.
9.79247000000000 4539.
9.79247000000000 4362.
9.79247000000000 4481.
9.79247000000000 4376.
9.79247000000000 4415.
9.79247000000000 4414.
9.79247000000000 4448.
9.79247000000000 4546.
9.79247000000000 4502.
9.79247000000000 4493.
9.79247000000000 4573.
9.79247000000000 4448.
9.79247000000000 4460.
9.79247000000000 4489.
9.79247000000000 4480.
9.79247000000000 4452.
9.79247000000000 4395.
9.79247000000000 4487.
9.79247000000000 4430.
9.79247000000000 4376.
9.79247000000000 4392.
9.79247000000000 4410.
9.79247000000000 4608.
9.79247000000000 4544.
9.79247000000000 4596.
9.79247000000000 4458.
9.79247000000000 4468.
9.79247000000000 4462.
9.79247000000000 4467.
9.79247000000000 4428.
9.79247000000000 4267.
9.79247000000000 4458.
9.79247000000000 4392.
9.79247000000000 4389.
9.79247000000000 4429.
9.79247000000000 4507.
9.79247000000000 4429.
9.79247000000000 4385.
9.79247000000000 4466.
9.79247000000000 4390.
9.79247000000000 4496.
9.79247000000000 4507.
9.79242000000000 4425.
9.79247000000000 4625.
9.79247000000000 4644.
9.79247000000000 4492.
9.79247000000000 4520.
9.79247000000000 4466.
9.79247000000000 4560.
9.79247000000000 4406.
9.79247000000000 4517.
9.79242000000000 4710.
9.79247000000000 4440.
9.79247000000000 4478.
9.79247000000000 4267.
9.79247000000000 4407.
9.79247000000000 4471.
9.79247000000000 4446.
9.79247000000000 4335.
9.79247000000000 4405.
9.79247000000000 4473.
9.79247000000000 4484.
9.79247000000000 4501.
9.79247000000000 4494.
9.79247000000000 4366.
9.79247000000000 4510.
9.79247000000000 4515.
9.79247000000000 4374.
9.79247000000000 4510.
9.79247000000000 4444.
9.79247000000000 4312.
9.79247000000000 4464.
9.79247000000000 4543.
9.79247000000000 4497.
9.79247000000000 4472.
9.79247000000000 4384.
9.79247000000000 4315.
9.79247000000000 4619.
9.79247000000000 4433.
9.79241000000000 4352.
9.79247000000000 4371.
9.79247000000000 4510.
9.79247000000000 4351.
9.79247000000000 4641.
9.79247000000000 4448.
9.79247000000000 4469.
9.79247000000000 4528.
9.79247000000000 4371.
9.79257000000000 4480.
9.79247000000000 4569.
9.79247000000000 4431.
9.79247000000000 4399.
9.79247000000000 4593.
9.79247000000000 4632.
9.79247000000000 4486.
9.79247000000000 4392.
9.79247000000000 4286.
9.79257000000000 4489.
9.79247000000000 4547.
9.79247000000000 4422.
9.79247000000000 4364.
9.79247000000000 4367.
9.79247000000000 4360.
9.79247000000000 4477.
9.79251000000000 4438.
9.79247000000000 4465.
9.79247000000000 4503.
9.79247000000000 4423.
9.79247000000000 4360.
9.79247000000000 4477.
9.79247000000000 4440.
9.79247000000000 4396.
9.79247000000000 4440.
9.79247000000000 4481.
9.79247000000000 4373.
9.79247000000000 4322.
9.79247000000000 4495.
9.79247000000000 4393.
9.79247000000000 4499.
9.79247000000000 4419.
9.79247000000000 4619.
9.79247000000000 4520.
9.79247000000000 4461.
9.79247000000000 4501.
9.79241000000000 4368.
9.79247000000000 4437.
9.79247000000000 4381.
9.79250000000000 4518.
9.79247000000000 4380.
9.79247000000000 4439.
9.79241000000000 4396.
9.79247000000000 4464.
9.79247000000000 4493.
9.79247000000000 4438.
9.79247000000000 4571.
9.79247000000000 4306.
9.79247000000000 4512.
9.79247000000000 4384.
9.79247000000000 4503.
9.79247000000000 4466.
9.79247000000000 4478.
9.79247000000000 4497.
9.79247000000000 4371.
9.79247000000000 4482.
9.79247000000000 4491.
9.79247000000000 4464.
9.79247000000000 4614.
9.79247000000000 4544.
9.79247000000000 4446.
9.79247000000000 4457.
9.79247000000000 4522.
9.79247000000000 4443.
9.79247000000000 4469.
9.79242000000000 4417.
9.79247000000000 4415.
9.79247000000000 4582.
9.79247000000000 4445.
9.79247000000000 4541.
9.79247000000000 4439.
9.79247000000000 4583.
9.79247000000000 4665.
9.79247000000000 4330.
9.79247000000000 4576.
9.79247000000000 4381.
9.79247000000000 4497.
9.79247000000000 4443.
9.79247000000000 4586.
9.79247000000000 4584.
9.79247000000000 4371.
9.79247000000000 4221.
