9.79361000000000 1956.
9.78747000000000 1842.
9.78747000000000 1842.
9.79453000000000 1958.
9.79157000000000 1877.
9.79157000000000 1877.
9.78996000000000 1794.
9.79148000000000 1970.
9.79148000000000 1970.
9.79275000000000 1826.
9.79273000000000 1953.
9.78996000000000 1966.
9.78996000000000 1966.
9.79453000000000 1882.
9.79031000000000 1914.
9.79031000000000 1914.
9.79148000000000 1806.
9.79157000000000 1860.
9.79157000000000 1860.
9.79453000000000 1877.
9.79176000000000 1873.
9.79453000000000 1905.
9.79453000000000 1905.
9.79085000000000 1991.
9.79453000000000 1849.
9.79453000000000 1849.
9.78747000000000 1847.
9.79171000000000 1913.
9.79243000000000 1913.
9.79243000000000 1913.
9.78767000000000 1846.
9.79179000000000 1918.
9.79179000000000 1918.
9.79453000000000 1906.
9.79453000000000 1883.
9.78569000000000 1888.
9.78569000000000 1888.
9.79213000000000 1858.
9.78996000000000 1853.
9.78996000000000 1853.
9.79273000000000 1908.
9.78996000000000 1923.
9.79453000000000 1849.
9.79453000000000 1849.
9.79453000000000 1903.
9.79243000000000 1848.
9.79243000000000 1848.
9.79157000000000 1879.
9.78747000000000 1885.
9.78747000000000 1885.
9.78747000000000 1821.
9.78685000000000 1935.
9.78996000000000 1976.
9.78996000000000 1976.
9.78747000000000 1909.
9.78996000000000 1896.
9.78996000000000 1896.
9.78747000000000 1909.
9.79453000000000 1892.
9.78747000000000 1902.
9.78747000000000 1902.
9.78685000000000 1771.
9.79453000000000 1879.
9.79453000000000 1879.
9.78996000000000 1920.
9.78767000000000 1935.
9.79453000000000 1944.
9.79453000000000 1944.
9.79171000000000 1989.
9.78747000000000 1943.
9.78747000000000 1943.
9.78996000000000 1860.
9.78747000000000 1945.
9.79275000000000 1871.
9.79275000000000 1871.
9.78767000000000 1923.
9.79453000000000 1831.
9.79453000000000 1831.
9.79001000000000 1927.
9.78747000000000 1926.
9.79244000000000 1878.
9.79244000000000 1878.
9.79453000000000 1864.
9.79453000000000 1958.
9.79453000000000 1958.
9.79214000000000 1867.
9.79176000000000 1923.
9.79453000000000 1752.
9.79453000000000 1752.
9.78767000000000 1909.
9.78747000000000 1922.
9.78747000000000 1922.
9.78747000000000 1923.
9.78996000000000 1876.
9.78996000000000 1876.
9.78996000000000 1884.
9.79244000000000 1945.
9.78971000000000 1854.
9.78971000000000 1854.
9.78746000000000 1850.
9.78746000000000 1936.
9.78746000000000 1936.
9.79171000000000 1870.
9.78747000000000 1911.
9.79180000000000 1931.
9.79180000000000 1931.
9.78747000000000 1812.
9.79179000000000 1884.
9.79179000000000 1884.
9.78747000000000 1944.
9.79453000000000 1922.
9.79453000000000 1922.
9.78767000000000 1923.
9.79157000000000 1929.
9.79156000000000 1891.
9.79156000000000 1891.
9.78685000000000 1822.
9.79453000000000 1910.
9.79453000000000 1910.
9.79453000000000 1858.
9.79453000000000 1736.
9.79183000000000 1828.
9.79183000000000 1828.
9.79453000000000 1921.
9.79213000000000 1846.
9.79213000000000 1846.
9.79453000000000 1852.
9.79275000000000 1907.
9.78996000000000 1920.
9.78996000000000 1920.
9.79453000000000 1925.
9.78747000000000 1872.
9.78747000000000 1872.
9.79032000000000 1854.
9.79151000000000 1838.
9.79151000000000 1838.
9.79453000000000 1986.
9.78742000000000 1882.
9.79453000000000 1900.
9.79453000000000 1900.
9.78747000000000 1867.
9.78747000000000 1786.
9.78747000000000 1786.
9.78747000000000 1812.
9.79453000000000 1981.
9.79453000000000 1981.
9.78747000000000 1919.
9.78996000000000 1909.
9.79271000000000 1990.
9.79271000000000 1990.
9.79453000000000 1937.
9.79148000000000 1854.
9.79148000000000 1854.
9.79453000000000 1900.
9.79453000000000 1785.
9.79453000000000 1785.
9.78747000000000 1805.
9.79151000000000 1920.
9.79213000000000 1827.
9.79213000000000 1827.
9.79157000000000 1898.
9.79183000000000 1789.
9.79183000000000 1789.
9.78747000000000 1958.
9.78747000000000 1791.
9.79453000000000 1873.
9.79453000000000 1873.
9.79179000000000 1798.
9.79453000000000 1886.
9.79453000000000 1886.
9.79179000000000 1910.
9.79176000000000 1872.
9.79176000000000 1872.
9.79244000000000 1894.
9.79461000000000 1847.
9.79461000000000 1847.
9.79213000000000 1992.
9.78685000000000 1928.
9.79453000000000 1981.
9.79453000000000 1981.
9.78747000000000 1822.
9.79453000000000 1907.
9.79453000000000 1854.
9.79453000000000 1854.
9.78747000000000 1957.
9.79453000000000 1819.
9.79453000000000 1819.
9.78747000000000 1898.
9.79275000000000 1867.
9.79275000000000 1867.
9.79453000000000 1953.
9.79454000000000 1880.
9.79032000000000 1874.
9.79032000000000 1874.
9.79453000000000 1867.
9.79453000000000 1940.
9.79453000000000 1940.
9.79453000000000 1933.
9.79453000000000 1817.
9.79243000000000 1872.
9.79243000000000 1872.
9.78747000000000 1846.
9.79213000000000 1903.
9.79213000000000 1903.
9.79453000000000 1818.
9.79453000000000 1901.
9.78996000000000 1864.
9.78996000000000 1864.
9.79489000000000 1906.
9.79171000000000 1913.
9.79171000000000 1913.
9.79453000000000 1934.
9.78767000000000 1911.
9.78767000000000 1911.
9.78747000000000 1901.
9.79453000000000 1893.
9.78747000000000 1967.
9.78747000000000 1967.
9.79511000000000 1829.
9.79453000000000 1864.
9.79453000000000 1864.
9.79453000000000 1863.
9.78996000000000 1864.
9.79244000000000 1813.
9.79244000000000 1813.
9.78996000000000 1842.
9.78996000000000 1825.
9.78996000000000 1825.
9.79176000000000 1914.
9.79151000000000 1923.
9.79151000000000 1923.
9.78765000000000 1841.
9.79453000000000 1901.
9.79151000000000 1838.
9.79151000000000 1838.
9.78995000000000 1935.
9.78742000000000 1973.
9.78742000000000 1973.
9.79273000000000 1837.
9.79361000000000 1925.
9.79361000000000 1925.
9.78996000000000 1828.
9.78768000000000 1853.
9.79453000000000 1834.
9.79453000000000 1834.
9.79453000000000 1818.
9.78742000000000 1884.
9.78742000000000 1884.
9.78768000000000 1898.
9.79243000000000 1907.
9.78971000000000 1952.
9.78971000000000 1952.
9.79273000000000 1922.
9.79273000000000 1978.
9.79273000000000 1978.
9.79453000000000 1869.
9.79148000000000 1886.
9.79148000000000 1886.
9.79453000000000 1811.
9.78996000000000 1835.
9.78767000000000 1847.
9.78767000000000 1847.
9.78747000000000 1778.
9.79243000000000 1878.
9.79243000000000 1878.
9.79453000000000 1923.
9.79453000000000 1952.
9.79453000000000 1952.
9.79171000000000 1832.
9.78747000000000 1863.
9.79453000000000 1870.
9.79453000000000 1870.
9.79157000000000 1857.
9.79453000000000 1883.
9.79453000000000 1883.
9.79453000000000 1874.
9.78747000000000 1926.
9.79453000000000 1855.
9.79453000000000 1855.
9.79301000000000 1876.
9.79179000000000 1945.
9.79179000000000 1945.
9.79214000000000 1837.
9.79453000000000 1907.
9.78767000000000 1957.
9.78767000000000 1957.
9.79273000000000 1808.
9.79213000000000 1947.
9.79213000000000 1947.
9.79089000000000 1899.
9.79275000000000 1925.
9.79275000000000 1925.
9.79453000000000 1834.
9.79453000000000 1862.
9.78767000000000 1903.
9.78767000000000 1903.
9.78768000000000 1851.
9.79453000000000 1810.
9.79453000000000 1810.
9.78996000000000 1829.
9.79176000000000 1906.
9.79176000000000 1906.
9.79453000000000 1964.
9.79453000000000 1793.
9.78747000000000 1947.
9.78747000000000 1947.
9.78747000000000 1944.
9.79453000000000 1885.
9.79453000000000 1885.
9.79453000000000 2001.
9.79453000000000 1871.
9.79361000000000 1913.
9.79361000000000 1913.
9.79453000000000 1888.
9.79453000000000 1875.
9.79453000000000 1875.
9.79244000000000 1929.
9.79453000000000 1798.
9.79453000000000 1798.
9.79453000000000 1821.
9.78747000000000 1887.
9.78747000000000 1887.
9.79176000000000 1874.
9.79031000000000 1880.
9.79179000000000 1929.
9.79179000000000 1929.
9.78767000000000 1846.
9.79361000000000 1897.
9.79361000000000 1897.
9.78747000000000 1913.
9.79453000000000 1818.
9.79453000000000 1818.
9.78996000000000 1888.
9.78767000000000 1890.
9.79453000000000 1860.
9.79453000000000 1860.
9.78743000000000 1845.
9.79213000000000 1910.
9.79213000000000 1910.
9.79275000000000 1911.
9.78742000000000 1839.
9.78742000000000 1839.
9.78996000000000 1847.
9.78747000000000 1766.
9.78971000000000 1892.
9.78971000000000 1892.
9.78996000000000 1902.
9.79453000000000 1829.
9.79453000000000 1829.
9.79273000000000 1876.
9.79453000000000 1907.
9.79157000000000 1901.
9.79157000000000 1901.
9.79032000000000 1933.
9.79361000000000 1831.
9.79361000000000 1831.
9.78767000000000 1836.
9.78747000000000 1888.
9.78747000000000 1888.
9.79031000000000 1902.
9.78996000000000 1873.
9.78747000000000 1969.
9.78747000000000 1969.
9.79176000000000 1903.
9.79244000000000 1933.
9.79244000000000 1933.
9.79453000000000 1924.
9.78747000000000 1938.
9.79453000000000 1873.
9.79453000000000 1873.
9.79085000000000 1909.
9.79453000000000 1912.
9.79453000000000 1912.
9.78996000000000 1822.
9.79244000000000 2000.
9.79244000000000 2000.
9.79453000000000 1837.
9.78747000000000 1849.
9.79151000000000 1951.
9.79151000000000 1951.
9.79157000000000 1825.
9.78996000000000 1956.
9.78996000000000 1956.
9.78767000000000 1832.
9.79394000000000 1922.
9.79394000000000 1922.
9.78996000000000 1850.
9.78767000000000 1907.
9.78747000000000 1837.
9.78747000000000 1837.
9.79453000000000 1812.
9.79213000000000 1913.
9.79213000000000 1913.
9.78685000000000 1987.
9.79453000000000 1851.
9.78996000000000 1819.
9.78996000000000 1819.
9.79453000000000 1848.
9.79213000000000 1888.
9.79213000000000 1888.
9.79243000000000 1937.
9.79453000000000 1909.
9.79453000000000 1909.
9.78742000000000 1817.
9.79273000000000 1869.
9.78747000000000 1913.
9.78747000000000 1913.
9.79453000000000 2070.
9.79244000000000 1928.
9.79244000000000 1928.
9.78742000000000 1832.
9.79453000000000 1890.
9.79453000000000 1890.
9.78742000000000 1939.
9.79273000000000 1797.
9.79273000000000 1797.
9.78747000000000 1857.
9.79125000000000 1867.
9.78996000000000 1869.
9.78996000000000 1869.
9.79176000000000 1868.
9.79453000000000 1844.
9.79453000000000 1844.
9.79453000000000 1792.
9.78747000000000 1917.
9.78747000000000 1917.
9.79453000000000 1845.
9.79453000000000 1789.
9.79453000000000 1898.
9.79453000000000 1898.
9.79243000000000 1952.
9.78747000000000 1829.
9.78747000000000 1829.
9.79453000000000 1885.
9.79453000000000 1906.
9.78998000000000 1979.
9.78998000000000 1979.
9.79244000000000 1985.
9.79361000000000 1833.
9.79361000000000 1833.
9.78747000000000 2001.
9.79453000000000 1820.
9.79453000000000 1820.
9.78767000000000 1959.
9.78747000000000 1878.
9.78747000000000 1879.
9.78747000000000 1879.
9.79275000000000 1877.
9.79297000000000 1990.
9.79297000000000 1990.
9.78747000000000 1863.
9.78747000000000 1908.
9.78767000000000 1917.
9.78767000000000 1917.
9.78996000000000 1957.
9.79275000000000 1912.
9.79275000000000 1912.
9.79031000000000 1838.
9.79275000000000 1898.
9.79275000000000 1898.
9.79151000000000 1870.
9.78996000000000 1954.
9.78996000000000 1954.
9.79453000000000 1900.
9.78971000000000 1821.
9.79453000000000 1887.
9.79453000000000 1887.
9.79453000000000 1928.
9.78747000000000 1970.
9.78747000000000 1970.
9.78747000000000 2001.
9.79361000000000 1899.
9.79453000000000 1890.
9.79453000000000 1890.
9.79213000000000 1889.
9.78747000000000 1783.
9.78747000000000 1783.
9.79453000000000 1794.
9.79148000000000 1782.
9.79148000000000 1782.
9.79156000000000 1901.
9.78996000000000 1987.
9.78747000000000 1859.
9.78747000000000 1859.
9.78746000000000 1899.
9.79179000000000 1905.
9.79179000000000 1905.
9.78747000000000 1899.
9.79453000000000 1886.
9.79453000000000 1886.
9.79453000000000 1884.
9.79125000000000 1868.
9.78747000000000 1856.
9.78747000000000 1856.
9.79156000000000 1978.
9.78996000000000 1930.
9.78996000000000 1930.
9.79176000000000 1932.
9.78767000000000 1870.
9.78767000000000 1870.
