9.79332000000000 4456.
9.79332000000000 4499.
9.79332000000000 4522.
9.79332000000000 4571.
9.79332000000000 4564.
9.79332000000000 4386.
9.79332000000000 4593.
9.79332000000000 4391.
9.79332000000000 4491.
9.79332000000000 4532.
9.79332000000000 4460.
9.79325000000000 4406.
9.79332000000000 4513.
9.79332000000000 4411.
9.79332000000000 4461.
9.79332000000000 4462.
9.79332000000000 4630.
9.79332000000000 4433.
9.79332000000000 4432.
9.79332000000000 4343.
9.79332000000000 4453.
9.79332000000000 4684.
9.79332000000000 4435.
9.79332000000000 4542.
9.79332000000000 4399.
9.79332000000000 4470.
9.79327000000000 4423.
9.79332000000000 4485.
9.79332000000000 4536.
9.79332000000000 4470.
9.79332000000000 4528.
9.79332000000000 4568.
9.79332000000000 4505.
9.79332000000000 4432.
9.79332000000000 4329.
9.79332000000000 4629.
9.79332000000000 4496.
9.79332000000000 4401.
9.79332000000000 4433.
9.79332000000000 4454.
9.79332000000000 4327.
9.79332000000000 4479.
9.79329000000000 4319.
9.79332000000000 4509.
9.79332000000000 4534.
9.79332000000000 4343.
9.79332000000000 4381.
9.79332000000000 4640.
9.79332000000000 4509.
9.79332000000000 4458.
9.79332000000000 4490.
9.79332000000000 4404.
9.79325000000000 4556.
9.79332000000000 4429.
9.79332000000000 4556.
9.79325000000000 4467.
9.79332000000000 4539.
9.79332000000000 4288.
9.79332000000000 4439.
9.79332000000000 4449.
9.79332000000000 4397.
9.79332000000000 4333.
9.79332000000000 4392.
9.79332000000000 4395.
9.79332000000000 4445.
9.79344000000000 4528.
9.79332000000000 4441.
9.79332000000000 4574.
9.79332000000000 4389.
9.79332000000000 4429.
9.79332000000000 4424.
9.79332000000000 4482.
9.79332000000000 4366.
9.79325000000000 4394.
9.79332000000000 4481.
9.79332000000000 4518.
9.79332000000000 4377.
9.79332000000000 4455.
9.79332000000000 4536.
9.79332000000000 4400.
9.79332000000000 4465.
9.79332000000000 4489.
9.79332000000000 4492.
9.79332000000000 4337.
9.79332000000000 4484.
9.79332000000000 4434.
9.79332000000000 4383.
9.79332000000000 4570.
9.79332000000000 4457.
9.79332000000000 4485.
9.79332000000000 4578.
9.79332000000000 4519.
9.79332000000000 4540.
9.79332000000000 4341.
9.79332000000000 4522.
9.79332000000000 4543.
9.79332000000000 4520.
9.79332000000000 4474.
9.79332000000000 4483.
9.79332000000000 4462.
9.79325000000000 4438.
9.79332000000000 4437.
9.79332000000000 4493.
9.79332000000000 4542.
9.79332000000000 4385.
9.79332000000000 4590.
9.79325000000000 4496.
9.79325000000000 4344.
9.79332000000000 4420.
9.79332000000000 4587.
9.79332000000000 4499.
9.79332000000000 4584.
9.79325000000000 4453.
9.79332000000000 4375.
9.79332000000000 4539.
9.79332000000000 4475.
9.79332000000000 4348.
9.79332000000000 4398.
9.79332000000000 4475.
9.79332000000000 4457.
9.79332000000000 4406.
9.79332000000000 4506.
9.79332000000000 4538.
9.79332000000000 4493.
9.79332000000000 4490.
9.79332000000000 4298.
9.79332000000000 4344.
9.79332000000000 4498.
9.79332000000000 4499.
9.79332000000000 4473.
9.79332000000000 4560.
9.79332000000000 4459.
9.79332000000000 4430.
9.79317000000000 4345.
9.79332000000000 4565.
9.79332000000000 4489.
9.79332000000000 4525.
9.79332000000000 4439.
9.79332000000000 4496.
9.79332000000000 4437.
9.79332000000000 4523.
9.79332000000000 4408.
9.79332000000000 4436.
9.79332000000000 4344.
9.79332000000000 4383.
9.79332000000000 4615.
9.79332000000000 4429.
9.79332000000000 4577.
9.79332000000000 4442.
9.79332000000000 4363.
9.79325000000000 4284.
9.79332000000000 4490.
9.79325000000000 4380.
9.79332000000000 4495.
9.79332000000000 4421.
9.79332000000000 4424.
9.79332000000000 4521.
9.79332000000000 4484.
9.79332000000000 4521.
9.79332000000000 4420.
9.79332000000000 4537.
9.79332000000000 4577.
9.79332000000000 4437.
9.79332000000000 4366.
9.79332000000000 4502.
9.79332000000000 4451.
9.79329000000000 4450.
9.79332000000000 4502.
9.79332000000000 4491.
9.79332000000000 4530.
9.79332000000000 4496.
9.79332000000000 4378.
9.79332000000000 4432.
9.79332000000000 4407.
9.79332000000000 4496.
9.79332000000000 4419.
9.79332000000000 4563.
9.79332000000000 4552.
9.79325000000000 4442.
9.79332000000000 4436.
9.79332000000000 4540.
9.79332000000000 4387.
9.79332000000000 4557.
9.79332000000000 4412.
9.79332000000000 4645.
9.79332000000000 4378.
9.79332000000000 4501.
9.79332000000000 4528.
9.79332000000000 4413.
9.79332000000000 4430.
9.79332000000000 4559.
9.79332000000000 4566.
9.79332000000000 4478.
9.79332000000000 4402.
9.79332000000000 4392.
9.79332000000000 4465.
9.79332000000000 4367.
9.79332000000000 4549.
9.79332000000000 4558.
9.79332000000000 4479.
9.79332000000000 4359.
9.79332000000000 4401.
9.79332000000000 4462.
9.79332000000000 4569.
9.79332000000000 4545.
9.79332000000000 4427.
9.79332000000000 4559.
9.79332000000000 4484.
9.79332000000000 4460.
9.79332000000000 4489.
9.79332000000000 4571.
9.79332000000000 4504.
9.79332000000000 4510.
9.79332000000000 4473.
9.79332000000000 4434.
9.79332000000000 4391.
9.79332000000000 4414.
9.79332000000000 4572.
9.79332000000000 4501.
9.79332000000000 4510.
9.79332000000000 4402.
9.79332000000000 4430.
9.79332000000000 4484.
9.79332000000000 4446.
9.79332000000000 4417.
9.79332000000000 4454.
9.79332000000000 4447.
9.79332000000000 4496.
9.79332000000000 4278.
9.79332000000000 4515.
9.79332000000000 4416.
9.79332000000000 4440.
9.79332000000000 4375.
9.79325000000000 4538.
9.79332000000000 4476.
9.79332000000000 4426.
9.79332000000000 4406.
9.79332000000000 4336.
9.79332000000000 4416.
9.79332000000000 4506.
9.79332000000000 4497.
9.79332000000000 4495.
9.79332000000000 4501.
9.79332000000000 4647.
9.79332000000000 4520.
9.79332000000000 4426.
9.79332000000000 4406.
9.79332000000000 4515.
9.79332000000000 4387.
9.79332000000000 4385.
9.79332000000000 4413.
9.79332000000000 4548.
9.79332000000000 4478.
9.79332000000000 4350.
9.79332000000000 4532.
9.79332000000000 4579.
9.79332000000000 4516.
9.79332000000000 4445.
9.79332000000000 4524.
9.79332000000000 4579.
9.79332000000000 4469.
9.79337000000000 4405.
9.79332000000000 4423.
9.79332000000000 4510.
9.79332000000000 4494.
9.79332000000000 4396.
9.79332000000000 4453.
9.79332000000000 4394.
9.79332000000000 4528.
9.79332000000000 4414.
9.79332000000000 4451.
9.79332000000000 4480.
9.79332000000000 4423.
9.79332000000000 4536.
9.79332000000000 4406.
9.79332000000000 4664.
9.79332000000000 4479.
9.79332000000000 4547.
9.79332000000000 4384.
9.79332000000000 4385.
9.79332000000000 4404.
9.79332000000000 4438.
9.79332000000000 4491.
9.79332000000000 4437.
9.79332000000000 4415.
9.79332000000000 4604.
9.79325000000000 4592.
9.79332000000000 4419.
9.79332000000000 4438.
9.79332000000000 4404.
9.79332000000000 4554.
9.79332000000000 4558.
9.79332000000000 4386.
9.79332000000000 4388.
9.79332000000000 4550.
9.79332000000000 4558.
9.79332000000000 4475.
9.79332000000000 4559.
9.79332000000000 4500.
9.79332000000000 4467.
9.79332000000000 4337.
9.79332000000000 4509.
9.79332000000000 4407.
9.79332000000000 4525.
9.79332000000000 4564.
9.79332000000000 4366.
9.79332000000000 4562.
9.79332000000000 4522.
9.79332000000000 4528.
9.79332000000000 4494.
9.79332000000000 4481.
9.79332000000000 4417.
9.79332000000000 4516.
9.79332000000000 4407.
9.79332000000000 4574.
9.79332000000000 4301.
9.79332000000000 4473.
9.79332000000000 4446.
9.79332000000000 4491.
9.79332000000000 4406.
9.79332000000000 4573.
9.79332000000000 4423.
9.79332000000000 4413.
9.79332000000000 4586.
9.79332000000000 4490.
9.79332000000000 4369.
9.79325000000000 4367.
9.79332000000000 4410.
9.79332000000000 4529.
9.79332000000000 4318.
9.79329000000000 4419.
9.79332000000000 4404.
9.79332000000000 4399.
9.79332000000000 4552.
9.79332000000000 4452.
9.79332000000000 4561.
9.79332000000000 4485.
9.79332000000000 4538.
9.79332000000000 4381.
9.79332000000000 4459.
9.79332000000000 4491.
9.79332000000000 4445.
9.79332000000000 4403.
9.79325000000000 4373.
9.79332000000000 4411.
9.79332000000000 4476.
9.79332000000000 4520.
9.79332000000000 4442.
9.79332000000000 4438.
9.79332000000000 4500.
9.79332000000000 4426.
9.79332000000000 4363.
9.79332000000000 4596.
9.79332000000000 4498.
9.79332000000000 4523.
9.79332000000000 4466.
9.79332000000000 4430.
9.79332000000000 4527.
9.79332000000000 4383.
9.79332000000000 4491.
9.79332000000000 4469.
9.79332000000000 4451.
9.79332000000000 4443.
9.79332000000000 4502.
9.79332000000000 4391.
9.79332000000000 4542.
9.79332000000000 4402.
9.79332000000000 4462.
9.79332000000000 4322.
9.79332000000000 4459.
9.79332000000000 4648.
9.79332000000000 4531.
9.79332000000000 4563.
9.79332000000000 4398.
9.79332000000000 4490.
9.79332000000000 4373.
9.79332000000000 4538.
9.79332000000000 4468.
9.79332000000000 4294.
9.79332000000000 4345.
9.79332000000000 4348.
9.79329000000000 4466.
9.79332000000000 4478.
9.79332000000000 4438.
9.79332000000000 4424.
9.79332000000000 4441.
9.79332000000000 4282.
9.79332000000000 4532.
9.79332000000000 4521.
9.79332000000000 4481.
9.79332000000000 4488.
9.79332000000000 4407.
9.79332000000000 4444.
9.79332000000000 4402.
9.79332000000000 4632.
9.79332000000000 4429.
9.79332000000000 4526.
9.79332000000000 4393.
9.79332000000000 4579.
9.79332000000000 4552.
9.79332000000000 4537.
9.79332000000000 4405.
9.79332000000000 4422.
9.79332000000000 4577.
9.79337000000000 4448.
9.79332000000000 4375.
9.79332000000000 4417.
9.79332000000000 4454.
9.79332000000000 4496.
9.79332000000000 4427.
9.79337000000000 4511.
9.79332000000000 4544.
9.79332000000000 4581.
9.79332000000000 4435.
9.79332000000000 4406.
9.79332000000000 4500.
9.79332000000000 4451.
9.79325000000000 4464.
9.79332000000000 4505.
9.79332000000000 4467.
9.79332000000000 4371.
9.79344000000000 4551.
9.79332000000000 4371.
9.79332000000000 4623.
9.79324000000000 4350.
9.79332000000000 4583.
9.79332000000000 4504.
9.79332000000000 4550.
9.79332000000000 4436.
9.79332000000000 4443.
9.79332000000000 4497.
9.79332000000000 4479.
9.79332000000000 4422.
9.79332000000000 4386.
9.79332000000000 4527.
9.79332000000000 4545.
9.79332000000000 4492.
9.79332000000000 4459.
9.79332000000000 4321.
9.79332000000000 4449.
9.79325000000000 4497.
9.79332000000000 4535.
9.79332000000000 4385.
9.79332000000000 4438.
9.79332000000000 4424.
9.79332000000000 4471.
9.79332000000000 4517.
9.79332000000000 4634.
9.79332000000000 4425.
9.79332000000000 4649.
9.79332000000000 4577.
9.79332000000000 4440.
9.79332000000000 4518.
9.79332000000000 4214.
9.79332000000000 4458.
9.79332000000000 4476.
9.79332000000000 4456.
9.79332000000000 4498.
9.79332000000000 4456.
9.79332000000000 4380.
9.79332000000000 4424.
9.79332000000000 4383.
9.79332000000000 4518.
9.79332000000000 4349.
9.79332000000000 4425.
9.79332000000000 4533.
9.79332000000000 4479.
9.79332000000000 4371.
9.79325000000000 4398.
9.79332000000000 4288.
9.79332000000000 4601.
9.79332000000000 4456.
9.79332000000000 4365.
9.79332000000000 4436.
9.79332000000000 4594.
9.79332000000000 4474.
9.79332000000000 4564.
9.79332000000000 4487.
9.79325000000000 4393.
9.79332000000000 4463.
9.79332000000000 4334.
9.79332000000000 4329.
9.79332000000000 4503.
9.79332000000000 4632.
9.79332000000000 4520.
9.79332000000000 4531.
9.79332000000000 4393.
9.79332000000000 4591.
9.79325000000000 4398.
9.79332000000000 4368.
9.79332000000000 4572.
9.79332000000000 4377.
9.79332000000000 4534.
9.79332000000000 4413.
9.79332000000000 4522.
9.79332000000000 4482.
9.79332000000000 4488.
9.79332000000000 4384.
9.79316000000000 4373.
9.79332000000000 4315.
