9.79268000000000 5147.
9.79268000000000 4940.
9.79261000000000 5135.
9.79264000000000 5166.
9.79264000000000 5148.
9.79268000000000 5321.
9.79268000000000 5049.
9.79268000000000 5119.
9.79263000000000 5249.
9.79263000000000 5043.
9.79261000000000 4994.
9.79268000000000 5080.
9.79268000000000 5210.
9.79263000000000 5232.
9.79263000000000 5056.
9.79261000000000 5105.
9.79268000000000 5138.
9.79275000000000 5123.
9.79263000000000 5162.
9.79264000000000 5054.
9.79268000000000 4928.
9.79263000000000 5041.
9.79263000000000 5068.
9.79267000000000 5146.
9.79268000000000 5019.
9.79263000000000 5017.
9.79268000000000 5171.
9.79263000000000 5054.
9.79268000000000 4963.
9.79263000000000 5016.
9.79262000000000 5151.
9.79268000000000 5066.
9.79267000000000 5087.
9.79263000000000 5163.
9.79268000000000 5137.
9.79267000000000 5099.
9.79263000000000 5057.
9.79263000000000 5032.
9.79264000000000 5023.
9.79268000000000 4916.
9.79264000000000 5177.
9.79261000000000 5048.
9.79263000000000 5131.
9.79262000000000 5190.
9.79263000000000 5077.
9.79263000000000 5066.
9.79272000000000 4984.
9.79263000000000 4991.
9.79267000000000 5045.
9.79267000000000 5137.
9.79264000000000 4955.
9.79264000000000 5138.
9.79263000000000 5209.
9.79268000000000 5055.
9.79264000000000 5171.
9.79268000000000 5095.
9.79263000000000 4992.
9.79268000000000 5108.
9.79264000000000 5095.
9.79268000000000 5007.
9.79268000000000 5163.
9.79268000000000 5096.
9.79263000000000 5126.
9.79260000000000 5159.
9.79264000000000 4990.
9.79264000000000 5136.
9.79264000000000 4988.
9.79263000000000 5207.
9.79267000000000 5079.
9.79268000000000 4984.
9.79268000000000 4938.
9.79264000000000 5125.
9.79263000000000 5200.
9.79268000000000 5135.
9.79263000000000 5219.
9.79263000000000 4907.
9.79267000000000 4945.
9.79268000000000 5108.
9.79275000000000 4995.
9.79261000000000 5110.
9.79261000000000 5220.
9.79275000000000 5044.
9.79263000000000 5120.
9.79261000000000 5087.
9.79275000000000 4979.
9.79275000000000 4921.
9.79264000000000 5099.
9.79263000000000 5115.
9.79268000000000 5043.
9.79268000000000 5081.
9.79275000000000 5097.
9.79264000000000 5131.
9.79255000000000 5079.
9.79268000000000 5109.
9.79264000000000 4971.
9.79263000000000 5081.
9.79275000000000 5037.
9.79275000000000 4955.
9.79268000000000 5008.
9.79264000000000 4992.
9.79267000000000 5047.
9.79264000000000 5048.
9.79261000000000 5012.
9.79264000000000 5210.
9.79255000000000 5158.
9.79267000000000 5004.
9.79263000000000 5063.
9.79268000000000 5109.
9.79263000000000 5042.
9.79263000000000 5072.
9.79264000000000 4941.
9.79267000000000 4986.
9.79268000000000 5085.
9.79263000000000 5019.
9.79263000000000 5031.
9.79268000000000 5063.
9.79263000000000 5137.
9.79268000000000 5076.
9.79267000000000 5207.
9.79263000000000 5004.
9.79263000000000 5197.
9.79264000000000 5142.
9.79263000000000 5130.
9.79263000000000 5058.
9.79267000000000 5116.
9.79267000000000 5094.
9.79264000000000 5190.
9.79263000000000 4993.
9.79263000000000 5093.
9.79263000000000 5074.
9.79267000000000 5216.
9.79275000000000 5057.
9.79267000000000 5152.
9.79268000000000 5064.
9.79275000000000 5071.
9.79264000000000 5061.
9.79264000000000 5124.
9.79268000000000 5132.
9.79267000000000 5252.
9.79263000000000 5126.
9.79263000000000 4986.
9.79263000000000 4868.
9.79264000000000 5042.
9.79263000000000 5135.
9.79263000000000 5000.
9.79264000000000 5115.
9.79267000000000 4969.
9.79263000000000 5019.
9.79268000000000 5134.
9.79264000000000 5116.
9.79263000000000 5092.
9.79263000000000 5092.
9.79268000000000 5094.
9.79268000000000 5021.
9.79264000000000 5129.
9.79268000000000 5039.
9.79279000000000 5092.
9.79268000000000 5154.
9.79264000000000 5154.
9.79264000000000 5114.
9.79263000000000 5114.
9.79268000000000 5115.
9.79263000000000 4937.
9.79263000000000 5127.
9.79267000000000 5063.
9.79263000000000 4969.
9.79263000000000 4977.
9.79263000000000 5202.
9.79263000000000 5106.
9.79263000000000 5232.
9.79268000000000 5145.
9.79268000000000 4961.
9.79267000000000 5129.
9.79264000000000 5085.
9.79268000000000 5227.
9.79263000000000 5067.
9.79263000000000 5085.
9.79264000000000 5009.
9.79264000000000 4979.
9.79264000000000 5166.
9.79263000000000 5194.
9.79263000000000 5035.
9.79261000000000 5167.
9.79263000000000 5013.
9.79275000000000 5093.
9.79261000000000 5133.
9.79264000000000 5016.
9.79263000000000 5048.
9.79267000000000 5050.
9.79263000000000 5198.
9.79263000000000 5150.
9.79275000000000 5142.
9.79264000000000 5059.
9.79268000000000 5070.
9.79268000000000 5043.
9.79263000000000 5000.
9.79268000000000 4992.
9.79275000000000 5030.
9.79263000000000 5162.
9.79267000000000 5169.
9.79275000000000 5087.
9.79268000000000 5098.
9.79267000000000 5096.
9.79263000000000 5117.
9.79264000000000 5150.
9.79255000000000 5027.
9.79268000000000 4911.
9.79263000000000 5165.
9.79268000000000 5033.
9.79275000000000 5156.
9.79268000000000 5021.
9.79268000000000 5013.
9.79264000000000 4965.
9.79263000000000 5093.
9.79255000000000 5098.
9.79275000000000 5121.
9.79264000000000 5060.
9.79268000000000 5065.
9.79263000000000 5139.
9.79264000000000 5081.
9.79263000000000 5103.
9.79268000000000 5022.
9.79267000000000 5230.
9.79276000000000 4997.
9.79261000000000 5027.
9.79261000000000 5207.
9.79263000000000 5118.
9.79267000000000 5125.
9.79268000000000 5148.
9.79268000000000 5133.
9.79264000000000 5011.
9.79263000000000 5079.
9.79263000000000 5082.
9.79264000000000 5109.
9.79263000000000 5076.
9.79267000000000 5068.
9.79267000000000 5162.
9.79263000000000 5080.
9.79275000000000 5011.
9.79264000000000 5008.
9.79267000000000 5346.
9.79268000000000 5134.
9.79268000000000 5001.
9.79263000000000 5288.
9.79268000000000 5006.
9.79263000000000 5183.
9.79267000000000 5000.
9.79263000000000 4989.
9.79264000000000 5080.
9.79264000000000 4939.
9.79264000000000 5055.
9.79263000000000 5177.
9.79263000000000 4977.
9.79263000000000 5138.
9.79263000000000 5048.
9.79268000000000 5019.
9.79264000000000 5051.
9.79264000000000 4987.
9.79264000000000 5102.
9.79268000000000 5030.
9.79264000000000 5128.
9.79263000000000 5078.
9.79264000000000 5023.
9.79275000000000 5009.
9.79264000000000 4998.
9.79263000000000 5049.
9.79263000000000 5214.
9.79263000000000 4982.
9.79275000000000 5140.
9.79261000000000 5078.
9.79263000000000 5053.
9.79255000000000 5064.
9.79263000000000 4953.
9.79268000000000 5130.
9.79263000000000 5037.
9.79263000000000 5097.
9.79263000000000 5002.
9.79268000000000 5016.
9.79263000000000 4964.
9.79275000000000 5062.
9.79264000000000 5091.
9.79263000000000 5155.
9.79264000000000 5137.
9.79268000000000 5118.
9.79271000000000 5150.
9.79268000000000 5102.
9.79268000000000 5122.
9.79263000000000 5180.
9.79261000000000 5030.
9.79263000000000 5138.
9.79264000000000 5041.
9.79263000000000 5196.
9.79268000000000 5121.
9.79263000000000 5202.
9.79267000000000 5213.
9.79264000000000 5128.
9.79261000000000 5039.
9.79275000000000 5053.
9.79263000000000 4984.
9.79264000000000 5104.
9.79272000000000 5003.
9.79268000000000 5229.
9.79268000000000 5120.
9.79272000000000 4899.
9.79268000000000 5114.
9.79267000000000 4946.
9.79263000000000 4970.
9.79263000000000 4952.
9.79268000000000 5188.
9.79263000000000 5092.
9.79261000000000 4982.
9.79268000000000 5073.
9.79261000000000 4992.
9.79261000000000 4972.
9.79268000000000 5036.
9.79264000000000 5033.
9.79264000000000 5139.
9.79264000000000 5023.
9.79268000000000 4989.
9.79268000000000 5102.
9.79264000000000 5138.
9.79267000000000 5131.
9.79268000000000 4957.
9.79268000000000 5077.
9.79268000000000 5164.
9.79275000000000 5106.
9.79263000000000 5054.
9.79263000000000 5057.
9.79264000000000 5034.
9.79268000000000 5064.
9.79263000000000 5081.
9.79267000000000 4975.
9.79268000000000 4885.
9.79267000000000 5155.
9.79267000000000 4989.
9.79267000000000 5230.
9.79264000000000 5183.
9.79264000000000 5062.
9.79263000000000 5026.
9.79267000000000 5073.
9.79263000000000 4915.
9.79268000000000 5213.
9.79268000000000 5286.
9.79263000000000 5020.
9.79263000000000 5173.
9.79272000000000 5043.
9.79264000000000 5099.
9.79264000000000 5096.
9.79264000000000 5149.
9.79261000000000 5216.
9.79263000000000 5008.
9.79267000000000 4945.
9.79275000000000 5067.
9.79268000000000 5032.
9.79264000000000 5219.
9.79264000000000 5094.
9.79264000000000 4960.
9.79261000000000 4993.
9.79268000000000 5171.
9.79263000000000 5108.
9.79263000000000 4891.
9.79264000000000 5080.
9.79263000000000 5065.
9.79267000000000 5262.
9.79268000000000 5213.
9.79268000000000 5161.
9.79262000000000 5024.
9.79262000000000 5215.
9.79268000000000 5034.
9.79264000000000 5056.
9.79275000000000 5189.
9.79268000000000 5119.
9.79275000000000 5138.
9.79264000000000 5245.
9.79268000000000 5091.
9.79268000000000 4978.
9.79263000000000 5029.
9.79264000000000 5050.
9.79275000000000 5065.
9.79267000000000 5172.
9.79263000000000 5007.
9.79263000000000 5091.
9.79268000000000 5286.
9.79264000000000 4912.
9.79263000000000 5021.
9.79263000000000 5144.
9.79268000000000 5047.
9.79268000000000 5050.
9.79268000000000 4965.
9.79264000000000 5109.
9.79263000000000 4990.
9.79263000000000 5078.
9.79263000000000 5022.
9.79264000000000 4980.
9.79263000000000 5126.
9.79268000000000 5167.
9.79263000000000 4971.
9.79268000000000 5032.
9.79264000000000 5185.
9.79267000000000 5112.
9.79263000000000 4894.
9.79263000000000 5233.
9.79267000000000 4987.
9.79275000000000 5237.
9.79267000000000 5141.
9.79267000000000 5005.
9.79268000000000 5038.
9.79263000000000 5121.
9.79268000000000 5081.
9.79263000000000 5211.
9.79275000000000 5104.
9.79267000000000 5047.
9.79263000000000 5185.
9.79275000000000 4891.
9.79268000000000 5177.
9.79272000000000 4961.
9.79264000000000 5104.
9.79263000000000 4991.
9.79268000000000 5221.
9.79264000000000 5098.
9.79268000000000 5059.
9.79268000000000 4930.
9.79264000000000 4999.
9.79268000000000 5010.
9.79275000000000 4995.
9.79268000000000 5048.
9.79263000000000 4971.
9.79275000000000 4881.
9.79263000000000 5116.
9.79264000000000 5139.
9.79267000000000 5141.
9.79264000000000 4967.
9.79263000000000 4991.
9.79275000000000 5108.
9.79263000000000 5042.
9.79264000000000 5019.
9.79263000000000 5129.
9.79263000000000 5053.
9.79268000000000 5030.
9.79264000000000 4959.
9.79268000000000 5117.
9.79268000000000 5159.
9.79261000000000 5158.
9.79267000000000 5080.
9.79267000000000 5079.
9.79268000000000 5004.
9.79263000000000 5070.
9.79264000000000 4962.
9.79263000000000 5158.
9.79263000000000 5155.
9.79261000000000 5089.
9.79275000000000 5113.
9.79263000000000 5075.
9.79263000000000 5185.
9.79264000000000 5070.
9.79261000000000 5068.
9.79263000000000 5172.
9.79264000000000 5064.
9.79268000000000 5153.
9.79268000000000 5191.
9.79264000000000 5095.
9.79275000000000 4996.
9.79264000000000 4998.
9.79275000000000 5194.
9.79268000000000 5007.
9.79263000000000 5033.
9.79263000000000 5215.
9.79264000000000 4957.
9.79268000000000 5061.
9.79268000000000 5132.
9.79264000000000 5015.
9.79267000000000 5180.
9.79267000000000 5128.
9.79261000000000 5107.
9.79268000000000 5086.
9.79263000000000 5022.
9.79267000000000 5073.
9.79263000000000 4934.
9.79263000000000 4980.
9.79268000000000 5008.
9.79263000000000 5088.
9.79261000000000 5251.
9.79264000000000 4951.
9.79264000000000 4926.
9.79275000000000 5142.
9.79268000000000 4974.
9.79263000000000 5145.
9.79264000000000 5324.
9.79263000000000 5036.
9.79268000000000 5093.
9.79263000000000 5081.
9.79268000000000 5083.
9.79268000000000 5166.
9.79263000000000 5108.
9.79268000000000 5136.
9.79263000000000 4934.
9.79268000000000 5114.
9.79263000000000 5073.
9.79263000000000 5002.
9.79264000000000 4998.
