9.79364000000000 4911.
9.79365000000000 5098.
9.79356000000000 5009.
9.79364000000000 5098.
9.79373000000000 5002.
9.79370000000000 4959.
9.79370000000000 5035.
9.79364000000000 5196.
9.79363000000000 5084.
9.79365000000000 5047.
9.79370000000000 5050.
9.79373000000000 5037.
9.79370000000000 5138.
9.79364000000000 5140.
9.79364000000000 5184.
9.79364000000000 5168.
9.79364000000000 5043.
9.79364000000000 5038.
9.79365000000000 5219.
9.79370000000000 4983.
9.79370000000000 5040.
9.79370000000000 5128.
9.79364000000000 5073.
9.79370000000000 5028.
9.79370000000000 4938.
9.79363000000000 5106.
9.79364000000000 5057.
9.79364000000000 5195.
9.79356000000000 5011.
9.79363000000000 5111.
9.79370000000000 5191.
9.79370000000000 4944.
9.79365000000000 5003.
9.79363000000000 5131.
9.79370000000000 5017.
9.79370000000000 5014.
9.79370000000000 5059.
9.79370000000000 5146.
9.79370000000000 5045.
9.79370000000000 4993.
9.79363000000000 5132.
9.79373000000000 5080.
9.79370000000000 5123.
9.79363000000000 5174.
9.79370000000000 5084.
9.79363000000000 5157.
9.79370000000000 5139.
9.79370000000000 4919.
9.79363000000000 5049.
9.79385000000000 5146.
9.79370000000000 4956.
9.79363000000000 5030.
9.79370000000000 5211.
9.79364000000000 5039.
9.79370000000000 5054.
9.79363000000000 5153.
9.79370000000000 4997.
9.79363000000000 5119.
9.79370000000000 5077.
9.79368000000000 5068.
9.79370000000000 5019.
9.79370000000000 5080.
9.79370000000000 5200.
9.79364000000000 5202.
9.79364000000000 5174.
9.79364000000000 5019.
9.79364000000000 5188.
9.79370000000000 5174.
9.79370000000000 5054.
9.79370000000000 5111.
9.79364000000000 5062.
9.79363000000000 5240.
9.79370000000000 5043.
9.79370000000000 5078.
9.79363000000000 5111.
9.79370000000000 5080.
9.79370000000000 5064.
9.79370000000000 5222.
9.79363000000000 5102.
9.79370000000000 4989.
9.79370000000000 4958.
9.79364000000000 5070.
9.79363000000000 5091.
9.79370000000000 5035.
9.79370000000000 5083.
9.79365000000000 5237.
9.79373000000000 5068.
9.79373000000000 5184.
9.79370000000000 5213.
9.79364000000000 5065.
9.79370000000000 5016.
9.79370000000000 5125.
9.79364000000000 5107.
9.79370000000000 4860.
9.79370000000000 5089.
9.79370000000000 5270.
9.79370000000000 5058.
9.79364000000000 5147.
9.79370000000000 5169.
9.79370000000000 5129.
9.79370000000000 5186.
9.79370000000000 5222.
9.79370000000000 5098.
9.79373000000000 5030.
9.79363000000000 5202.
9.79370000000000 5032.
9.79370000000000 4994.
9.79370000000000 5199.
9.79370000000000 5157.
9.79373000000000 5139.
9.79365000000000 5201.
9.79363000000000 4920.
9.79370000000000 4934.
9.79373000000000 5033.
9.79370000000000 5052.
9.79370000000000 5141.
9.79356000000000 5111.
9.79364000000000 5080.
9.79358000000000 4989.
9.79370000000000 5042.
9.79370000000000 5142.
9.79363000000000 5029.
9.79364000000000 5143.
9.79364000000000 5238.
9.79364000000000 5057.
9.79370000000000 5152.
9.79370000000000 5297.
9.79364000000000 5180.
9.79363000000000 5330.
9.79370000000000 5021.
9.79364000000000 5180.
9.79364000000000 5120.
9.79356000000000 4992.
9.79370000000000 4924.
9.79364000000000 5148.
9.79364000000000 5122.
9.79364000000000 5132.
9.79370000000000 5159.
9.79363000000000 4945.
9.79370000000000 5129.
9.79385000000000 5146.
9.79370000000000 5058.
9.79370000000000 5151.
9.79364000000000 5140.
9.79373000000000 5033.
9.79364000000000 5164.
9.79356000000000 5130.
9.79363000000000 5035.
9.79370000000000 5066.
9.79364000000000 4967.
9.79370000000000 4895.
9.79373000000000 5223.
9.79373000000000 5022.
9.79364000000000 5165.
9.79370000000000 5133.
9.79363000000000 5220.
9.79370000000000 5071.
9.79370000000000 5096.
9.79370000000000 4988.
9.79370000000000 5257.
9.79364000000000 5102.
9.79363000000000 4968.
9.79370000000000 5126.
9.79364000000000 5008.
9.79370000000000 5027.
9.79363000000000 5098.
9.79373000000000 5153.
9.79361000000000 5165.
9.79370000000000 4995.
9.79363000000000 5277.
9.79363000000000 5050.
9.79373000000000 5158.
9.79370000000000 5089.
9.79363000000000 5004.
9.79363000000000 5087.
9.79364000000000 5019.
9.79370000000000 4941.
9.79370000000000 5114.
9.79364000000000 5071.
9.79364000000000 5041.
9.79370000000000 4978.
9.79370000000000 5119.
9.79373000000000 5025.
9.79373000000000 5190.
9.79368000000000 5058.
9.79370000000000 5130.
9.79361000000000 5177.
9.79364000000000 5078.
9.79364000000000 5074.
9.79370000000000 5046.
9.79373000000000 5081.
9.79370000000000 5316.
9.79370000000000 5015.
9.79385000000000 5050.
9.79373000000000 4985.
9.79370000000000 5167.
9.79364000000000 4879.
9.79364000000000 4903.
9.79370000000000 5013.
9.79364000000000 4931.
9.79364000000000 5021.
9.79370000000000 5181.
9.79365000000000 5259.
9.79364000000000 4912.
9.79364000000000 5024.
9.79364000000000 4951.
9.79370000000000 5194.
9.79370000000000 5008.
9.79361000000000 5043.
9.79370000000000 5069.
9.79378000000000 4874.
9.79364000000000 5016.
9.79373000000000 5029.
9.79364000000000 5127.
9.79370000000000 5126.
9.79370000000000 5109.
9.79363000000000 4953.
9.79370000000000 5073.
9.79363000000000 5098.
9.79378000000000 5276.
9.79370000000000 5067.
9.79378000000000 4948.
9.79373000000000 5058.
9.79370000000000 5100.
9.79370000000000 5046.
9.79370000000000 5068.
9.79373000000000 5175.
9.79365000000000 5032.
9.79368000000000 5042.
9.79370000000000 5043.
9.79373000000000 5060.
9.79370000000000 5025.
9.79370000000000 4983.
9.79356000000000 5219.
9.79370000000000 4989.
9.79370000000000 5119.
9.79364000000000 5162.
9.79370000000000 5124.
9.79364000000000 5064.
9.79373000000000 4996.
9.79370000000000 5083.
9.79370000000000 5144.
9.79370000000000 4935.
9.79364000000000 5140.
9.79370000000000 5178.
9.79370000000000 5153.
9.79370000000000 5081.
9.79370000000000 5043.
9.79370000000000 5063.
9.79370000000000 5076.
9.79370000000000 5008.
9.79363000000000 5101.
9.79356000000000 5072.
9.79370000000000 5038.
9.79370000000000 4956.
9.79363000000000 5052.
9.79370000000000 5025.
9.79370000000000 4972.
9.79356000000000 5085.
9.79364000000000 5116.
9.79361000000000 5092.
9.79370000000000 5139.
9.79373000000000 5209.
9.79378000000000 5020.
9.79365000000000 5100.
9.79363000000000 4971.
9.79370000000000 5178.
9.79370000000000 5007.
9.79370000000000 5109.
9.79363000000000 5016.
9.79385000000000 5032.
9.79365000000000 5039.
9.79363000000000 5129.
9.79378000000000 4989.
9.79364000000000 5186.
9.79356000000000 4946.
9.79364000000000 5140.
9.79370000000000 5060.
9.79364000000000 5179.
9.79356000000000 5191.
9.79378000000000 5006.
9.79370000000000 4895.
9.79370000000000 5135.
9.79378000000000 4987.
9.79370000000000 5008.
9.79370000000000 5073.
9.79363000000000 5034.
9.79370000000000 5109.
9.79370000000000 5131.
9.79370000000000 5046.
9.79370000000000 5135.
9.79373000000000 5014.
9.79364000000000 4948.
9.79370000000000 5047.
9.79370000000000 5031.
9.79370000000000 5293.
9.79370000000000 5032.
9.79385000000000 5118.
9.79363000000000 5169.
9.79370000000000 5041.
9.79370000000000 5137.
9.79364000000000 5004.
9.79364000000000 5036.
9.79370000000000 5114.
9.79364000000000 5146.
9.79370000000000 5129.
9.79370000000000 5043.
9.79370000000000 5166.
9.79363000000000 5130.
9.79373000000000 4934.
9.79370000000000 5032.
9.79364000000000 5184.
9.79363000000000 5061.
9.79370000000000 5162.
9.79370000000000 5143.
9.79373000000000 5006.
9.79373000000000 5147.
9.79370000000000 5049.
9.79370000000000 5061.
9.79370000000000 4950.
9.79370000000000 4963.
9.79370000000000 5229.
9.79363000000000 5109.
9.79370000000000 5042.
9.79370000000000 5027.
9.79364000000000 4959.
9.79370000000000 5134.
9.79370000000000 5084.
9.79370000000000 5171.
9.79370000000000 5085.
9.79364000000000 5073.
9.79356000000000 5073.
9.79370000000000 5121.
9.79373000000000 5135.
9.79370000000000 4939.
9.79364000000000 5027.
9.79370000000000 5095.
9.79370000000000 5069.
9.79365000000000 5112.
9.79364000000000 5079.
9.79370000000000 4939.
9.79364000000000 5092.
9.79363000000000 5038.
9.79370000000000 5103.
9.79363000000000 5135.
9.79370000000000 5009.
9.79364000000000 4984.
9.79370000000000 4844.
9.79364000000000 5013.
9.79364000000000 5001.
9.79373000000000 5013.
9.79370000000000 5255.
9.79370000000000 5166.
9.79370000000000 5082.
9.79370000000000 5226.
9.79370000000000 5183.
9.79370000000000 5068.
9.79370000000000 5063.
9.79370000000000 5105.
9.79370000000000 5101.
9.79370000000000 5066.
9.79373000000000 5148.
9.79356000000000 5007.
9.79370000000000 4957.
9.79389000000000 5024.
9.79364000000000 5027.
9.79363000000000 5037.
9.79385000000000 5135.
9.79364000000000 5051.
9.79370000000000 5009.
9.79373000000000 5002.
9.79370000000000 5085.
9.79364000000000 5105.
9.79364000000000 5072.
9.79368000000000 5096.
9.79364000000000 5165.
9.79365000000000 4984.
9.79370000000000 5066.
9.79364000000000 5174.
9.79364000000000 4952.
9.79363000000000 5125.
9.79370000000000 5125.
9.79370000000000 5085.
9.79364000000000 5063.
9.79370000000000 4981.
9.79370000000000 5036.
9.79370000000000 5150.
9.79370000000000 5212.
9.79364000000000 5078.
9.79364000000000 4997.
9.79363000000000 5011.
9.79385000000000 4818.
9.79364000000000 5117.
9.79373000000000 5022.
9.79370000000000 5114.
9.79364000000000 5103.
9.79370000000000 5066.
9.79373000000000 5182.
9.79364000000000 5140.
9.79370000000000 4979.
9.79370000000000 4937.
9.79363000000000 5192.
9.79370000000000 5106.
9.79370000000000 5166.
9.79370000000000 5000.
9.79370000000000 5132.
9.79370000000000 4987.
9.79370000000000 5081.
9.79363000000000 5080.
9.79364000000000 5145.
9.79370000000000 4990.
9.79364000000000 5241.
9.79363000000000 5085.
9.79370000000000 5033.
9.79370000000000 5172.
9.79370000000000 5149.
9.79364000000000 4966.
9.79365000000000 4926.
9.79364000000000 5041.
9.79363000000000 5026.
9.79363000000000 5074.
9.79363000000000 4981.
9.79378000000000 5030.
9.79370000000000 5059.
9.79370000000000 5154.
9.79370000000000 5106.
9.79370000000000 5252.
9.79364000000000 5143.
9.79365000000000 5025.
9.79364000000000 5124.
9.79385000000000 5073.
9.79370000000000 4961.
9.79364000000000 5087.
9.79364000000000 4990.
9.79361000000000 5021.
9.79363000000000 4954.
9.79363000000000 5209.
9.79356000000000 5124.
9.79370000000000 5124.
9.79370000000000 5154.
9.79365000000000 5025.
9.79363000000000 5021.
9.79358000000000 5272.
9.79361000000000 5059.
9.79370000000000 4979.
9.79373000000000 5168.
9.79370000000000 5002.
9.79370000000000 5030.
9.79370000000000 5140.
9.79370000000000 5042.
9.79363000000000 5055.
9.79364000000000 5004.
9.79356000000000 5004.
9.79373000000000 4990.
9.79364000000000 5238.
9.79370000000000 5045.
9.79364000000000 5087.
9.79370000000000 5050.
9.79373000000000 5137.
9.79353000000000 4970.
9.79378000000000 4964.
9.79373000000000 4998.
9.79356000000000 4973.
9.79356000000000 5049.
9.79370000000000 5184.
9.79378000000000 5115.
9.79364000000000 5030.
9.79364000000000 5144.
9.79363000000000 5062.
9.79370000000000 5084.
9.79370000000000 5087.
9.79373000000000 4816.
9.79370000000000 5012.
9.79364000000000 5085.
9.79373000000000 5051.
9.79365000000000 4927.
9.79365000000000 4975.
9.79370000000000 5060.
9.79364000000000 5021.
9.79364000000000 5077.
9.79365000000000 5113.
9.79363000000000 5066.
9.79370000000000 5088.
9.79370000000000 5078.
9.79370000000000 5093.
9.79370000000000 5098.
9.79363000000000 5055.
9.79370000000000 5231.
9.79364000000000 4908.
9.79385000000000 5096.
9.79364000000000 5024.
9.79356000000000 5044.
9.79364000000000 5099.
9.79365000000000 4902.
9.79364000000000 4990.
9.79370000000000 5332.
9.79364000000000 5016.
9.79373000000000 5023.
9.79365000000000 5004.
9.79370000000000 4946.
