9.79361000000000 1864.
9.79295000000000 1841.
9.79361000000000 1793.
9.79359000000000 1911.
9.79321000000000 1910.
9.79361000000000 1878.
9.79321000000000 1810.
9.79321000000000 1810.
9.79361000000000 1803.
9.79295000000000 1922.
9.79361000000000 1812.
9.79340000000000 1980.
9.79361000000000 1908.
9.79361000000000 1888.
9.79361000000000 1956.
9.79361000000000 1956.
9.79361000000000 1869.
9.79361000000000 1863.
9.79293000000000 1946.
9.79295000000000 1827.
9.79361000000000 1872.
9.79368000000000 1968.
9.79368000000000 1968.
9.79297000000000 1912.
9.79361000000000 1851.
9.79311000000000 1925.
9.79361000000000 1895.
9.79321000000000 1948.
9.79361000000000 1874.
9.79295000000000 1879.
9.79295000000000 1879.
9.79321000000000 1912.
9.79293000000000 1860.
9.79295000000000 1872.
9.79324000000000 1876.
9.79295000000000 1883.
9.79295000000000 1937.
9.79361000000000 1864.
9.79361000000000 1864.
9.79295000000000 1866.
9.79295000000000 1902.
9.79324000000000 1877.
9.79280000000000 1870.
9.79295000000000 1896.
9.79295000000000 1792.
9.79295000000000 1792.
9.79361000000000 1827.
9.79361000000000 1883.
9.79295000000000 1957.
9.79293000000000 1885.
9.79321000000000 1812.
9.79361000000000 1947.
9.79351000000000 1873.
9.79351000000000 1873.
9.79361000000000 1876.
9.79321000000000 1768.
9.79311000000000 1935.
9.79295000000000 1909.
9.79293000000000 1909.
9.79295000000000 1873.
9.79368000000000 1870.
9.79368000000000 1870.
9.79321000000000 1916.
9.79361000000000 1860.
9.79361000000000 1885.
9.79361000000000 1901.
9.79295000000000 1881.
9.79361000000000 1959.
9.79321000000000 1870.
9.79321000000000 1870.
9.79361000000000 1812.
9.79295000000000 1908.
9.79340000000000 1912.
9.79340000000000 1804.
9.79361000000000 1954.
9.79361000000000 1823.
9.79361000000000 1823.
9.79311000000000 1914.
9.79306000000000 1864.
9.79295000000000 1951.
9.79361000000000 1901.
9.79324000000000 1867.
9.79361000000000 1896.
9.79361000000000 1936.
9.79361000000000 1936.
9.79361000000000 1894.
9.79361000000000 1929.
9.79295000000000 1967.
9.79295000000000 1870.
9.79361000000000 1869.
9.79361000000000 1869.
9.79293000000000 1917.
9.79297000000000 1895.
9.79309000000000 1805.
9.79295000000000 1884.
9.79295000000000 1831.
9.79295000000000 1861.
9.79306000000000 1898.
9.79306000000000 1898.
9.79361000000000 1839.
9.79361000000000 1967.
9.79295000000000 1832.
9.79361000000000 1922.
9.79368000000000 1825.
9.79321000000000 1907.
9.79321000000000 1907.
9.79295000000000 1790.
9.79321000000000 1924.
9.79294000000000 1910.
9.79361000000000 1889.
9.79359000000000 1800.
9.79361000000000 1884.
9.79361000000000 1884.
9.79295000000000 1853.
9.79311000000000 1912.
9.79295000000000 1727.
9.79361000000000 1899.
9.79295000000000 1859.
9.79361000000000 1858.
9.79361000000000 1858.
9.79295000000000 1905.
9.79361000000000 1952.
9.79361000000000 1917.
9.79295000000000 1856.
9.79295000000000 1872.
9.79361000000000 1871.
9.79361000000000 1871.
9.79368000000000 1850.
9.79293000000000 1865.
9.79321000000000 1839.
9.79351000000000 1918.
9.79361000000000 1861.
9.79293000000000 1800.
9.79293000000000 1851.
9.79293000000000 1851.
9.79334000000000 1832.
9.79361000000000 1898.
9.79361000000000 1829.
9.79361000000000 1808.
9.79324000000000 1899.
9.79293000000000 1905.
9.79293000000000 1905.
9.79359000000000 1926.
9.79340000000000 1903.
9.79311000000000 1793.
9.79295000000000 1895.
9.79297000000000 1874.
9.79368000000000 1836.
9.79295000000000 1902.
9.79368000000000 1910.
9.79368000000000 1910.
9.79295000000000 1929.
9.79361000000000 1829.
9.79324000000000 1772.
9.79361000000000 1893.
9.79361000000000 1904.
9.79361000000000 1831.
9.79361000000000 1859.
9.79361000000000 1859.
9.79359000000000 1953.
9.79361000000000 1810.
9.79324000000000 1869.
9.79321000000000 1827.
9.79361000000000 1906.
9.79361000000000 1892.
9.79340000000000 1865.
9.79340000000000 1865.
9.79321000000000 1887.
9.79321000000000 1923.
9.79361000000000 1881.
9.79336000000000 1825.
9.79361000000000 1927.
9.79295000000000 1896.
9.79295000000000 1896.
9.79361000000000 1929.
9.79293000000000 1837.
9.79295000000000 1940.
9.79334000000000 1757.
9.79295000000000 1887.
9.79361000000000 1949.
9.79361000000000 1949.
9.79324000000000 1961.
9.79361000000000 1890.
9.79361000000000 1862.
9.79321000000000 1883.
9.79346000000000 1881.
9.79295000000000 1856.
9.79295000000000 1856.
9.79295000000000 1922.
9.79368000000000 1836.
9.79306000000000 1941.
9.79295000000000 1823.
9.79295000000000 1854.
9.79295000000000 1806.
9.79321000000000 1839.
9.79321000000000 1839.
9.79361000000000 1870.
9.79293000000000 1883.
9.79361000000000 1856.
9.79361000000000 1911.
9.79321000000000 1876.
9.79361000000000 1835.
9.79361000000000 1835.
9.79361000000000 1852.
9.79295000000000 1857.
9.79361000000000 1882.
9.79361000000000 1997.
9.79318000000000 1921.
9.79361000000000 1975.
9.79361000000000 1960.
9.79361000000000 1960.
9.79295000000000 1857.
9.79361000000000 1924.
9.79334000000000 1872.
9.79361000000000 1836.
9.79293000000000 1768.
9.79302000000000 1922.
9.79361000000000 1905.
9.79361000000000 1905.
9.79361000000000 1874.
9.79361000000000 1830.
9.79361000000000 1895.
9.79361000000000 1835.
9.79295000000000 1832.
9.79361000000000 1889.
9.79361000000000 1889.
9.79295000000000 1848.
9.79368000000000 1840.
9.79368000000000 1867.
9.79275000000000 1860.
9.79324000000000 1899.
9.79361000000000 1916.
9.79361000000000 1916.
9.79359000000000 1861.
9.79311000000000 1869.
9.79321000000000 1814.
9.79295000000000 1862.
9.79361000000000 1830.
9.79368000000000 1908.
9.79295000000000 1949.
9.79295000000000 1949.
9.79304000000000 1880.
9.79324000000000 1899.
9.79334000000000 1886.
9.79295000000000 1884.
9.79361000000000 1868.
9.79293000000000 1896.
9.79361000000000 1821.
9.79361000000000 1821.
9.79361000000000 1880.
9.79361000000000 1854.
9.79368000000000 1846.
9.79361000000000 1938.
9.79368000000000 1901.
9.79295000000000 1906.
9.79311000000000 1874.
9.79311000000000 1874.
9.79361000000000 1855.
9.79295000000000 1875.
9.79321000000000 1895.
9.79361000000000 1979.
9.79293000000000 1850.
9.79311000000000 1957.
9.79361000000000 1886.
9.79295000000000 1927.
9.79295000000000 1927.
9.79295000000000 1864.
9.79368000000000 1831.
9.79361000000000 1899.
9.79368000000000 1821.
9.79295000000000 1876.
9.79361000000000 1871.
9.79361000000000 1871.
9.79368000000000 1840.
9.79295000000000 1946.
9.79321000000000 1896.
9.79361000000000 1836.
9.79361000000000 1886.
9.79361000000000 1903.
9.79293000000000 1868.
9.79295000000000 1879.
9.79295000000000 1879.
9.79361000000000 1906.
9.79361000000000 1848.
9.79293000000000 1916.
9.79334000000000 1882.
9.79295000000000 1953.
9.79361000000000 1891.
9.79351000000000 1851.
9.79361000000000 1849.
9.79361000000000 1813.
9.79361000000000 1813.
9.79361000000000 1841.
9.79320000000000 1772.
9.79361000000000 1935.
9.79361000000000 1903.
9.79361000000000 2001.
9.79321000000000 1869.
9.79321000000000 1869.
9.79295000000000 1882.
9.79293000000000 1819.
9.79295000000000 1853.
9.79334000000000 1883.
9.79361000000000 1872.
9.79361000000000 1912.
9.79361000000000 1810.
9.79309000000000 1917.
9.79309000000000 1917.
9.79359000000000 1884.
9.79361000000000 1927.
9.79295000000000 1840.
9.79361000000000 1935.
9.79295000000000 1860.
9.79330000000000 1771.
9.79330000000000 1771.
9.79334000000000 1895.
9.79361000000000 1860.
9.79295000000000 1935.
9.79361000000000 1859.
9.79351000000000 1886.
9.79368000000000 1921.
9.79368000000000 1921.
9.79340000000000 1891.
9.79340000000000 1783.
9.79361000000000 1847.
9.79359000000000 1792.
9.79295000000000 1864.
9.79361000000000 1795.
9.79361000000000 1919.
9.79361000000000 1919.
9.79368000000000 1911.
9.79293000000000 1926.
9.79361000000000 1919.
9.79321000000000 1858.
9.79324000000000 1906.
9.79295000000000 1838.
9.79295000000000 1838.
9.79361000000000 1877.
9.79361000000000 1965.
9.79306000000000 1833.
9.79361000000000 1881.
9.79361000000000 1841.
9.79295000000000 1920.
9.79361000000000 1908.
9.79361000000000 1908.
9.79314000000000 1862.
9.79361000000000 1874.
9.79295000000000 1929.
9.79368000000000 1842.
9.79359000000000 1794.
9.79368000000000 1832.
9.79295000000000 1869.
9.79307000000000 1835.
9.79307000000000 1835.
9.79368000000000 1932.
9.79311000000000 1896.
9.79361000000000 1845.
9.79334000000000 1900.
9.79339000000000 1930.
9.79361000000000 1768.
9.79368000000000 1871.
9.79368000000000 1871.
9.79280000000000 1864.
9.79361000000000 1889.
9.79324000000000 1804.
9.79295000000000 1980.
9.79306000000000 1866.
9.79295000000000 1880.
9.79295000000000 1880.
9.79311000000000 1923.
9.79302000000000 1939.
9.79321000000000 1844.
9.79359000000000 1834.
9.79361000000000 1846.
9.79335000000000 1909.
9.79335000000000 1909.
9.79295000000000 1882.
9.79361000000000 1896.
9.79361000000000 1883.
9.79293000000000 1874.
9.79351000000000 1838.
9.79361000000000 1852.
9.79361000000000 1852.
9.79323000000000 1857.
9.79302000000000 1810.
9.79361000000000 1883.
9.79295000000000 1905.
9.79361000000000 1800.
9.79293000000000 1831.
9.79361000000000 1900.
9.79361000000000 1900.
9.79321000000000 1868.
9.79295000000000 1923.
9.79295000000000 1911.
9.79321000000000 1897.
9.79295000000000 1860.
9.79293000000000 1857.
9.79293000000000 1857.
9.79368000000000 1864.
9.79295000000000 1868.
9.79293000000000 1843.
9.79295000000000 1921.
9.79295000000000 1777.
9.79295000000000 1890.
9.79295000000000 1890.
9.79361000000000 1917.
9.79361000000000 1753.
9.79351000000000 1965.
9.79361000000000 1870.
9.79293000000000 1859.
9.79321000000000 1881.
9.79321000000000 1881.
9.79351000000000 1813.
9.79295000000000 1851.
9.79295000000000 1892.
9.79361000000000 1858.
9.79295000000000 1862.
9.79295000000000 1759.
9.79340000000000 1856.
9.79295000000000 1910.
9.79295000000000 1910.
9.79295000000000 2000.
9.79361000000000 1894.
9.79368000000000 1854.
9.79361000000000 1817.
9.79368000000000 1856.
9.79295000000000 1875.
9.79295000000000 1875.
9.79351000000000 1853.
9.79361000000000 1929.
9.79302000000000 1960.
9.79321000000000 1887.
9.79321000000000 1887.
9.79368000000000 1878.
9.79351000000000 1904.
9.79351000000000 1904.
9.79324000000000 1852.
9.79324000000000 1871.
9.79351000000000 1956.
9.79293000000000 1852.
9.79340000000000 1773.
9.79361000000000 1803.
9.79327000000000 1845.
9.79359000000000 1888.
9.79359000000000 1888.
9.79361000000000 1811.
9.79344000000000 1900.
9.79368000000000 1929.
9.79361000000000 1932.
9.79361000000000 1899.
9.79361000000000 1896.
9.79361000000000 1896.
9.79361000000000 1842.
9.79361000000000 1851.
9.79321000000000 1781.
9.79361000000000 1880.
9.79361000000000 1862.
9.79321000000000 1863.
9.79361000000000 1978.
9.79361000000000 1978.
9.79295000000000 1907.
9.79321000000000 1783.
9.79351000000000 1734.
9.79295000000000 1939.
9.79361000000000 1892.
9.79361000000000 1895.
9.79302000000000 1812.
9.79361000000000 1801.
9.79361000000000 1801.
9.79295000000000 1951.
9.79321000000000 1876.
9.79361000000000 1849.
9.79295000000000 1917.
9.79295000000000 1830.
9.79295000000000 1811.
9.79295000000000 1811.
9.79293000000000 1835.
9.79351000000000 1854.
9.79361000000000 1842.
9.79361000000000 1860.
9.79314000000000 1825.
9.79295000000000 1901.
9.79295000000000 1901.
9.79321000000000 1935.
9.79295000000000 2007.
9.79361000000000 1881.
9.79295000000000 1859.
9.79285000000000 1902.
9.79368000000000 1857.
9.79295000000000 1951.
9.79295000000000 1951.
9.79361000000000 1921.
9.79295000000000 1874.
9.79351000000000 1923.
9.79351000000000 1837.
9.79368000000000 1993.
9.79311000000000 1917.
9.79368000000000 1891.
9.79368000000000 1891.
9.79361000000000 1854.
