9.79354000000000 3254.
9.79328000000000 3208.
9.79354000000000 3239.
9.79328000000000 3202.
9.79332000000000 3226.
9.79332000000000 3306.
9.79328000000000 3305.
9.79354000000000 3150.
9.79328000000000 3290.
9.79328000000000 3333.
9.79328000000000 3243.
9.79343000000000 3243.
9.79343000000000 3224.
9.79332000000000 3323.
9.79337000000000 3230.
9.79328000000000 3290.
9.79329000000000 3304.
9.79337000000000 3291.
9.79328000000000 3271.
9.79328000000000 3299.
9.79332000000000 3252.
9.79332000000000 3188.
9.79329000000000 3273.
9.79354000000000 3155.
9.79328000000000 3286.
9.79332000000000 3285.
9.79329000000000 3252.
9.79354000000000 3259.
9.79354000000000 3289.
9.79328000000000 3208.
9.79345000000000 3206.
9.79329000000000 3196.
9.79328000000000 3263.
9.79343000000000 3242.
9.79332000000000 3208.
9.79343000000000 3322.
9.79328000000000 3217.
9.79343000000000 3301.
9.79345000000000 3172.
9.79353000000000 3211.
9.79332000000000 3282.
9.79328000000000 3127.
9.79343000000000 3297.
9.79332000000000 3359.
9.79328000000000 3402.
9.79328000000000 3212.
9.79370000000000 3145.
9.79328000000000 3274.
9.79341000000000 3268.
9.79332000000000 3168.
9.79343000000000 3314.
9.79328000000000 3216.
9.79343000000000 3233.
9.79343000000000 3280.
9.79332000000000 3216.
9.79343000000000 3234.
9.79354000000000 3339.
9.79354000000000 3209.
9.79355000000000 3296.
9.79328000000000 3191.
9.79328000000000 3332.
9.79332000000000 3281.
9.79329000000000 3236.
9.79329000000000 3268.
9.79343000000000 3287.
9.79332000000000 3242.
9.79332000000000 3250.
9.79354000000000 3239.
9.79328000000000 3299.
9.79328000000000 3359.
9.79332000000000 3300.
9.79343000000000 3191.
9.79328000000000 3323.
9.79324000000000 3289.
9.79332000000000 3260.
9.79340000000000 3340.
9.79343000000000 3201.
9.79315000000000 3194.
9.79332000000000 3302.
9.79328000000000 3369.
9.79354000000000 3235.
9.79344000000000 3183.
9.79354000000000 3318.
9.79332000000000 3196.
9.79332000000000 3272.
9.79327000000000 3332.
9.79343000000000 3167.
9.79328000000000 3216.
9.79332000000000 3254.
9.79332000000000 3232.
9.79337000000000 3190.
9.79354000000000 3232.
9.79324000000000 3236.
9.79328000000000 3314.
9.79328000000000 3265.
9.79332000000000 3212.
9.79328000000000 3203.
9.79343000000000 3247.
9.79343000000000 3239.
9.79338000000000 3279.
9.79354000000000 3298.
9.79328000000000 3328.
9.79343000000000 3228.
9.79328000000000 3242.
9.79328000000000 3230.
9.79336000000000 3291.
9.79329000000000 3182.
9.79343000000000 3293.
9.79328000000000 3324.
9.79343000000000 3280.
9.79328000000000 3373.
9.79329000000000 3227.
9.79332000000000 3186.
9.79343000000000 3253.
9.79355000000000 3189.
9.79343000000000 3347.
9.79337000000000 3180.
9.79332000000000 3213.
9.79332000000000 3193.
9.79343000000000 3175.
9.79332000000000 3350.
9.79328000000000 3242.
9.79328000000000 3153.
9.79354000000000 3328.
9.79343000000000 3255.
9.79328000000000 3237.
9.79332000000000 3270.
9.79343000000000 3326.
9.79328000000000 3509.
9.79343000000000 3208.
9.79353000000000 3297.
9.79343000000000 3312.
9.79341000000000 3145.
9.79328000000000 3233.
9.79328000000000 3203.
9.79341000000000 3217.
9.79341000000000 3291.
9.79341000000000 3323.
9.79354000000000 3141.
9.79328000000000 3222.
9.79328000000000 3276.
9.79354000000000 3250.
9.79328000000000 3349.
9.79341000000000 3292.
9.79354000000000 3205.
9.79343000000000 3297.
9.79332000000000 3326.
9.79332000000000 3261.
9.79341000000000 3247.
9.79343000000000 3202.
9.79328000000000 3228.
9.79332000000000 3163.
9.79328000000000 3154.
9.79328000000000 3250.
9.79337000000000 3279.
9.79328000000000 3196.
9.79354000000000 3268.
9.79328000000000 3237.
9.79328000000000 3277.
9.79328000000000 3215.
9.79332000000000 3288.
9.79354000000000 3210.
9.79341000000000 3440.
9.79328000000000 3275.
9.79353000000000 3275.
9.79328000000000 3173.
9.79332000000000 3238.
9.79328000000000 3240.
9.79328000000000 3235.
9.79329000000000 3390.
9.79328000000000 3321.
9.79354000000000 3323.
9.79328000000000 3241.
9.79328000000000 3309.
9.79337000000000 3292.
9.79332000000000 3278.
9.79328000000000 3335.
9.79343000000000 3287.
9.79332000000000 3190.
9.79354000000000 3268.
9.79328000000000 3309.
9.79315000000000 3229.
9.79328000000000 3271.
9.79332000000000 3206.
9.79332000000000 3309.
9.79344000000000 3237.
9.79329000000000 3189.
9.79332000000000 3219.
9.79343000000000 3238.
9.79332000000000 3322.
9.79328000000000 3280.
9.79354000000000 3287.
9.79354000000000 3354.
9.79354000000000 3384.
9.79343000000000 3229.
9.79332000000000 3344.
9.79332000000000 3331.
9.79329000000000 3294.
9.79328000000000 3487.
9.79332000000000 3274.
9.79328000000000 3286.
9.79332000000000 3159.
9.79343000000000 3180.
9.79354000000000 3334.
9.79341000000000 3255.
9.79328000000000 3260.
9.79332000000000 3322.
9.79343000000000 3319.
9.79332000000000 3264.
9.79354000000000 3209.
9.79328000000000 3256.
9.79329000000000 3254.
9.79341000000000 3256.
9.79332000000000 3213.
9.79340000000000 3365.
9.79340000000000 3378.
9.79329000000000 3278.
9.79338000000000 3276.
9.79332000000000 3220.
9.79320000000000 3362.
9.79328000000000 3259.
9.79353000000000 3203.
9.79354000000000 3194.
9.79328000000000 3246.
9.79328000000000 3274.
9.79343000000000 3331.
9.79337000000000 3186.
9.79337000000000 3206.
9.79332000000000 3199.
9.79332000000000 3225.
9.79327000000000 3301.
9.79328000000000 3136.
9.79328000000000 3218.
9.79328000000000 3292.
9.79328000000000 3342.
9.79332000000000 3226.
9.79332000000000 3074.
9.79354000000000 3267.
9.79319000000000 3279.
9.79324000000000 3185.
9.79332000000000 3254.
9.79332000000000 3326.
9.79354000000000 3186.
9.79328000000000 3259.
9.79332000000000 3248.
9.79328000000000 3215.
9.79345000000000 3237.
9.79328000000000 3386.
9.79343000000000 3230.
9.79340000000000 3317.
9.79354000000000 3340.
9.79338000000000 3283.
9.79332000000000 3272.
9.79328000000000 3263.
9.79328000000000 3129.
9.79328000000000 3317.
9.79327000000000 3271.
9.79354000000000 3176.
9.79343000000000 3288.
9.79343000000000 3324.
9.79328000000000 3167.
9.79354000000000 3201.
9.79332000000000 3287.
9.79328000000000 3263.
9.79329000000000 3178.
9.79328000000000 3289.
9.79328000000000 3233.
9.79328000000000 3221.
9.79328000000000 3244.
9.79332000000000 3203.
9.79343000000000 3213.
9.79338000000000 3320.
9.79343000000000 3335.
9.79328000000000 3159.
9.79354000000000 3239.
9.79332000000000 3325.
9.79343000000000 3293.
9.79354000000000 3138.
9.79328000000000 3402.
9.79343000000000 3277.
9.79341000000000 3395.
9.79329000000000 3153.
9.79343000000000 3287.
9.79340000000000 3080.
9.79328000000000 3334.
9.79329000000000 3277.
9.79337000000000 3226.
9.79324000000000 3314.
9.79332000000000 3236.
9.79343000000000 3224.
9.79343000000000 3375.
9.79328000000000 3323.
9.79336000000000 3273.
9.79338000000000 3373.
9.79343000000000 3193.
9.79328000000000 3255.
9.79354000000000 3251.
9.79343000000000 3223.
9.79349000000000 3290.
9.79328000000000 3270.
9.79332000000000 3200.
9.79328000000000 3363.
9.79328000000000 3152.
9.79328000000000 3244.
9.79328000000000 3242.
9.79354000000000 3251.
9.79328000000000 3369.
9.79343000000000 3362.
9.79332000000000 3217.
9.79312000000000 3177.
9.79328000000000 3244.
9.79332000000000 3386.
9.79332000000000 3399.
9.79328000000000 3282.
9.79337000000000 3213.
9.79328000000000 3179.
9.79354000000000 3209.
9.79343000000000 3282.
9.79332000000000 3195.
9.79344000000000 3262.
9.79354000000000 3264.
9.79328000000000 3260.
9.79354000000000 3307.
9.79329000000000 3183.
9.79343000000000 3319.
9.79343000000000 3342.
9.79367000000000 3290.
9.79344000000000 3250.
9.79332000000000 3302.
9.79332000000000 3323.
9.79332000000000 3210.
9.79332000000000 3368.
9.79343000000000 3138.
9.79340000000000 3353.
9.79328000000000 3160.
9.79332000000000 3206.
9.79329000000000 3356.
9.79354000000000 3362.
9.79328000000000 3265.
9.79336000000000 3201.
9.79329000000000 3232.
9.79354000000000 3203.
9.79328000000000 3242.
9.79343000000000 3173.
9.79328000000000 3319.
9.79354000000000 3196.
9.79340000000000 3265.
9.79329000000000 3325.
9.79332000000000 3357.
9.79354000000000 3326.
9.79332000000000 3251.
9.79328000000000 3294.
9.79329000000000 3169.
9.79343000000000 3312.
9.79328000000000 3256.
9.79354000000000 3404.
9.79328000000000 3335.
9.79338000000000 3225.
9.79341000000000 3289.
9.79354000000000 3305.
9.79328000000000 3413.
9.79343000000000 3313.
9.79353000000000 3265.
9.79353000000000 3176.
9.79332000000000 3395.
9.79329000000000 3179.
9.79337000000000 3216.
9.79354000000000 3325.
9.79343000000000 3314.
9.79343000000000 3169.
9.79354000000000 3232.
9.79367000000000 3239.
9.79343000000000 3257.
9.79329000000000 3270.
9.79332000000000 3331.
9.79354000000000 3269.
9.79328000000000 3488.
9.79354000000000 3327.
9.79341000000000 3246.
9.79329000000000 3238.
9.79332000000000 3219.
9.79315000000000 3129.
9.79328000000000 3313.
9.79328000000000 3217.
9.79324000000000 3220.
9.79332000000000 3198.
9.79332000000000 3141.
9.79337000000000 3248.
9.79354000000000 3279.
9.79328000000000 3265.
9.79332000000000 3227.
9.79332000000000 3016.
9.79343000000000 3225.
9.79332000000000 3376.
9.79343000000000 3228.
9.79332000000000 3213.
9.79328000000000 3267.
9.79332000000000 3241.
9.79328000000000 3217.
9.79354000000000 3316.
9.79328000000000 3363.
9.79340000000000 3232.
9.79354000000000 3280.
9.79328000000000 3239.
9.79328000000000 3256.
9.79332000000000 3230.
9.79328000000000 3303.
9.79328000000000 3159.
9.79328000000000 3238.
9.79354000000000 3283.
9.79332000000000 3270.
9.79343000000000 3277.
9.79328000000000 3352.
9.79353000000000 3191.
9.79340000000000 3206.
9.79332000000000 3211.
9.79350000000000 3218.
9.79343000000000 3287.
9.79343000000000 3144.
9.79332000000000 3367.
9.79343000000000 3314.
9.79332000000000 3242.
9.79332000000000 3256.
9.79353000000000 3155.
9.79332000000000 3356.
9.79343000000000 3266.
9.79328000000000 3303.
9.79328000000000 3386.
9.79328000000000 3240.
9.79329000000000 3170.
9.79332000000000 3323.
9.79332000000000 3353.
9.79340000000000 3272.
9.79328000000000 3348.
9.79328000000000 3348.
9.79343000000000 3289.
9.79332000000000 3304.
9.79328000000000 3232.
9.79328000000000 3296.
9.79343000000000 3235.
9.79354000000000 3166.
9.79328000000000 3296.
9.79329000000000 3263.
9.79332000000000 3152.
9.79328000000000 3367.
9.79328000000000 3227.
9.79354000000000 3250.
9.79367000000000 3202.
9.79343000000000 3322.
9.79332000000000 3189.
9.79338000000000 3292.
9.79329000000000 3234.
9.79328000000000 3223.
9.79328000000000 3325.
9.79328000000000 3202.
9.79343000000000 3208.
9.79345000000000 3356.
9.79354000000000 3219.
9.79354000000000 3192.
9.79328000000000 3219.
9.79329000000000 3305.
9.79343000000000 3213.
9.79332000000000 3330.
9.79354000000000 3290.
9.79354000000000 3314.
9.79332000000000 3241.
9.79328000000000 3196.
9.79337000000000 3260.
9.79354000000000 3207.
9.79332000000000 3291.
9.79356000000000 3330.
9.79328000000000 3209.
9.79354000000000 3252.
9.79328000000000 3115.
9.79321000000000 3240.
9.79329000000000 3284.
9.79328000000000 3347.
9.79328000000000 3166.
9.79332000000000 3160.
9.79337000000000 3211.
9.79332000000000 3290.
9.79329000000000 3378.
9.79328000000000 3219.
9.79341000000000 3302.
9.79332000000000 3289.
9.79332000000000 3216.
9.79329000000000 3338.
9.79343000000000 3255.
9.79354000000000 3271.
9.79328000000000 3204.
9.79329000000000 3268.
9.79329000000000 3287.
9.79328000000000 3226.
9.79328000000000 3380.
9.79328000000000 3301.
9.79343000000000 3167.
9.79343000000000 3230.
9.79343000000000 3201.
9.79340000000000 3256.
9.79354000000000 3244.
