9.79250000000000 2111.
9.79260000000000 2135.
9.79260000000000 2204.
9.79260000000000 2229.
9.79260000000000 2199.
9.79260000000000 2195.
9.79260000000000 2268.
9.79260000000000 2241.
9.79260000000000 2136.
9.79260000000000 2264.
9.79260000000000 2122.
9.79260000000000 2184.
9.79260000000000 2158.
9.79260000000000 2068.
9.79260000000000 2152.
9.79260000000000 2161.
9.79260000000000 2215.
9.79260000000000 2222.
9.79260000000000 2249.
9.79260000000000 2115.
9.79260000000000 2180.
9.79260000000000 2075.
9.79260000000000 2217.
9.79260000000000 2099.
9.79260000000000 2143.
9.79260000000000 2197.
9.79260000000000 2275.
9.79260000000000 2110.
9.79260000000000 2178.
9.79260000000000 2203.
9.79260000000000 2137.
9.79260000000000 2162.
9.79260000000000 2200.
9.79260000000000 2139.
9.79260000000000 2127.
9.79260000000000 2187.
9.79260000000000 2206.
9.79260000000000 2128.
9.79260000000000 2165.
9.79260000000000 2200.
9.79260000000000 2135.
9.79260000000000 2252.
9.79260000000000 2140.
9.79260000000000 2133.
9.79260000000000 2147.
9.79260000000000 2144.
9.79260000000000 2171.
9.79260000000000 2172.
9.79260000000000 2178.
9.79260000000000 2106.
9.79260000000000 2172.
9.79260000000000 2165.
9.79260000000000 2215.
9.79260000000000 2041.
9.79260000000000 2169.
9.79260000000000 2166.
9.79260000000000 2135.
9.79260000000000 2133.
9.79260000000000 2221.
9.79260000000000 2198.
9.79260000000000 2273.
9.79260000000000 2142.
9.79260000000000 2206.
9.79260000000000 2111.
9.79260000000000 2232.
9.79260000000000 2143.
9.79260000000000 2091.
9.79250000000000 2162.
9.79260000000000 2154.
9.79260000000000 2069.
9.79260000000000 2131.
9.79260000000000 2222.
9.79260000000000 2028.
9.79260000000000 2157.
9.79260000000000 2112.
9.79260000000000 2091.
9.79260000000000 2134.
9.79260000000000 2145.
9.79260000000000 2188.
9.79260000000000 2218.
9.79260000000000 2175.
9.79260000000000 2253.
9.79260000000000 2197.
9.79260000000000 2197.
9.79260000000000 2099.
9.79260000000000 2153.
9.79260000000000 2075.
9.79260000000000 2222.
9.79260000000000 2070.
9.79260000000000 2080.
9.79260000000000 2136.
9.79260000000000 2111.
9.79260000000000 2151.
9.79260000000000 2124.
9.79260000000000 2208.
9.79260000000000 2222.
9.79260000000000 2119.
9.79260000000000 2184.
9.79260000000000 2174.
9.79260000000000 2292.
9.79260000000000 2222.
9.79260000000000 2070.
9.79260000000000 2132.
9.79260000000000 2176.
9.79260000000000 2101.
9.79256000000000 2175.
9.79260000000000 2181.
9.79250000000000 2121.
9.79260000000000 2214.
9.79260000000000 2202.
9.79260000000000 2142.
9.79260000000000 2179.
9.79260000000000 2198.
9.79260000000000 2052.
9.79260000000000 2177.
9.79260000000000 2170.
9.79260000000000 2045.
9.79250000000000 2133.
9.79260000000000 2192.
9.79260000000000 2125.
9.79260000000000 2157.
9.79260000000000 2129.
9.79260000000000 2108.
9.79260000000000 2181.
9.79260000000000 2157.
9.79260000000000 2200.
9.79260000000000 2206.
9.79260000000000 2059.
9.79260000000000 2158.
9.79260000000000 2102.
9.79260000000000 2147.
9.79260000000000 2161.
9.79260000000000 2174.
9.79260000000000 2124.
9.79260000000000 2087.
9.79260000000000 2175.
9.79260000000000 2165.
9.79260000000000 2236.
9.79260000000000 2098.
9.79260000000000 2101.
9.79250000000000 2135.
9.79260000000000 2234.
9.79260000000000 2295.
9.79260000000000 2194.
9.79260000000000 2115.
9.79260000000000 2175.
9.79260000000000 2194.
9.79260000000000 2255.
9.79260000000000 2175.
9.79260000000000 2125.
9.79260000000000 2204.
9.79260000000000 2106.
9.79260000000000 2177.
9.79260000000000 2240.
9.79260000000000 2199.
9.79260000000000 2141.
9.79260000000000 2170.
9.79260000000000 2205.
9.79260000000000 2222.
9.79260000000000 2200.
9.79260000000000 2175.
9.79260000000000 2142.
9.79260000000000 2148.
9.79260000000000 2125.
9.79260000000000 2198.
9.79260000000000 2162.
9.79260000000000 2193.
9.79260000000000 2173.
9.79250000000000 2101.
9.79260000000000 2173.
9.79260000000000 2090.
9.79260000000000 2065.
9.79260000000000 2073.
9.79260000000000 2144.
9.79260000000000 2252.
9.79260000000000 2131.
9.79260000000000 2251.
9.79260000000000 2206.
9.79260000000000 2181.
9.79250000000000 2224.
9.79260000000000 2157.
9.79260000000000 2178.
9.79260000000000 2208.
9.79260000000000 2195.
9.79260000000000 2182.
9.79260000000000 2164.
9.79260000000000 2302.
9.79260000000000 2213.
9.79260000000000 2108.
9.79260000000000 2120.
9.79260000000000 2354.
9.79260000000000 2132.
9.79260000000000 2124.
9.79260000000000 2105.
9.79260000000000 2216.
9.79260000000000 2190.
9.79260000000000 2090.
9.79260000000000 2135.
9.79260000000000 2147.
9.79260000000000 2218.
9.79260000000000 2122.
9.79260000000000 2133.
9.79260000000000 2252.
9.79260000000000 2186.
9.79260000000000 2120.
9.79260000000000 2152.
9.79260000000000 2144.
9.79260000000000 2184.
9.79260000000000 2190.
9.79260000000000 2035.
9.79260000000000 2134.
9.79260000000000 2110.
9.79260000000000 2133.
9.79260000000000 2190.
9.79260000000000 2174.
9.79260000000000 2245.
9.79260000000000 2214.
9.79260000000000 2224.
9.79250000000000 2099.
9.79260000000000 2048.
9.79260000000000 2072.
9.79260000000000 2186.
9.79260000000000 2077.
9.79260000000000 2199.
9.79250000000000 2180.
9.79260000000000 2078.
9.79260000000000 2167.
9.79260000000000 2146.
9.79260000000000 2201.
9.79260000000000 2153.
9.79260000000000 2141.
9.79260000000000 2152.
9.79260000000000 2089.
9.79260000000000 2241.
9.79260000000000 2227.
9.79260000000000 2253.
9.79260000000000 2129.
9.79260000000000 2166.
9.79260000000000 2147.
9.79260000000000 2119.
9.79260000000000 2162.
9.79260000000000 2194.
9.79260000000000 2184.
9.79260000000000 2076.
9.79260000000000 2066.
9.79260000000000 2213.
9.79260000000000 2092.
9.79260000000000 2137.
9.79260000000000 2166.
9.79260000000000 2172.
9.79260000000000 2179.
9.79260000000000 2157.
9.79260000000000 2145.
9.79260000000000 2133.
9.79260000000000 2195.
9.79260000000000 2242.
9.79260000000000 2243.
9.79260000000000 2094.
9.79260000000000 2176.
9.79260000000000 2206.
9.79260000000000 2157.
9.79260000000000 2217.
9.79260000000000 2277.
9.79260000000000 2196.
9.79260000000000 2034.
9.79260000000000 2100.
9.79260000000000 2142.
9.79260000000000 2125.
9.79260000000000 2165.
9.79260000000000 2118.
9.79260000000000 2140.
9.79260000000000 2173.
9.79250000000000 2124.
9.79260000000000 2109.
9.79260000000000 2143.
9.79260000000000 2105.
9.79260000000000 2255.
9.79260000000000 2079.
9.79260000000000 2069.
9.79260000000000 2113.
9.79260000000000 2096.
9.79260000000000 2200.
9.79260000000000 2196.
9.79260000000000 2176.
9.79260000000000 2084.
9.79260000000000 2120.
9.79260000000000 2212.
9.79260000000000 2156.
9.79260000000000 2109.
9.79250000000000 2138.
9.79260000000000 2180.
9.79260000000000 2156.
9.79260000000000 2214.
9.79260000000000 2264.
9.79260000000000 2196.
9.79260000000000 2192.
9.79260000000000 2146.
9.79260000000000 2214.
9.79260000000000 2217.
9.79260000000000 2192.
9.79260000000000 2189.
9.79260000000000 2208.
9.79260000000000 2180.
9.79260000000000 2171.
9.79260000000000 2178.
9.79260000000000 2104.
9.79260000000000 2159.
9.79260000000000 2174.
9.79260000000000 2108.
9.79260000000000 2200.
9.79260000000000 2100.
9.79260000000000 2127.
9.79260000000000 2206.
9.79260000000000 2094.
9.79260000000000 2171.
9.79260000000000 2175.
9.79260000000000 2163.
9.79260000000000 2031.
9.79260000000000 2242.
9.79260000000000 2097.
9.79260000000000 2252.
9.79260000000000 2124.
9.79260000000000 2196.
9.79260000000000 2211.
9.79260000000000 2195.
9.79260000000000 2215.
9.79260000000000 2213.
9.79260000000000 2209.
9.79260000000000 2167.
9.79260000000000 2258.
9.79260000000000 2094.
9.79260000000000 2156.
9.79260000000000 2148.
9.79260000000000 2074.
9.79260000000000 2206.
9.79260000000000 2239.
9.79260000000000 2197.
9.79260000000000 2187.
9.79260000000000 2152.
9.79260000000000 2129.
9.79260000000000 2193.
9.79260000000000 2183.
9.79260000000000 2228.
9.79260000000000 2136.
9.79260000000000 2207.
9.79260000000000 2184.
9.79260000000000 2193.
9.79260000000000 2298.
9.79260000000000 2222.
9.79260000000000 2043.
9.79260000000000 2150.
9.79260000000000 2199.
9.79260000000000 2123.
9.79253000000000 2050.
9.79260000000000 2152.
9.79260000000000 2184.
9.79260000000000 2263.
9.79260000000000 2112.
9.79260000000000 2105.
9.79250000000000 2160.
9.79260000000000 2128.
9.79260000000000 2200.
9.79260000000000 2247.
9.79260000000000 2157.
9.79260000000000 2142.
9.79260000000000 2079.
9.79260000000000 2169.
9.79260000000000 2178.
9.79260000000000 2153.
9.79260000000000 2166.
9.79260000000000 2152.
9.79260000000000 2210.
9.79260000000000 2073.
9.79260000000000 2133.
9.79250000000000 2214.
9.79260000000000 2200.
9.79260000000000 2207.
9.79260000000000 2060.
9.79260000000000 2297.
9.79260000000000 2236.
9.79260000000000 2188.
9.79260000000000 2155.
9.79260000000000 2242.
9.79260000000000 2141.
9.79260000000000 2125.
9.79260000000000 2226.
9.79260000000000 2217.
9.79260000000000 2140.
9.79260000000000 2180.
9.79260000000000 2132.
9.79260000000000 2032.
9.79260000000000 2222.
9.79260000000000 2193.
9.79260000000000 2132.
9.79260000000000 2242.
9.79260000000000 2170.
9.79260000000000 2149.
9.79260000000000 2220.
9.79260000000000 2215.
9.79260000000000 2187.
9.79260000000000 2249.
9.79260000000000 2171.
9.79260000000000 2168.
9.79260000000000 2111.
9.79260000000000 2154.
9.79260000000000 2144.
9.79260000000000 2246.
9.79260000000000 2118.
9.79260000000000 2176.
9.79260000000000 2127.
9.79260000000000 2104.
9.79260000000000 2165.
9.79260000000000 2260.
9.79260000000000 2171.
9.79260000000000 2207.
9.79260000000000 2163.
9.79260000000000 2197.
9.79260000000000 2220.
9.79260000000000 2107.
9.79260000000000 2315.
9.79260000000000 2134.
9.79260000000000 2195.
9.79260000000000 2203.
9.79260000000000 2210.
9.79260000000000 2130.
9.79260000000000 2239.
9.79260000000000 2166.
9.79260000000000 2196.
9.79260000000000 2115.
9.79260000000000 2178.
9.79260000000000 2167.
9.79260000000000 2250.
9.79260000000000 2253.
9.79260000000000 2200.
9.79260000000000 2219.
9.79260000000000 2269.
9.79260000000000 2061.
9.79260000000000 2194.
9.79260000000000 2200.
9.79260000000000 2144.
9.79260000000000 2071.
9.79260000000000 2268.
9.79260000000000 2198.
9.79260000000000 2067.
9.79260000000000 2038.
9.79260000000000 2228.
9.79260000000000 2278.
9.79260000000000 2212.
9.79260000000000 2213.
9.79260000000000 2104.
9.79260000000000 2215.
9.79260000000000 2141.
9.79260000000000 2186.
9.79260000000000 2083.
9.79260000000000 2095.
9.79260000000000 2096.
9.79260000000000 2162.
9.79260000000000 2186.
9.79260000000000 2208.
9.79250000000000 2153.
9.79260000000000 2157.
9.79260000000000 2215.
9.79260000000000 2116.
9.79260000000000 2111.
9.79260000000000 2206.
9.79260000000000 2116.
9.79260000000000 2206.
9.79260000000000 2103.
9.79250000000000 2135.
9.79260000000000 2113.
9.79260000000000 2208.
9.79260000000000 2113.
9.79260000000000 2279.
9.79260000000000 2282.
9.79260000000000 2127.
9.79260000000000 2168.
9.79260000000000 2205.
9.79260000000000 2142.
9.79260000000000 2222.
9.79260000000000 2214.
9.79260000000000 2248.
9.79260000000000 2104.
9.79260000000000 2154.
9.79260000000000 2209.
9.79260000000000 2137.
9.79260000000000 2197.
9.79260000000000 2094.
9.79260000000000 2129.
9.79250000000000 2119.
9.79260000000000 2208.
9.79260000000000 2149.
9.79260000000000 2168.
9.79260000000000 2155.
9.79260000000000 2193.
9.79260000000000 2119.
9.79260000000000 2145.
9.79260000000000 2153.
9.79260000000000 2169.
9.79260000000000 2183.
9.79260000000000 2182.
