9.79216000000000 557.4
9.79216000000000 541.2
9.79216000000000 541.2
9.79240000000000 552.5
9.79271000000000 583.0
9.79216000000000 551.6
9.79216000000000 584.6
9.79216000000000 584.6
9.79253000000000 582.0
9.79251000000000 565.9
9.79216000000000 558.3
9.79216000000000 558.3
9.79251000000000 572.6
9.79282000000000 554.4
9.79219000000000 544.2
9.79219000000000 544.2
9.79219000000000 578.2
9.79253000000000 566.2
9.79216000000000 566.4
9.79276000000000 574.0
9.79276000000000 574.0
9.79219000000000 532.0
9.79216000000000 552.4
9.79216000000000 626.1
9.79216000000000 626.1
9.79282000000000 574.3
9.79216000000000 606.9
9.79216000000000 585.4
9.79216000000000 585.4
9.79233000000000 554.3
9.79251000000000 559.9
9.79233000000000 570.9
9.79204000000000 552.4
9.79204000000000 552.4
9.79251000000000 555.7
9.79251000000000 565.3
9.79216000000000 572.3
9.79216000000000 572.3
9.79219000000000 593.8
9.79251000000000 589.7
9.79264000000000 546.4
9.79266000000000 558.5
9.79266000000000 558.5
9.79212000000000 565.4
9.79216000000000 549.2
9.79244000000000 558.5
9.79244000000000 558.5
9.79251000000000 598.7
9.79211000000000 552.8
9.79258000000000 552.6
9.79244000000000 569.6
9.79244000000000 569.6
9.79276000000000 560.6
9.79300000000000 567.6
9.79251000000000 564.1
9.79251000000000 564.1
9.79216000000000 614.1
9.79251000000000 531.9
9.79244000000000 575.1
9.79244000000000 575.1
9.79253000000000 580.7
9.79211000000000 532.8
9.79233000000000 511.3
9.79211000000000 535.7
9.79211000000000 535.7
9.79271000000000 573.3
9.79251000000000 516.3
9.79281000000000 586.2
9.79281000000000 586.2
9.79251000000000 523.1
9.79244000000000 538.4
9.79251000000000 537.5
9.79251000000000 567.1
9.79251000000000 567.1
9.79267000000000 548.8
9.79216000000000 539.4
9.79216000000000 571.3
9.79216000000000 571.3
9.79251000000000 582.8
9.79251000000000 559.0
9.79211000000000 564.3
9.79211000000000 564.3
9.79216000000000 598.8
9.79237000000000 569.5
9.79244000000000 557.3
9.79244000000000 557.3
9.79204000000000 553.7
9.79251000000000 556.5
9.79223000000000 578.8
9.79268000000000 584.9
9.79268000000000 584.9
9.79219000000000 540.4
9.79216000000000 541.2
9.79209000000000 562.6
9.79209000000000 562.6
9.79234000000000 522.8
9.79251000000000 565.7
9.79216000000000 572.4
9.79216000000000 572.4
9.79253000000000 545.0
9.79260000000000 595.9
9.79219000000000 600.6
9.79251000000000 562.7
9.79251000000000 562.7
9.79251000000000 562.8
9.79244000000000 577.3
9.79251000000000 549.1
9.79251000000000 549.1
9.79216000000000 511.3
9.79216000000000 574.1
9.79281000000000 557.3
9.79281000000000 557.3
9.79240000000000 567.6
9.79216000000000 552.3
9.79251000000000 561.4
9.79234000000000 548.5
9.79234000000000 548.5
9.79264000000000 565.5
9.79216000000000 556.7
9.79234000000000 598.6
9.79234000000000 598.6
9.79216000000000 558.7
9.79216000000000 584.2
9.79233000000000 530.1
9.79233000000000 530.1
9.79251000000000 529.1
9.79251000000000 588.7
9.79216000000000 538.4
9.79271000000000 493.1
9.79271000000000 493.1
9.79219000000000 600.8
9.79216000000000 572.3
9.79216000000000 529.0
9.79216000000000 529.0
9.79234000000000 539.2
9.79216000000000 549.1
9.79211000000000 571.6
9.79244000000000 529.4
9.79244000000000 529.4
9.79204000000000 535.6
9.79216000000000 534.0
9.79266000000000 564.3
9.79266000000000 564.3
9.79257000000000 551.6
9.79261000000000 589.1
9.79216000000000 593.4
9.79216000000000 593.4
9.79216000000000 531.3
9.79216000000000 541.5
9.79271000000000 564.8
9.79271000000000 564.8
9.79233000000000 567.6
9.79244000000000 551.2
9.79216000000000 552.1
9.79240000000000 586.3
9.79240000000000 586.3
9.79233000000000 546.4
9.79219000000000 535.7
9.79271000000000 559.8
9.79271000000000 559.8
9.79216000000000 537.9
9.79216000000000 535.4
9.79271000000000 613.9
9.79251000000000 576.1
9.79251000000000 576.1
9.79216000000000 559.9
9.79233000000000 582.8
9.79205000000000 565.5
9.79205000000000 565.5
9.79282000000000 580.1
9.79216000000000 597.5
9.79237000000000 573.6
9.79237000000000 573.6
9.79258000000000 540.1
9.79251000000000 558.5
9.79277000000000 544.3
9.79216000000000 539.6
9.79216000000000 539.6
9.79244000000000 518.9
9.79251000000000 568.7
9.79216000000000 559.9
9.79216000000000 559.9
9.79216000000000 517.8
9.79257000000000 612.0
9.79271000000000 543.6
9.79271000000000 543.6
9.79209000000000 587.2
9.79216000000000 577.6
9.79271000000000 550.6
9.79240000000000 598.0
9.79240000000000 598.0
9.79251000000000 608.5
9.79251000000000 579.3
9.79258000000000 605.6
9.79258000000000 605.6
9.79269000000000 594.7
9.79260000000000 574.7
9.79251000000000 548.6
9.79251000000000 548.6
9.79216000000000 529.0
9.79251000000000 576.5
9.79244000000000 598.9
9.79272000000000 578.0
9.79272000000000 578.0
9.79260000000000 582.2
9.79271000000000 570.4
9.79263000000000 606.6
9.79263000000000 606.6
9.79216000000000 584.6
9.79244000000000 579.0
9.79251000000000 581.5
9.79251000000000 581.5
9.79251000000000 603.6
9.79251000000000 605.7
9.79251000000000 602.0
9.79268000000000 583.8
9.79268000000000 583.8
9.79266000000000 559.5
9.79251000000000 532.5
9.79251000000000 541.5
9.79251000000000 541.5
9.79244000000000 552.4
9.79219000000000 572.9
9.79211000000000 532.6
9.79219000000000 546.4
9.79219000000000 546.4
9.79211000000000 573.5
9.79216000000000 556.7
9.79216000000000 554.1
9.79216000000000 554.1
9.79233000000000 578.0
9.79223000000000 585.4
9.79251000000000 550.7
9.79251000000000 550.7
9.79284000000000 549.2
9.79251000000000 531.4
9.79251000000000 544.0
9.79244000000000 539.1
9.79244000000000 539.1
9.79251000000000 534.7
9.79258000000000 595.7
9.79241000000000 589.4
9.79241000000000 589.4
9.79300000000000 576.4
9.79216000000000 579.4
9.79216000000000 572.7
9.79216000000000 572.7
9.79272000000000 548.3
9.79266000000000 519.0
9.79266000000000 558.8
9.79219000000000 548.2
9.79219000000000 548.2
9.79251000000000 592.9
9.79244000000000 571.1
9.79219000000000 558.0
9.79219000000000 558.0
9.79216000000000 579.1
9.79240000000000 603.1
9.79216000000000 541.7
9.79251000000000 562.0
9.79251000000000 562.0
9.79276000000000 524.5
9.79251000000000 546.8
9.79216000000000 555.3
9.79216000000000 555.3
9.79251000000000 561.1
9.79251000000000 568.2
9.79267000000000 562.7
9.79240000000000 557.7
9.79240000000000 557.7
9.79276000000000 579.0
9.79216000000000 570.2
9.79277000000000 635.1
9.79277000000000 635.1
9.79244000000000 562.6
9.79233000000000 540.8
9.79251000000000 522.0
9.79251000000000 522.0
9.79277000000000 539.2
9.79233000000000 559.3
9.79268000000000 564.2
9.79244000000000 588.6
9.79244000000000 588.6
9.79233000000000 574.7
9.79234000000000 556.5
9.79244000000000 525.0
9.79244000000000 525.0
9.79282000000000 584.6
9.79211000000000 555.4
9.79251000000000 548.1
9.79277000000000 594.2
9.79277000000000 594.2
9.79257000000000 502.1
9.79216000000000 542.5
9.79253000000000 604.4
9.79253000000000 604.4
9.79234000000000 589.9
9.79216000000000 549.7
9.79212000000000 549.8
9.79219000000000 551.6
9.79219000000000 551.6
9.79216000000000 584.8
9.79204000000000 525.2
9.79251000000000 586.6
9.79251000000000 586.6
9.79240000000000 569.6
9.79216000000000 521.0
9.79216000000000 536.4
9.79276000000000 564.2
9.79276000000000 564.2
9.79258000000000 573.6
9.79276000000000 527.2
9.79264000000000 537.5
9.79264000000000 537.5
9.79251000000000 515.8
9.79282000000000 561.7
9.79216000000000 505.0
9.79251000000000 571.8
9.79251000000000 571.8
9.79266000000000 535.9
9.79264000000000 564.6
9.79240000000000 579.2
9.79240000000000 579.2
9.79212000000000 548.9
9.79251000000000 574.4
9.79251000000000 541.1
9.79251000000000 541.1
9.79251000000000 535.3
9.79216000000000 534.1
9.79240000000000 603.3
9.79276000000000 569.3
9.79276000000000 569.3
9.79282000000000 570.1
9.79223000000000 546.1
9.79281000000000 537.8
9.79281000000000 537.8
9.79216000000000 595.0
9.79209000000000 530.8
9.79228000000000 555.0
9.79233000000000 582.4
9.79233000000000 582.4
9.79251000000000 563.8
9.79251000000000 600.5
9.79216000000000 562.1
9.79216000000000 562.1
9.79244000000000 569.5
9.79282000000000 545.0
9.79251000000000 530.9
9.79251000000000 535.1
9.79251000000000 535.1
9.79223000000000 552.3
9.79267000000000 577.9
9.79288000000000 557.6
9.79288000000000 557.6
9.79251000000000 507.1
9.79244000000000 561.1
9.79216000000000 571.8
9.79216000000000 571.8
9.79251000000000 531.5
9.79251000000000 556.9
9.79216000000000 595.1
9.79251000000000 506.2
9.79251000000000 506.2
9.79271000000000 593.0
9.79240000000000 532.8
9.79216000000000 579.3
9.79216000000000 579.3
9.79216000000000 571.4
9.79216000000000 569.4
9.79251000000000 594.2
9.79216000000000 566.8
9.79216000000000 566.8
9.79216000000000 557.2
9.79211000000000 584.5
9.79251000000000 568.2
9.79251000000000 568.2
9.79216000000000 536.8
9.79212000000000 544.9
9.79251000000000 581.9
9.79216000000000 538.8
9.79216000000000 538.8
9.79251000000000 561.5
9.79251000000000 586.8
9.79211000000000 515.7
9.79211000000000 515.7
9.79271000000000 554.7
9.79219000000000 536.0
9.79216000000000 533.0
9.79216000000000 533.0
9.79216000000000 552.6
9.79244000000000 597.7
9.79216000000000 568.5
9.79271000000000 559.3
9.79271000000000 559.3
9.79264000000000 565.1
9.79223000000000 555.4
9.79219000000000 568.0
9.79219000000000 568.0
9.79251000000000 550.5
9.79264000000000 584.8
9.79233000000000 557.1
9.79272000000000 570.8
9.79272000000000 570.8
9.79251000000000 589.2
9.79266000000000 597.5
9.79219000000000 563.8
9.79219000000000 563.8
9.79212000000000 543.6
9.79204000000000 541.0
9.79244000000000 559.0
9.79244000000000 559.0
9.79241000000000 517.5
9.79268000000000 571.3
9.79263000000000 604.3
9.79219000000000 602.1
9.79219000000000 602.1
9.79251000000000 538.9
9.79276000000000 577.1
9.79251000000000 577.9
9.79251000000000 577.9
9.79251000000000 597.6
9.79240000000000 559.3
9.79251000000000 583.5
9.79251000000000 564.5
9.79251000000000 564.5
9.79226000000000 580.2
9.79216000000000 515.0
9.79216000000000 544.3
9.79216000000000 544.3
9.79251000000000 571.3
9.79233000000000 563.5
9.79251000000000 543.2
9.79251000000000 543.2
9.79240000000000 575.1
9.79251000000000 565.4
9.79293000000000 563.1
9.79216000000000 578.3
9.79216000000000 578.3
9.79219000000000 543.1
9.79251000000000 529.6
9.79263000000000 551.9
9.79263000000000 551.9
9.79223000000000 569.0
9.79251000000000 583.6
9.79219000000000 580.1
9.79244000000000 553.7
9.79244000000000 553.7
9.79251000000000 575.0
9.79251000000000 584.7
9.79233000000000 569.9
9.79233000000000 569.9
9.79251000000000 580.1
9.79272000000000 548.7
9.79219000000000 578.9
9.79216000000000 557.7
9.79216000000000 557.7
9.79216000000000 605.0
9.79216000000000 575.6
9.79251000000000 534.3
9.79251000000000 534.3
9.79216000000000 577.6
9.79251000000000 544.9
9.79251000000000 603.9
9.79251000000000 603.9
9.79276000000000 550.7
9.79216000000000 590.3
9.79233000000000 615.7
9.79276000000000 542.1
9.79276000000000 542.1
9.79260000000000 555.7
9.79271000000000 526.5
9.79251000000000 582.7
9.79251000000000 582.7
9.79253000000000 535.5
9.79251000000000 532.6
9.79251000000000 565.8
9.79251000000000 565.8
9.79276000000000 543.0
9.79216000000000 550.9
9.79204000000000 558.0
9.79263000000000 568.3
9.79263000000000 568.3
9.79276000000000 543.0
9.79223000000000 564.8
9.79233000000000 559.9
9.79233000000000 559.9
9.79251000000000 523.5
9.79219000000000 534.1
9.79253000000000 608.9
9.79253000000000 608.9
9.79266000000000 592.7
9.79251000000000 559.7
9.79251000000000 601.4
9.79251000000000 601.4
9.79223000000000 633.6
9.79223000000000 541.0
9.79271000000000 555.6
9.79251000000000 558.6
9.79251000000000 558.6
9.79204000000000 508.4
