9.79254000000000 5531.
9.79256000000000 5467.
9.79256000000000 5599.
9.79256000000000 5553.
9.79256000000000 5468.
9.79256000000000 5453.
9.79256000000000 5298.
9.79256000000000 5417.
9.79256000000000 5488.
9.79256000000000 5473.
9.79256000000000 5327.
9.79256000000000 5444.
9.79256000000000 5355.
9.79256000000000 5484.
9.79256000000000 5468.
9.79256000000000 5530.
9.79256000000000 5442.
9.79256000000000 5371.
9.79256000000000 5386.
9.79256000000000 5390.
9.79256000000000 5639.
9.79256000000000 5448.
9.79256000000000 5410.
9.79256000000000 5520.
9.79256000000000 5482.
9.79256000000000 5511.
9.79256000000000 5521.
9.79256000000000 5422.
9.79256000000000 5480.
9.79256000000000 5565.
9.79256000000000 5528.
9.79256000000000 5394.
9.79256000000000 5569.
9.79256000000000 5422.
9.79256000000000 5543.
9.79256000000000 5448.
9.79256000000000 5488.
9.79256000000000 5642.
9.79256000000000 5343.
9.79256000000000 5463.
9.79256000000000 5426.
9.79256000000000 5359.
9.79256000000000 5451.
9.79256000000000 5426.
9.79256000000000 5279.
9.79256000000000 5413.
9.79256000000000 5643.
9.79256000000000 5415.
9.79256000000000 5649.
9.79256000000000 5567.
9.79256000000000 5464.
9.79256000000000 5478.
9.79256000000000 5585.
9.79256000000000 5382.
9.79256000000000 5642.
9.79256000000000 5460.
9.79256000000000 5407.
9.79256000000000 5624.
9.79256000000000 5448.
9.79256000000000 5532.
9.79256000000000 5584.
9.79256000000000 5460.
9.79256000000000 5320.
9.79256000000000 5445.
9.79256000000000 5395.
9.79256000000000 5381.
9.79256000000000 5599.
9.79256000000000 5530.
9.79256000000000 5442.
9.79256000000000 5474.
9.79256000000000 5523.
9.79256000000000 5387.
9.79256000000000 5419.
9.79256000000000 5552.
9.79256000000000 5323.
9.79256000000000 5477.
9.79256000000000 5426.
9.79256000000000 5485.
9.79256000000000 5454.
9.79256000000000 5547.
9.79256000000000 5476.
9.79256000000000 5684.
9.79256000000000 5449.
9.79256000000000 5527.
9.79256000000000 5651.
9.79256000000000 5501.
9.79256000000000 5491.
9.79256000000000 5564.
9.79256000000000 5437.
9.79257000000000 5508.
9.79256000000000 5547.
9.79254000000000 5575.
9.79256000000000 5377.
9.79256000000000 5579.
9.79257000000000 5626.
9.79256000000000 5547.
9.79256000000000 5462.
9.79256000000000 5615.
9.79256000000000 5430.
9.79256000000000 5540.
9.79256000000000 5636.
9.79256000000000 5508.
9.79256000000000 5649.
9.79256000000000 5522.
9.79256000000000 5633.
9.79256000000000 5514.
9.79256000000000 5430.
9.79256000000000 5338.
9.79256000000000 5599.
9.79256000000000 5561.
9.79257000000000 5699.
9.79256000000000 5537.
9.79256000000000 5325.
9.79256000000000 5539.
9.79256000000000 5540.
9.79256000000000 5554.
9.79256000000000 5498.
9.79256000000000 5457.
9.79256000000000 5576.
9.79256000000000 5541.
9.79256000000000 5542.
9.79256000000000 5530.
9.79256000000000 5661.
9.79256000000000 5385.
9.79256000000000 5381.
9.79256000000000 5477.
9.79256000000000 5394.
9.79256000000000 5498.
9.79256000000000 5619.
9.79256000000000 5437.
9.79256000000000 5581.
9.79256000000000 5581.
9.79256000000000 5561.
9.79256000000000 5463.
9.79256000000000 5658.
9.79256000000000 5457.
9.79256000000000 5504.
9.79254000000000 5472.
9.79256000000000 5621.
9.79256000000000 5504.
9.79256000000000 5509.
9.79256000000000 5407.
9.79256000000000 5516.
9.79256000000000 5422.
9.79256000000000 5498.
9.79256000000000 5436.
9.79256000000000 5534.
9.79256000000000 5456.
9.79256000000000 5524.
9.79256000000000 5635.
9.79256000000000 5426.
9.79256000000000 5478.
9.79256000000000 5332.
9.79256000000000 5484.
9.79256000000000 5530.
9.79256000000000 5524.
9.79256000000000 5438.
9.79254000000000 5442.
9.79256000000000 5537.
9.79256000000000 5581.
9.79256000000000 5423.
9.79256000000000 5566.
9.79256000000000 5511.
9.79256000000000 5381.
9.79256000000000 5462.
9.79256000000000 5391.
9.79256000000000 5353.
9.79256000000000 5514.
9.79256000000000 5537.
9.79256000000000 5491.
9.79257000000000 5526.
9.79256000000000 5583.
9.79256000000000 5505.
9.79256000000000 5445.
9.79256000000000 5586.
9.79256000000000 5497.
9.79256000000000 5485.
9.79256000000000 5594.
9.79256000000000 5592.
9.79256000000000 5477.
9.79256000000000 5576.
9.79256000000000 5368.
9.79256000000000 5544.
9.79256000000000 5433.
9.79256000000000 5536.
9.79256000000000 5429.
9.79256000000000 5415.
9.79256000000000 5532.
9.79256000000000 5569.
9.79256000000000 5558.
9.79256000000000 5478.
9.79256000000000 5586.
9.79256000000000 5519.
9.79256000000000 5396.
9.79256000000000 5484.
9.79256000000000 5561.
9.79256000000000 5464.
9.79256000000000 5403.
9.79256000000000 5582.
9.79256000000000 5492.
9.79256000000000 5420.
9.79256000000000 5457.
9.79256000000000 5719.
9.79256000000000 5443.
9.79256000000000 5468.
9.79256000000000 5588.
9.79256000000000 5411.
9.79256000000000 5406.
9.79256000000000 5453.
9.79256000000000 5476.
9.79254000000000 5390.
9.79256000000000 5529.
9.79256000000000 5536.
9.79256000000000 5411.
9.79256000000000 5535.
9.79256000000000 5458.
9.79256000000000 5467.
9.79256000000000 5529.
9.79256000000000 5507.
9.79256000000000 5546.
9.79256000000000 5623.
9.79256000000000 5632.
9.79256000000000 5619.
9.79256000000000 5540.
9.79256000000000 5447.
9.79256000000000 5509.
9.79256000000000 5516.
9.79256000000000 5488.
9.79256000000000 5435.
9.79256000000000 5291.
9.79256000000000 5542.
9.79256000000000 5524.
9.79256000000000 5292.
9.79256000000000 5378.
9.79256000000000 5629.
9.79256000000000 5488.
9.79256000000000 5421.
9.79256000000000 5397.
9.79256000000000 5293.
9.79256000000000 5589.
9.79256000000000 5448.
9.79256000000000 5518.
9.79256000000000 5498.
9.79256000000000 5522.
9.79256000000000 5609.
9.79256000000000 5503.
9.79256000000000 5457.
9.79256000000000 5514.
9.79256000000000 5410.
9.79257000000000 5499.
9.79256000000000 5479.
9.79256000000000 5540.
9.79256000000000 5469.
9.79257000000000 5440.
9.79256000000000 5476.
9.79256000000000 5480.
9.79256000000000 5330.
9.79256000000000 5670.
9.79256000000000 5525.
9.79256000000000 5418.
9.79256000000000 5397.
9.79256000000000 5617.
9.79256000000000 5525.
9.79256000000000 5477.
9.79256000000000 5543.
9.79256000000000 5558.
9.79256000000000 5585.
9.79256000000000 5576.
9.79256000000000 5575.
9.79256000000000 5570.
9.79256000000000 5436.
9.79254000000000 5387.
9.79256000000000 5498.
9.79256000000000 5532.
9.79256000000000 5682.
9.79256000000000 5567.
9.79256000000000 5547.
9.79256000000000 5445.
9.79256000000000 5528.
9.79256000000000 5342.
9.79256000000000 5537.
9.79256000000000 5578.
9.79256000000000 5557.
9.79256000000000 5522.
9.79256000000000 5428.
9.79256000000000 5366.
9.79256000000000 5393.
9.79256000000000 5491.
9.79256000000000 5440.
9.79256000000000 5545.
9.79256000000000 5551.
9.79256000000000 5498.
9.79256000000000 5409.
9.79256000000000 5305.
9.79256000000000 5550.
9.79256000000000 5507.
9.79256000000000 5380.
9.79256000000000 5454.
9.79256000000000 5467.
9.79256000000000 5399.
9.79256000000000 5458.
9.79256000000000 5354.
9.79256000000000 5542.
9.79256000000000 5428.
9.79256000000000 5539.
9.79256000000000 5496.
9.79256000000000 5526.
9.79256000000000 5519.
9.79256000000000 5347.
9.79256000000000 5330.
9.79256000000000 5341.
9.79256000000000 5476.
9.79256000000000 5571.
9.79256000000000 5582.
9.79256000000000 5447.
9.79256000000000 5594.
9.79256000000000 5483.
9.79256000000000 5514.
9.79256000000000 5486.
9.79256000000000 5491.
9.79256000000000 5471.
9.79256000000000 5549.
9.79256000000000 5285.
9.79256000000000 5483.
9.79256000000000 5605.
9.79256000000000 5412.
9.79256000000000 5526.
9.79256000000000 5516.
9.79256000000000 5547.
9.79256000000000 5518.
9.79256000000000 5580.
9.79256000000000 5525.
9.79256000000000 5609.
9.79256000000000 5438.
9.79256000000000 5413.
9.79256000000000 5460.
9.79256000000000 5545.
9.79256000000000 5492.
9.79256000000000 5400.
9.79256000000000 5323.
9.79256000000000 5556.
9.79256000000000 5358.
9.79256000000000 5624.
9.79256000000000 5663.
9.79256000000000 5457.
9.79256000000000 5390.
9.79256000000000 5454.
9.79256000000000 5365.
9.79256000000000 5463.
9.79256000000000 5480.
9.79256000000000 5597.
9.79256000000000 5363.
9.79256000000000 5448.
9.79256000000000 5403.
9.79256000000000 5571.
9.79256000000000 5510.
9.79254000000000 5392.
9.79256000000000 5462.
9.79256000000000 5498.
9.79256000000000 5634.
9.79256000000000 5571.
9.79256000000000 5497.
9.79256000000000 5620.
9.79256000000000 5472.
9.79256000000000 5317.
9.79256000000000 5588.
9.79256000000000 5504.
9.79256000000000 5468.
9.79256000000000 5480.
9.79256000000000 5584.
9.79256000000000 5528.
9.79256000000000 5528.
9.79256000000000 5623.
9.79256000000000 5378.
9.79256000000000 5481.
9.79256000000000 5608.
9.79256000000000 5437.
9.79256000000000 5357.
9.79256000000000 5531.
9.79256000000000 5365.
9.79256000000000 5565.
9.79256000000000 5517.
9.79256000000000 5550.
9.79256000000000 5481.
9.79256000000000 5576.
9.79256000000000 5496.
9.79256000000000 5540.
9.79256000000000 5491.
9.79256000000000 5449.
9.79256000000000 5585.
9.79256000000000 5474.
9.79256000000000 5529.
9.79256000000000 5533.
9.79256000000000 5625.
9.79256000000000 5470.
9.79256000000000 5563.
9.79256000000000 5423.
9.79256000000000 5615.
9.79256000000000 5550.
9.79256000000000 5603.
9.79256000000000 5706.
9.79256000000000 5454.
9.79256000000000 5468.
9.79256000000000 5447.
9.79256000000000 5635.
9.79256000000000 5384.
9.79256000000000 5610.
9.79256000000000 5542.
9.79256000000000 5709.
9.79256000000000 5511.
9.79256000000000 5599.
9.79256000000000 5546.
9.79256000000000 5504.
9.79256000000000 5470.
9.79256000000000 5367.
9.79256000000000 5539.
9.79256000000000 5430.
9.79256000000000 5461.
9.79256000000000 5494.
9.79256000000000 5493.
9.79256000000000 5495.
9.79256000000000 5592.
9.79256000000000 5443.
9.79256000000000 5573.
9.79256000000000 5555.
9.79256000000000 5525.
9.79256000000000 5548.
9.79256000000000 5514.
9.79256000000000 5585.
9.79256000000000 5513.
9.79254000000000 5573.
9.79256000000000 5444.
9.79256000000000 5599.
9.79256000000000 5612.
9.79256000000000 5431.
9.79256000000000 5503.
9.79256000000000 5565.
9.79256000000000 5465.
9.79256000000000 5545.
9.79256000000000 5481.
9.79256000000000 5684.
9.79256000000000 5415.
9.79256000000000 5436.
9.79256000000000 5367.
9.79256000000000 5600.
9.79256000000000 5385.
9.79256000000000 5396.
9.79256000000000 5603.
9.79256000000000 5404.
9.79256000000000 5458.
9.79256000000000 5428.
9.79256000000000 5584.
9.79256000000000 5520.
9.79256000000000 5476.
9.79256000000000 5556.
9.79256000000000 5475.
9.79256000000000 5496.
9.79256000000000 5521.
9.79256000000000 5399.
9.79256000000000 5488.
9.79256000000000 5508.
9.79256000000000 5457.
9.79256000000000 5627.
9.79257000000000 5472.
9.79256000000000 5454.
9.79256000000000 5533.
9.79256000000000 5482.
9.79256000000000 5528.
9.79256000000000 5665.
9.79256000000000 5493.
9.79256000000000 5688.
9.79256000000000 5369.
9.79256000000000 5485.
9.79256000000000 5373.
9.79256000000000 5572.
9.79256000000000 5452.
9.79256000000000 5463.
9.79256000000000 5521.
9.79256000000000 5539.
9.79256000000000 5669.
9.79256000000000 5608.
9.79256000000000 5490.
9.79256000000000 5544.
9.79256000000000 5526.
9.79256000000000 5497.
9.79256000000000 5459.
9.79256000000000 5657.
9.79256000000000 5550.
9.79256000000000 5617.
9.79256000000000 5420.
9.79256000000000 5578.
9.79256000000000 5558.
9.79256000000000 5565.
9.79256000000000 5446.
9.79256000000000 5748.
9.79256000000000 5388.
9.79256000000000 5565.
9.79256000000000 5413.
9.79256000000000 5470.
9.79256000000000 5411.
