9.79249000000000 5649.
9.79249000000000 5911.
9.79249000000000 5724.
9.79249000000000 5557.
9.79251000000000 5612.
9.79249000000000 5685.
9.79251000000000 5748.
9.79249000000000 5654.
9.79251000000000 5745.
9.79250000000000 5604.
9.79249000000000 5760.
9.79251000000000 5685.
9.79248000000000 5626.
9.79249000000000 5715.
9.79249000000000 5701.
9.79248000000000 5629.
9.79249000000000 5692.
9.79249000000000 5854.
9.79249000000000 5846.
9.79249000000000 5566.
9.79248000000000 5568.
9.79249000000000 5743.
9.79249000000000 5838.
9.79250000000000 5684.
9.79249000000000 5870.
9.79251000000000 5745.
9.79248000000000 5653.
9.79249000000000 5721.
9.79249000000000 5628.
9.79251000000000 5610.
9.79250000000000 5734.
9.79249000000000 5795.
9.79248000000000 5652.
9.79249000000000 5711.
9.79249000000000 5734.
9.79249000000000 5809.
9.79249000000000 5544.
9.79249000000000 5710.
9.79249000000000 5649.
9.79249000000000 5802.
9.79248000000000 5533.
9.79248000000000 5813.
9.79249000000000 5814.
9.79249000000000 5649.
9.79249000000000 5677.
9.79252000000000 5588.
9.79249000000000 5731.
9.79249000000000 5657.
9.79249000000000 5654.
9.79249000000000 5636.
9.79249000000000 5656.
9.79249000000000 5753.
9.79249000000000 5704.
9.79250000000000 5513.
9.79249000000000 5553.
9.79249000000000 5830.
9.79248000000000 5566.
9.79248000000000 5896.
9.79249000000000 5646.
9.79249000000000 5730.
9.79249000000000 5715.
9.79248000000000 5702.
9.79249000000000 5513.
9.79249000000000 5593.
9.79248000000000 5521.
9.79249000000000 5698.
9.79251000000000 5821.
9.79248000000000 5747.
9.79248000000000 5656.
9.79248000000000 5744.
9.79249000000000 5686.
9.79251000000000 5774.
9.79251000000000 5564.
9.79249000000000 5649.
9.79251000000000 5707.
9.79249000000000 5643.
9.79249000000000 5676.
9.79248000000000 5711.
9.79249000000000 5780.
9.79249000000000 5694.
9.79249000000000 5614.
9.79249000000000 5682.
9.79249000000000 5605.
9.79249000000000 5497.
9.79251000000000 5709.
9.79249000000000 5835.
9.79249000000000 5625.
9.79249000000000 5883.
9.79249000000000 5585.
9.79249000000000 5674.
9.79251000000000 5673.
9.79248000000000 5758.
9.79249000000000 5657.
9.79252000000000 5610.
9.79249000000000 5562.
9.79249000000000 5624.
9.79251000000000 5779.
9.79251000000000 5958.
9.79249000000000 5811.
9.79248000000000 5725.
9.79249000000000 5639.
9.79252000000000 5719.
9.79249000000000 5737.
9.79249000000000 5732.
9.79248000000000 5688.
9.79251000000000 5779.
9.79248000000000 5621.
9.79249000000000 5721.
9.79249000000000 5690.
9.79249000000000 5670.
9.79251000000000 5546.
9.79249000000000 5723.
9.79250000000000 5726.
9.79249000000000 5684.
9.79251000000000 5837.
9.79249000000000 5869.
9.79249000000000 5652.
9.79251000000000 5696.
9.79251000000000 5591.
9.79248000000000 5777.
9.79250000000000 5703.
9.79249000000000 5773.
9.79249000000000 5776.
9.79251000000000 5790.
9.79249000000000 5713.
9.79249000000000 5726.
9.79249000000000 5632.
9.79249000000000 5751.
9.79249000000000 5721.
9.79249000000000 5614.
9.79248000000000 5653.
9.79249000000000 5659.
9.79249000000000 5678.
9.79249000000000 5715.
9.79249000000000 5738.
9.79249000000000 5756.
9.79249000000000 5642.
9.79249000000000 5657.
9.79249000000000 5774.
9.79249000000000 5708.
9.79249000000000 5657.
9.79248000000000 5645.
9.79249000000000 5709.
9.79249000000000 5622.
9.79250000000000 5711.
9.79249000000000 5657.
9.79248000000000 5754.
9.79249000000000 5699.
9.79251000000000 5760.
9.79249000000000 5753.
9.79249000000000 5680.
9.79250000000000 5650.
9.79249000000000 5731.
9.79249000000000 5737.
9.79249000000000 5555.
9.79250000000000 5698.
9.79249000000000 5753.
9.79248000000000 5767.
9.79249000000000 5758.
9.79251000000000 5593.
9.79249000000000 5773.
9.79251000000000 5760.
9.79249000000000 5659.
9.79251000000000 5707.
9.79250000000000 5541.
9.79252000000000 5661.
9.79249000000000 5638.
9.79249000000000 5887.
9.79248000000000 5812.
9.79249000000000 5630.
9.79249000000000 5690.
9.79248000000000 5747.
9.79249000000000 5605.
9.79249000000000 5674.
9.79249000000000 5706.
9.79248000000000 5728.
9.79249000000000 5604.
9.79251000000000 5749.
9.79249000000000 5671.
9.79249000000000 5790.
9.79251000000000 5501.
9.79249000000000 5672.
9.79248000000000 5596.
9.79251000000000 5895.
9.79251000000000 5789.
9.79249000000000 5812.
9.79249000000000 5603.
9.79249000000000 5731.
9.79248000000000 5733.
9.79252000000000 5650.
9.79249000000000 5617.
9.79249000000000 5742.
9.79249000000000 5840.
9.79249000000000 5589.
9.79249000000000 5598.
9.79249000000000 5523.
9.79249000000000 5572.
9.79251000000000 5579.
9.79251000000000 5643.
9.79249000000000 5624.
9.79249000000000 5810.
9.79249000000000 5726.
9.79249000000000 5654.
9.79248000000000 5608.
9.79249000000000 5717.
9.79249000000000 5653.
9.79251000000000 5679.
9.79248000000000 5738.
9.79249000000000 5687.
9.79248000000000 5812.
9.79248000000000 5692.
9.79249000000000 5651.
9.79251000000000 5648.
9.79249000000000 5659.
9.79249000000000 5721.
9.79249000000000 5891.
9.79249000000000 5690.
9.79249000000000 5873.
9.79249000000000 5655.
9.79249000000000 5646.
9.79249000000000 5798.
9.79249000000000 5698.
9.79249000000000 5758.
9.79249000000000 5806.
9.79250000000000 5628.
9.79249000000000 5596.
9.79249000000000 5733.
9.79250000000000 5776.
9.79249000000000 5702.
9.79249000000000 5656.
9.79248000000000 5684.
9.79248000000000 5697.
9.79248000000000 5553.
9.79249000000000 5547.
9.79249000000000 5588.
9.79249000000000 5783.
9.79251000000000 5743.
9.79251000000000 5674.
9.79249000000000 5741.
9.79249000000000 5691.
9.79249000000000 5667.
9.79249000000000 5766.
9.79249000000000 5710.
9.79249000000000 5565.
9.79249000000000 5742.
9.79249000000000 5651.
9.79249000000000 5703.
9.79251000000000 5639.
9.79251000000000 5652.
9.79248000000000 5642.
9.79249000000000 5663.
9.79248000000000 5740.
9.79249000000000 5787.
9.79248000000000 5842.
9.79249000000000 5769.
9.79249000000000 5578.
9.79249000000000 5540.
9.79251000000000 5548.
9.79252000000000 5742.
9.79248000000000 5625.
9.79249000000000 5774.
9.79249000000000 5642.
9.79252000000000 5528.
9.79249000000000 5872.
9.79249000000000 5574.
9.79251000000000 5852.
9.79252000000000 5742.
9.79252000000000 5699.
9.79251000000000 5940.
9.79249000000000 5669.
9.79249000000000 5802.
9.79248000000000 5765.
9.79249000000000 5719.
9.79249000000000 5685.
9.79251000000000 5716.
9.79250000000000 5777.
9.79249000000000 5756.
9.79249000000000 5794.
9.79251000000000 5690.
9.79249000000000 5679.
9.79249000000000 5650.
9.79250000000000 5765.
9.79249000000000 5597.
9.79248000000000 5589.
9.79249000000000 5672.
9.79248000000000 5908.
9.79249000000000 5740.
9.79251000000000 5675.
9.79248000000000 5587.
9.79248000000000 5661.
9.79249000000000 5771.
9.79249000000000 5823.
9.79249000000000 5624.
9.79251000000000 5554.
9.79252000000000 5719.
9.79249000000000 5616.
9.79251000000000 5520.
9.79249000000000 5426.
9.79251000000000 5783.
9.79249000000000 5612.
9.79249000000000 5658.
9.79249000000000 5590.
9.79249000000000 5781.
9.79249000000000 5782.
9.79249000000000 5719.
9.79249000000000 5583.
9.79249000000000 5801.
9.79249000000000 5650.
9.79249000000000 5678.
9.79249000000000 5806.
9.79249000000000 5685.
9.79249000000000 5836.
9.79249000000000 5881.
9.79251000000000 5762.
9.79249000000000 5714.
9.79249000000000 5738.
9.79249000000000 5701.
9.79249000000000 5698.
9.79249000000000 5618.
9.79250000000000 5680.
9.79249000000000 5710.
9.79249000000000 5618.
9.79249000000000 5651.
9.79249000000000 5699.
9.79249000000000 5564.
9.79249000000000 5814.
9.79249000000000 5824.
9.79248000000000 5499.
9.79249000000000 5663.
9.79248000000000 5708.
9.79249000000000 5773.
9.79249000000000 5829.
9.79248000000000 5582.
9.79249000000000 5653.
9.79248000000000 5660.
9.79249000000000 5754.
9.79249000000000 5711.
9.79249000000000 5824.
9.79249000000000 5620.
9.79248000000000 5774.
9.79248000000000 5560.
9.79248000000000 5707.
9.79251000000000 5643.
9.79249000000000 5710.
9.79249000000000 5628.
9.79251000000000 5543.
9.79249000000000 5686.
9.79249000000000 5724.
9.79249000000000 5749.
9.79249000000000 5728.
9.79249000000000 5711.
9.79249000000000 5625.
9.79251000000000 5657.
9.79250000000000 5679.
9.79251000000000 5880.
9.79249000000000 5707.
9.79251000000000 5767.
9.79251000000000 5654.
9.79250000000000 5751.
9.79249000000000 5770.
9.79252000000000 5767.
9.79249000000000 5675.
9.79249000000000 5812.
9.79251000000000 5740.
9.79249000000000 5640.
9.79249000000000 5658.
9.79251000000000 5694.
9.79249000000000 5786.
9.79249000000000 5645.
9.79251000000000 5803.
9.79249000000000 5722.
9.79248000000000 5720.
9.79249000000000 5680.
9.79251000000000 5721.
9.79248000000000 5791.
9.79248000000000 5674.
9.79250000000000 5737.
9.79252000000000 5712.
9.79251000000000 5610.
9.79249000000000 5665.
9.79249000000000 5638.
9.79249000000000 5908.
9.79249000000000 5706.
9.79249000000000 5605.
9.79249000000000 5649.
9.79249000000000 5801.
9.79249000000000 5700.
9.79249000000000 5814.
9.79249000000000 5752.
9.79249000000000 5728.
9.79248000000000 5748.
9.79248000000000 5717.
9.79249000000000 5682.
9.79249000000000 5666.
9.79249000000000 5737.
9.79249000000000 5581.
9.79250000000000 5758.
9.79252000000000 5721.
9.79249000000000 5741.
9.79248000000000 5729.
9.79249000000000 5637.
9.79249000000000 5632.
9.79248000000000 5732.
9.79251000000000 5571.
9.79249000000000 5757.
9.79249000000000 5798.
9.79251000000000 5664.
9.79248000000000 5651.
9.79249000000000 5750.
9.79249000000000 5758.
9.79249000000000 5778.
9.79249000000000 5748.
9.79248000000000 5757.
9.79249000000000 5760.
9.79249000000000 5618.
9.79249000000000 5826.
9.79248000000000 5617.
9.79248000000000 5591.
9.79249000000000 5632.
9.79249000000000 5761.
9.79249000000000 5708.
9.79248000000000 5728.
9.79249000000000 5811.
9.79249000000000 5751.
9.79249000000000 5876.
9.79249000000000 5756.
9.79249000000000 5644.
9.79251000000000 5749.
9.79249000000000 5860.
9.79250000000000 5843.
9.79249000000000 5669.
9.79249000000000 5648.
9.79251000000000 5787.
9.79249000000000 5681.
9.79249000000000 5687.
9.79249000000000 5760.
9.79250000000000 5642.
9.79251000000000 5813.
9.79249000000000 5661.
9.79249000000000 5674.
9.79249000000000 5727.
9.79249000000000 5659.
9.79249000000000 5666.
9.79251000000000 5682.
9.79250000000000 5722.
9.79249000000000 5794.
9.79249000000000 5670.
9.79249000000000 5726.
9.79249000000000 5607.
9.79249000000000 5712.
9.79249000000000 5761.
9.79249000000000 5669.
9.79249000000000 5488.
9.79249000000000 5647.
9.79249000000000 5683.
9.79249000000000 5575.
9.79249000000000 5792.
9.79249000000000 5902.
9.79249000000000 5776.
9.79249000000000 5769.
9.79249000000000 5673.
9.79251000000000 5699.
9.79249000000000 5719.
9.79251000000000 5743.
9.79249000000000 5752.
9.79251000000000 5589.
9.79249000000000 5819.
9.79249000000000 5697.
9.79249000000000 5725.
9.79249000000000 5606.
9.79249000000000 5801.
9.79249000000000 5788.
9.79248000000000 5781.
9.79249000000000 5705.
9.79249000000000 5544.
9.79249000000000 5624.
9.79250000000000 5560.
9.79249000000000 5755.
9.79249000000000 5685.
9.79251000000000 5815.
9.79249000000000 5794.
9.79249000000000 5734.
9.79249000000000 5793.
9.79249000000000 5579.
9.79252000000000 5710.
9.79251000000000 5642.
9.79250000000000 5770.
9.79249000000000 5783.
9.79249000000000 5850.
9.79249000000000 5572.
9.79249000000000 5996.
9.79249000000000 5862.
9.79249000000000 5745.
9.79249000000000 5808.
9.79249000000000 5710.
9.79249000000000 5532.
9.79249000000000 5739.
9.79249000000000 5799.
9.79251000000000 5576.
9.79251000000000 5737.
