9.79230000000000 593.9
9.79230000000000 600.7
9.79226000000000 579.2
9.79226000000000 579.2
9.79230000000000 589.3
9.79221000000000 583.6
9.79258000000000 552.4
9.79258000000000 552.4
9.79230000000000 560.5
9.79212000000000 576.2
9.79234000000000 561.8
9.79234000000000 561.8
9.79237000000000 593.8
9.79234000000000 566.4
9.79234000000000 566.4
9.79213000000000 606.5
9.79265000000000 613.4
9.79221000000000 539.0
9.79221000000000 539.0
9.79235000000000 612.5
9.79259000000000 554.4
9.79235000000000 582.6
9.79235000000000 582.6
9.79235000000000 557.9
9.79213000000000 527.3
9.79213000000000 527.3
9.79212000000000 536.0
9.79231000000000 564.7
9.79235000000000 543.9
9.79235000000000 543.9
9.79235000000000 574.0
9.79231000000000 569.5
9.79251000000000 572.0
9.79251000000000 572.0
9.79265000000000 584.8
9.79234000000000 590.5
9.79234000000000 590.5
9.79242000000000 579.1
9.79231000000000 570.3
9.79265000000000 566.0
9.79265000000000 566.0
9.79230000000000 611.1
9.79234000000000 612.2
9.79234000000000 612.2
9.79212000000000 562.6
9.79214000000000 593.0
9.79234000000000 565.8
9.79234000000000 565.8
9.79235000000000 606.2
9.79231000000000 592.7
9.79231000000000 622.6
9.79231000000000 622.6
9.79213000000000 551.4
9.79234000000000 555.0
9.79234000000000 555.0
9.79231000000000 560.3
9.79267000000000 569.5
9.79221000000000 564.7
9.79221000000000 564.7
9.79226000000000 575.4
9.79234000000000 559.6
9.79234000000000 559.6
9.79230000000000 540.3
9.79259000000000 583.2
9.79221000000000 557.7
9.79221000000000 557.7
9.79213000000000 512.2
9.79259000000000 538.8
9.79231000000000 598.0
9.79231000000000 598.0
9.79221000000000 603.9
9.79242000000000 557.9
9.79242000000000 557.9
9.79230000000000 567.4
9.79235000000000 590.8
9.79234000000000 562.9
9.79234000000000 562.9
9.79234000000000 592.6
9.79230000000000 532.8
9.79234000000000 614.2
9.79234000000000 614.2
9.79259000000000 599.2
9.79231000000000 583.3
9.79231000000000 583.3
9.79265000000000 639.0
9.79265000000000 578.0
9.79234000000000 553.9
9.79234000000000 553.9
9.79231000000000 564.2
9.79234000000000 560.1
9.79242000000000 578.9
9.79242000000000 578.9
9.79213000000000 620.4
9.79242000000000 574.7
9.79242000000000 574.7
9.79231000000000 567.9
9.79231000000000 610.2
9.79222000000000 584.6
9.79222000000000 584.6
9.79234000000000 609.7
9.79230000000000 594.0
9.79230000000000 594.0
9.79267000000000 619.3
9.79234000000000 561.1
9.79230000000000 585.0
9.79230000000000 585.0
9.79230000000000 555.1
9.79230000000000 557.9
9.79213000000000 533.2
9.79213000000000 533.2
9.79242000000000 558.3
9.79242000000000 577.7
9.79242000000000 577.7
9.79247000000000 540.8
9.79228000000000 591.7
9.79235000000000 542.2
9.79235000000000 542.2
9.79230000000000 603.7
9.79213000000000 555.5
9.79242000000000 557.8
9.79242000000000 557.8
9.79234000000000 592.4
9.79245000000000 587.9
9.79245000000000 587.9
9.79230000000000 616.7
9.79230000000000 582.3
9.79230000000000 581.9
9.79230000000000 581.9
9.79231000000000 553.9
9.79231000000000 595.1
9.79213000000000 575.9
9.79213000000000 575.9
9.79226000000000 525.1
9.79230000000000 603.6
9.79230000000000 603.6
9.79213000000000 590.7
9.79221000000000 573.2
9.79258000000000 569.4
9.79258000000000 569.4
9.79265000000000 553.4
9.79221000000000 588.8
9.79213000000000 585.9
9.79213000000000 585.9
9.79235000000000 536.9
9.79230000000000 593.6
9.79230000000000 593.6
9.79230000000000 567.7
9.79212000000000 575.5
9.79213000000000 595.1
9.79213000000000 595.1
9.79265000000000 560.7
9.79230000000000 600.3
9.79230000000000 600.3
9.79219000000000 594.0
9.79246000000000 586.9
9.79234000000000 581.3
9.79234000000000 581.3
9.79230000000000 562.9
9.79235000000000 602.0
9.79265000000000 571.9
9.79265000000000 571.9
9.79230000000000 564.7
9.79231000000000 603.6
9.79231000000000 603.6
9.79231000000000 552.2
9.79231000000000 528.3
9.79245000000000 577.4
9.79245000000000 577.4
9.79219000000000 570.3
9.79239000000000 563.2
9.79222000000000 553.8
9.79222000000000 553.8
9.79242000000000 566.8
9.79235000000000 566.3
9.79235000000000 566.3
9.79265000000000 522.8
9.79233000000000 569.9
9.79231000000000 597.1
9.79231000000000 597.1
9.79230000000000 616.2
9.79228000000000 560.1
9.79228000000000 560.1
9.79226000000000 598.3
9.79230000000000 527.8
9.79221000000000 603.4
9.79221000000000 603.4
9.79226000000000 583.6
9.79242000000000 556.6
9.79231000000000 548.7
9.79231000000000 548.7
9.79230000000000 586.0
9.79235000000000 570.2
9.79242000000000 547.5
9.79242000000000 547.5
9.79265000000000 572.7
9.79214000000000 592.6
9.79214000000000 592.6
9.79242000000000 577.5
9.79235000000000 583.7
9.79221000000000 587.2
9.79221000000000 587.2
9.79242000000000 558.6
9.79230000000000 599.4
9.79218000000000 605.5
9.79218000000000 605.5
9.79267000000000 550.4
9.79231000000000 567.3
9.79231000000000 567.3
9.79234000000000 553.2
9.79251000000000 544.3
9.79231000000000 549.4
9.79231000000000 549.4
9.79212000000000 501.4
9.79219000000000 543.3
9.79219000000000 543.3
9.79227000000000 630.4
9.79213000000000 553.9
9.79230000000000 557.0
9.79230000000000 557.0
9.79231000000000 560.1
9.79267000000000 558.9
9.79235000000000 548.7
9.79235000000000 548.7
9.79235000000000 567.1
9.79213000000000 562.9
9.79213000000000 562.9
9.79230000000000 600.4
9.79212000000000 597.7
9.79221000000000 596.3
9.79221000000000 596.3
9.79213000000000 550.7
9.79251000000000 562.4
9.79267000000000 603.1
9.79267000000000 603.1
9.79265000000000 502.9
9.79227000000000 555.4
9.79227000000000 555.4
9.79235000000000 622.2
9.79230000000000 586.1
9.79230000000000 586.9
9.79230000000000 586.9
9.79242000000000 582.1
9.79235000000000 602.1
9.79234000000000 580.0
9.79234000000000 580.0
9.79231000000000 578.7
9.79213000000000 572.6
9.79213000000000 572.6
9.79265000000000 561.7
9.79231000000000 573.0
9.79231000000000 572.0
9.79231000000000 572.0
9.79242000000000 587.6
9.79228000000000 590.3
9.79228000000000 590.3
9.79258000000000 604.6
9.79235000000000 546.0
9.79230000000000 606.8
9.79230000000000 606.8
9.79212000000000 599.7
9.79251000000000 548.3
9.79235000000000 559.2
9.79235000000000 559.2
9.79235000000000 575.6
9.79226000000000 581.7
9.79226000000000 581.7
9.79212000000000 577.8
9.79230000000000 580.2
9.79235000000000 574.1
9.79235000000000 574.1
9.79265000000000 539.5
9.79265000000000 588.7
9.79230000000000 582.9
9.79230000000000 582.9
9.79265000000000 595.5
9.79234000000000 578.2
9.79234000000000 578.2
9.79234000000000 545.4
9.79242000000000 568.7
9.79234000000000 577.5
9.79234000000000 577.5
9.79230000000000 603.8
9.79213000000000 522.1
9.79230000000000 591.8
9.79230000000000 591.8
9.79231000000000 561.6
9.79267000000000 563.1
9.79267000000000 563.1
9.79234000000000 599.6
9.79246000000000 557.2
9.79221000000000 558.1
9.79221000000000 558.1
9.79234000000000 583.7
9.79222000000000 607.4
9.79230000000000 576.3
9.79230000000000 576.3
9.79267000000000 539.9
9.79246000000000 579.5
9.79246000000000 579.5
9.79234000000000 576.6
9.79265000000000 565.0
9.79230000000000 582.5
9.79230000000000 582.5
9.79274000000000 505.9
9.79235000000000 538.4
9.79231000000000 601.2
9.79231000000000 601.2
9.79212000000000 577.1
9.79235000000000 584.2
9.79235000000000 584.2
9.79212000000000 571.9
9.79230000000000 566.2
9.79211000000000 605.1
9.79211000000000 605.1
9.79235000000000 562.7
9.79230000000000 559.0
9.79242000000000 571.8
9.79242000000000 571.8
9.79234000000000 606.0
9.79235000000000 590.9
9.79235000000000 590.9
9.79246000000000 583.3
9.79234000000000 597.0
9.79231000000000 563.2
9.79231000000000 563.2
9.79267000000000 588.8
9.79230000000000 614.1
9.79230000000000 614.1
9.79265000000000 595.2
9.79250000000000 552.3
9.79246000000000 566.8
9.79246000000000 566.8
9.79235000000000 628.4
9.79230000000000 562.8
9.79249000000000 579.4
9.79249000000000 579.4
9.79213000000000 538.3
9.79213000000000 615.2
9.79242000000000 569.7
9.79242000000000 569.7
9.79230000000000 563.4
9.79230000000000 579.9
9.79230000000000 579.9
9.79234000000000 584.8
9.79222000000000 577.1
9.79242000000000 583.8
9.79242000000000 583.8
9.79221000000000 564.9
9.79265000000000 574.4
9.79221000000000 597.1
9.79221000000000 597.1
9.79232000000000 584.4
9.79222000000000 551.4
9.79222000000000 551.4
9.79234000000000 570.5
9.79221000000000 602.1
9.79245000000000 578.4
9.79245000000000 578.4
9.79231000000000 568.4
9.79221000000000 565.1
9.79221000000000 565.1
9.79265000000000 559.6
9.79242000000000 612.1
9.79230000000000 596.3
9.79230000000000 596.3
9.79228000000000 569.3
9.79234000000000 636.8
9.79234000000000 580.8
9.79234000000000 580.8
9.79265000000000 567.7
9.79242000000000 577.9
9.79242000000000 577.9
9.79228000000000 586.2
9.79231000000000 569.1
9.79231000000000 600.1
9.79231000000000 600.1
9.79230000000000 578.7
9.79245000000000 555.9
9.79230000000000 576.0
9.79230000000000 576.0
9.79230000000000 553.9
9.79234000000000 557.2
9.79234000000000 557.2
9.79212000000000 577.3
9.79226000000000 582.4
9.79230000000000 570.9
9.79230000000000 570.9
9.79234000000000 636.1
9.79245000000000 545.2
9.79230000000000 595.3
9.79230000000000 595.3
9.79230000000000 590.8
9.79235000000000 600.8
9.79235000000000 600.8
9.79221000000000 592.7
9.79265000000000 597.6
9.79242000000000 569.8
9.79242000000000 569.8
9.79230000000000 540.4
9.79235000000000 569.2
9.79221000000000 588.3
9.79221000000000 588.3
9.79235000000000 562.6
9.79245000000000 556.6
9.79245000000000 556.6
9.79231000000000 546.0
9.79230000000000 572.7
9.79234000000000 558.8
9.79234000000000 558.8
9.79230000000000 566.6
9.79231000000000 572.3
9.79265000000000 511.3
9.79265000000000 511.3
9.79231000000000 563.8
9.79234000000000 520.5
9.79230000000000 549.4
9.79230000000000 549.4
9.79213000000000 570.7
9.79231000000000 589.4
9.79231000000000 589.4
9.79223000000000 594.8
9.79245000000000 548.3
9.79223000000000 587.8
9.79223000000000 587.8
9.79235000000000 595.3
9.79234000000000 576.4
9.79234000000000 576.4
9.79245000000000 573.3
9.79235000000000 560.1
9.79242000000000 592.1
9.79242000000000 592.1
9.79234000000000 591.9
9.79259000000000 574.2
9.79226000000000 616.3
9.79226000000000 616.3
9.79231000000000 579.8
9.79246000000000 550.5
9.79246000000000 550.5
9.79234000000000 633.0
9.79235000000000 578.2
9.79265000000000 558.9
9.79265000000000 558.9
9.79234000000000 556.7
9.79250000000000 594.7
9.79230000000000 589.2
9.79230000000000 589.2
9.79213000000000 606.7
9.79235000000000 610.5
9.79235000000000 610.5
9.79221000000000 556.6
9.79265000000000 556.3
9.79235000000000 585.2
9.79235000000000 585.2
9.79230000000000 576.2
9.79247000000000 566.0
9.79234000000000 606.5
9.79234000000000 606.5
9.79213000000000 513.2
9.79234000000000 580.2
9.79234000000000 580.2
9.79230000000000 593.4
9.79235000000000 571.1
9.79265000000000 585.7
9.79265000000000 585.7
9.79222000000000 581.8
9.79265000000000 592.1
9.79222000000000 564.8
9.79222000000000 564.8
9.79249000000000 609.7
9.79245000000000 536.7
9.79245000000000 536.7
9.79237000000000 573.4
9.79231000000000 587.6
9.79230000000000 585.8
9.79230000000000 585.8
9.79265000000000 582.9
9.79230000000000 571.6
9.79212000000000 599.0
9.79212000000000 599.0
9.79221000000000 593.8
9.79234000000000 535.7
9.79234000000000 535.7
9.79221000000000 570.9
9.79265000000000 529.2
9.79235000000000 528.6
9.79235000000000 528.6
9.79230000000000 575.7
9.79221000000000 529.3
9.79213000000000 559.9
9.79213000000000 559.9
9.79226000000000 594.6
9.79228000000000 546.8
9.79228000000000 546.8
9.79213000000000 541.3
9.79212000000000 579.5
9.79231000000000 574.8
9.79231000000000 574.8
9.79213000000000 560.8
9.79219000000000 576.0
9.79235000000000 526.0
