9.79257000000000 1597.
9.79252000000000 1531.
9.79264000000000 1510.
9.79250000000000 1526.
9.79257000000000 1479.
9.79250000000000 1501.
9.79252000000000 1534.
9.79250000000000 1542.
9.79257000000000 1566.
9.79257000000000 1504.
9.79252000000000 1457.
9.79252000000000 1501.
9.79264000000000 1502.
9.79264000000000 1442.
9.79241000000000 1499.
9.79219000000000 1550.
9.79257000000000 1410.
9.79264000000000 1507.
9.79257000000000 1521.
9.79263000000000 1501.
9.79257000000000 1572.
9.79252000000000 1500.
9.79237000000000 1566.
9.79231000000000 1524.
9.79237000000000 1490.
9.79237000000000 1550.
9.79252000000000 1492.
9.79252000000000 1557.
9.79237000000000 1526.
9.79254000000000 1554.
9.79252000000000 1406.
9.79237000000000 1492.
9.79241000000000 1545.
9.79250000000000 1491.
9.79252000000000 1546.
9.79252000000000 1560.
9.79248000000000 1494.
9.79264000000000 1511.
9.79264000000000 1550.
9.79264000000000 1446.
9.79252000000000 1449.
9.79257000000000 1559.
9.79252000000000 1497.
9.79252000000000 1524.
9.79250000000000 1550.
9.79257000000000 1451.
9.79257000000000 1558.
9.79252000000000 1446.
9.79275000000000 1492.
9.79257000000000 1506.
9.79257000000000 1480.
9.79252000000000 1529.
9.79241000000000 1419.
9.79231000000000 1475.
9.79250000000000 1479.
9.79252000000000 1544.
9.79237000000000 1549.
9.79264000000000 1494.
9.79252000000000 1444.
9.79250000000000 1484.
9.79252000000000 1498.
9.79257000000000 1504.
9.79257000000000 1495.
9.79219000000000 1512.
9.79250000000000 1502.
9.79252000000000 1499.
9.79250000000000 1523.
9.79252000000000 1621.
9.79257000000000 1515.
9.79264000000000 1394.
9.79219000000000 1511.
9.79257000000000 1487.
9.79250000000000 1510.
9.79252000000000 1507.
9.79264000000000 1520.
9.79252000000000 1503.
9.79257000000000 1490.
9.79252000000000 1515.
9.79250000000000 1551.
9.79246000000000 1566.
9.79252000000000 1506.
9.79257000000000 1463.
9.79252000000000 1498.
9.79257000000000 1514.
9.79275000000000 1504.
9.79263000000000 1529.
9.79250000000000 1551.
9.79264000000000 1510.
9.79257000000000 1527.
9.79250000000000 1468.
9.79231000000000 1464.
9.79250000000000 1548.
9.79231000000000 1504.
9.79245000000000 1516.
9.79250000000000 1560.
9.79241000000000 1570.
9.79257000000000 1521.
9.79250000000000 1538.
9.79252000000000 1631.
9.79264000000000 1558.
9.79237000000000 1584.
9.79252000000000 1471.
9.79250000000000 1522.
9.79264000000000 1408.
9.79250000000000 1472.
9.79242000000000 1547.
9.79252000000000 1407.
9.79252000000000 1456.
9.79252000000000 1474.
9.79237000000000 1540.
9.79231000000000 1515.
9.79252000000000 1525.
9.79257000000000 1430.
9.79257000000000 1494.
9.79237000000000 1535.
9.79250000000000 1504.
9.79252000000000 1600.
9.79242000000000 1555.
9.79248000000000 1585.
9.79257000000000 1625.
9.79252000000000 1480.
9.79250000000000 1509.
9.79257000000000 1578.
9.79257000000000 1506.
9.79252000000000 1527.
9.79257000000000 1567.
9.79252000000000 1474.
9.79264000000000 1491.
9.79252000000000 1446.
9.79250000000000 1551.
9.79264000000000 1589.
9.79257000000000 1545.
9.79264000000000 1487.
9.79257000000000 1521.
9.79257000000000 1519.
9.79237000000000 1448.
9.79264000000000 1449.
9.79241000000000 1530.
9.79264000000000 1542.
9.79257000000000 1510.
9.79252000000000 1488.
9.79264000000000 1475.
9.79232000000000 1483.
9.79240000000000 1605.
9.79250000000000 1562.
9.79252000000000 1551.
9.79257000000000 1539.
9.79257000000000 1532.
9.79237000000000 1528.
9.79264000000000 1491.
9.79264000000000 1513.
9.79252000000000 1534.
9.79252000000000 1470.
9.79250000000000 1494.
9.79250000000000 1466.
9.79257000000000 1482.
9.79257000000000 1527.
9.79252000000000 1448.
9.79231000000000 1496.
9.79231000000000 1480.
9.79264000000000 1542.
9.79264000000000 1518.
9.79275000000000 1486.
9.79233000000000 1488.
9.79275000000000 1551.
9.79252000000000 1478.
9.79237000000000 1468.
9.79242000000000 1533.
9.79237000000000 1491.
9.79257000000000 1527.
9.79264000000000 1517.
9.79257000000000 1448.
9.79252000000000 1442.
9.79252000000000 1525.
9.79264000000000 1575.
9.79252000000000 1501.
9.79252000000000 1546.
9.79252000000000 1552.
9.79257000000000 1529.
9.79244000000000 1492.
9.79264000000000 1515.
9.79263000000000 1456.
9.79264000000000 1543.
9.79263000000000 1545.
9.79264000000000 1594.
9.79264000000000 1548.
9.79264000000000 1528.
9.79252000000000 1514.
9.79257000000000 1511.
9.79231000000000 1524.
9.79244000000000 1502.
9.79237000000000 1458.
9.79250000000000 1520.
9.79231000000000 1482.
9.79242000000000 1469.
9.79264000000000 1455.
9.79257000000000 1510.
9.79241000000000 1502.
9.79234000000000 1461.
9.79252000000000 1537.
9.79240000000000 1539.
9.79252000000000 1584.
9.79219000000000 1497.
9.79264000000000 1529.
9.79237000000000 1481.
9.79264000000000 1431.
9.79252000000000 1437.
9.79246000000000 1475.
9.79237000000000 1514.
9.79252000000000 1532.
9.79264000000000 1516.
9.79250000000000 1592.
9.79237000000000 1513.
9.79252000000000 1435.
9.79250000000000 1521.
9.79252000000000 1526.
9.79231000000000 1503.
9.79250000000000 1552.
9.79241000000000 1514.
9.79250000000000 1506.
9.79264000000000 1485.
9.79242000000000 1430.
9.79252000000000 1482.
9.79264000000000 1516.
9.79250000000000 1608.
9.79275000000000 1474.
9.79264000000000 1449.
9.79257000000000 1498.
9.79250000000000 1503.
9.79250000000000 1496.
9.79264000000000 1437.
9.79252000000000 1554.
9.79257000000000 1466.
9.79241000000000 1533.
9.79225000000000 1509.
9.79264000000000 1495.
9.79257000000000 1575.
9.79257000000000 1567.
9.79252000000000 1470.
9.79250000000000 1491.
9.79250000000000 1497.
9.79244000000000 1516.
9.79250000000000 1483.
9.79252000000000 1620.
9.79257000000000 1488.
9.79264000000000 1410.
9.79252000000000 1509.
9.79264000000000 1542.
9.79252000000000 1550.
9.79264000000000 1489.
9.79252000000000 1498.
9.79257000000000 1447.
9.79250000000000 1413.
9.79252000000000 1501.
9.79250000000000 1481.
9.79257000000000 1480.
9.79237000000000 1527.
9.79264000000000 1469.
9.79231000000000 1546.
9.79257000000000 1538.
9.79252000000000 1525.
9.79250000000000 1471.
9.79257000000000 1498.
9.79237000000000 1498.
9.79257000000000 1539.
9.79252000000000 1531.
9.79257000000000 1552.
9.79257000000000 1524.
9.79252000000000 1521.
9.79225000000000 1529.
9.79257000000000 1557.
9.79257000000000 1536.
9.79257000000000 1495.
9.79252000000000 1509.
9.79231000000000 1482.
9.79237000000000 1523.
9.79264000000000 1476.
9.79264000000000 1504.
9.79250000000000 1482.
9.79275000000000 1447.
9.79264000000000 1550.
9.79263000000000 1538.
9.79263000000000 1440.
9.79252000000000 1527.
9.79257000000000 1547.
9.79250000000000 1560.
9.79250000000000 1616.
9.79250000000000 1546.
9.79252000000000 1527.
9.79264000000000 1468.
9.79237000000000 1502.
9.79252000000000 1470.
9.79257000000000 1490.
9.79252000000000 1494.
9.79231000000000 1608.
9.79231000000000 1512.
9.79257000000000 1493.
9.79237000000000 1541.
9.79237000000000 1465.
9.79250000000000 1487.
9.79257000000000 1475.
9.79252000000000 1524.
9.79252000000000 1501.
9.79257000000000 1507.
9.79237000000000 1564.
9.79241000000000 1427.
9.79250000000000 1444.
9.79257000000000 1539.
9.79245000000000 1522.
9.79264000000000 1504.
9.79242000000000 1553.
9.79241000000000 1521.
9.79231000000000 1511.
9.79247000000000 1485.
9.79257000000000 1481.
9.79250000000000 1413.
9.79264000000000 1551.
9.79257000000000 1583.
9.79237000000000 1533.
9.79242000000000 1556.
9.79257000000000 1470.
9.79257000000000 1494.
9.79232000000000 1530.
9.79250000000000 1486.
9.79264000000000 1502.
9.79257000000000 1546.
9.79264000000000 1518.
9.79252000000000 1502.
9.79245000000000 1550.
9.79252000000000 1449.
9.79252000000000 1501.
9.79257000000000 1479.
9.79231000000000 1480.
9.79252000000000 1532.
9.79257000000000 1447.
9.79257000000000 1535.
9.79264000000000 1566.
9.79259000000000 1504.
9.79264000000000 1568.
9.79257000000000 1529.
9.79257000000000 1571.
9.79242000000000 1499.
9.79264000000000 1504.
9.79257000000000 1562.
9.79231000000000 1493.
9.79264000000000 1546.
9.79264000000000 1485.
9.79237000000000 1487.
9.79252000000000 1485.
9.79252000000000 1613.
9.79250000000000 1588.
9.79237000000000 1436.
9.79250000000000 1629.
9.79257000000000 1546.
9.79250000000000 1559.
9.79250000000000 1546.
9.79231000000000 1532.
9.79257000000000 1509.
9.79242000000000 1579.
9.79223000000000 1422.
9.79250000000000 1444.
9.79252000000000 1547.
9.79250000000000 1600.
9.79264000000000 1453.
9.79252000000000 1547.
9.79257000000000 1519.
9.79252000000000 1468.
9.79269000000000 1518.
9.79252000000000 1520.
9.79252000000000 1407.
9.79264000000000 1492.
9.79250000000000 1498.
9.79263000000000 1493.
9.79250000000000 1503.
9.79257000000000 1601.
9.79263000000000 1530.
9.79231000000000 1472.
9.79240000000000 1518.
9.79264000000000 1519.
9.79252000000000 1504.
9.79252000000000 1511.
9.79264000000000 1558.
9.79231000000000 1457.
9.79237000000000 1560.
9.79237000000000 1553.
9.79237000000000 1543.
9.79252000000000 1504.
9.79257000000000 1525.
9.79250000000000 1487.
9.79244000000000 1500.
9.79250000000000 1484.
9.79264000000000 1563.
9.79241000000000 1560.
9.79237000000000 1544.
9.79257000000000 1502.
9.79257000000000 1526.
9.79257000000000 1464.
9.79264000000000 1552.
9.79257000000000 1565.
9.79257000000000 1511.
9.79257000000000 1478.
9.79257000000000 1498.
9.79252000000000 1392.
9.79252000000000 1586.
9.79257000000000 1487.
9.79264000000000 1464.
9.79264000000000 1498.
9.79264000000000 1470.
9.79263000000000 1517.
9.79231000000000 1485.
9.79250000000000 1560.
9.79231000000000 1606.
9.79250000000000 1535.
9.79248000000000 1526.
9.79219000000000 1434.
9.79252000000000 1512.
9.79241000000000 1413.
9.79257000000000 1543.
9.79257000000000 1456.
9.79231000000000 1492.
9.79264000000000 1549.
9.79252000000000 1478.
9.79257000000000 1438.
9.79250000000000 1466.
9.79264000000000 1487.
9.79257000000000 1476.
9.79257000000000 1508.
9.79264000000000 1382.
9.79264000000000 1499.
9.79237000000000 1523.
9.79231000000000 1443.
9.79237000000000 1588.
9.79252000000000 1513.
9.79264000000000 1507.
9.79252000000000 1578.
9.79264000000000 1533.
9.79237000000000 1498.
9.79242000000000 1479.
9.79264000000000 1506.
9.79252000000000 1466.
9.79257000000000 1536.
9.79244000000000 1466.
9.79244000000000 1501.
9.79252000000000 1457.
9.79257000000000 1560.
9.79241000000000 1491.
9.79264000000000 1539.
9.79257000000000 1576.
9.79257000000000 1524.
9.79237000000000 1481.
9.79264000000000 1498.
9.79252000000000 1520.
9.79264000000000 1482.
9.79252000000000 1551.
9.79264000000000 1569.
9.79257000000000 1595.
9.79252000000000 1482.
9.79257000000000 1546.
9.79252000000000 1477.
9.79257000000000 1441.
9.79237000000000 1439.
9.79242000000000 1456.
9.79257000000000 1516.
9.79250000000000 1510.
9.79250000000000 1502.
9.79257000000000 1519.
9.79252000000000 1476.
9.79244000000000 1525.
9.79252000000000 1511.
9.79237000000000 1456.
9.79250000000000 1572.
9.79252000000000 1515.
9.79242000000000 1477.
9.79264000000000 1562.
9.79237000000000 1530.
9.79252000000000 1489.
9.79264000000000 1506.
9.79240000000000 1486.
9.79252000000000 1429.
9.79237000000000 1452.
9.79244000000000 1521.
9.79264000000000 1485.
9.79250000000000 1473.
9.79252000000000 1524.
9.79252000000000 1525.
9.79264000000000 1530.
9.79257000000000 1472.
9.79252000000000 1468.
9.79252000000000 1583.
9.79263000000000 1540.
9.79248000000000 1571.
9.79257000000000 1537.
9.79237000000000 1543.
9.79252000000000 1496.
9.79257000000000 1493.
9.79264000000000 1501.
9.79257000000000 1473.
9.79241000000000 1498.
9.79231000000000 1519.
9.79263000000000 1543.
