9.79276000000000 612.5
9.79276000000000 612.5
9.79252000000000 627.4
9.79276000000000 595.3
9.79276000000000 595.3
9.79219000000000 625.0
9.79203000000000 632.4
9.79203000000000 632.4
9.79203000000000 631.4
9.79203000000000 631.4
9.79224000000000 668.3
9.79257000000000 674.7
9.79257000000000 674.7
9.79224000000000 573.5
9.79259000000000 611.7
9.79259000000000 611.7
9.79254000000000 613.2
9.79254000000000 613.2
9.79254000000000 625.2
9.79185000000000 599.7
9.79185000000000 599.7
9.79271000000000 577.9
9.79271000000000 614.1
9.79271000000000 614.1
9.79232000000000 635.0
9.79232000000000 635.0
9.79222000000000 591.2
9.79224000000000 611.7
9.79224000000000 611.7
9.79263000000000 639.2
9.79224000000000 600.9
9.79224000000000 600.9
9.79276000000000 641.4
9.79224000000000 626.0
9.79224000000000 626.0
9.79257000000000 591.8
9.79257000000000 591.8
9.79224000000000 600.6
9.79257000000000 609.8
9.79257000000000 609.8
9.79276000000000 619.0
9.79276000000000 619.0
9.79257000000000 658.3
9.79274000000000 604.7
9.79274000000000 604.7
9.79259000000000 638.4
9.79224000000000 575.4
9.79224000000000 575.4
9.79224000000000 608.0
9.79224000000000 608.0
9.79224000000000 625.0
9.79224000000000 646.7
9.79224000000000 646.7
9.79203000000000 627.8
9.79224000000000 599.1
9.79224000000000 599.1
9.79261000000000 615.2
9.79261000000000 615.2
9.79257000000000 574.3
9.79219000000000 603.3
9.79219000000000 603.3
9.79257000000000 622.3
9.79249000000000 677.6
9.79249000000000 677.6
9.79270000000000 613.1
9.79270000000000 613.1
9.79219000000000 617.3
9.79258000000000 649.7
9.79258000000000 649.7
9.79203000000000 588.3
9.79183000000000 612.2
9.79183000000000 612.2
9.79276000000000 656.5
9.79276000000000 656.5
9.79234000000000 631.5
9.79263000000000 590.1
9.79263000000000 590.1
9.79263000000000 618.2
9.79224000000000 609.7
9.79224000000000 609.7
9.79224000000000 591.5
9.79224000000000 591.5
9.79241000000000 582.3
9.79257000000000 637.2
9.79257000000000 637.2
9.79263000000000 600.8
9.79224000000000 587.1
9.79224000000000 587.1
9.79263000000000 589.7
9.79209000000000 598.6
9.79209000000000 598.6
9.79257000000000 627.2
9.79257000000000 627.2
9.79224000000000 587.4
9.79249000000000 633.0
9.79249000000000 633.0
9.79271000000000 580.3
9.79271000000000 580.3
9.79261000000000 576.3
9.79219000000000 562.8
9.79219000000000 562.8
9.79254000000000 595.1
9.79257000000000 620.1
9.79257000000000 620.1
9.79224000000000 575.1
9.79254000000000 662.4
9.79254000000000 662.4
9.79261000000000 583.3
9.79261000000000 583.3
9.79263000000000 606.0
9.79224000000000 605.0
9.79224000000000 605.0
9.79224000000000 648.8
9.79257000000000 634.6
9.79257000000000 634.6
9.79259000000000 604.4
9.79259000000000 604.4
9.79263000000000 616.7
9.79254000000000 628.3
9.79254000000000 628.3
9.79257000000000 598.8
9.79219000000000 625.8
9.79219000000000 625.8
9.79249000000000 582.9
9.79249000000000 582.9
9.79232000000000 562.9
9.79249000000000 615.8
9.79249000000000 615.8
9.79224000000000 586.9
9.79271000000000 602.0
9.79271000000000 602.0
9.79219000000000 596.5
9.79259000000000 617.0
9.79259000000000 617.0
9.79261000000000 612.1
9.79261000000000 612.1
9.79222000000000 617.5
9.79257000000000 620.4
9.79257000000000 620.4
9.79219000000000 609.6
9.79257000000000 650.7
9.79257000000000 650.7
9.79224000000000 613.3
9.79224000000000 613.3
9.79257000000000 617.5
9.79232000000000 649.6
9.79232000000000 649.6
9.79257000000000 671.0
9.79257000000000 671.0
9.79254000000000 565.1
9.79254000000000 591.5
9.79254000000000 591.5
9.79232000000000 593.8
9.79259000000000 602.2
9.79259000000000 602.2
9.79252000000000 651.3
9.79252000000000 651.3
9.79224000000000 583.7
9.79254000000000 597.8
9.79254000000000 597.8
9.79257000000000 582.2
9.79232000000000 661.2
9.79232000000000 661.2
9.79219000000000 618.9
9.79219000000000 618.9
9.79268000000000 553.7
9.79232000000000 591.9
9.79232000000000 591.9
9.79209000000000 560.6
9.79211000000000 603.5
9.79211000000000 603.5
9.79257000000000 565.3
9.79257000000000 565.3
9.79261000000000 565.8
9.79234000000000 594.2
9.79234000000000 594.2
9.79219000000000 615.1
9.79232000000000 680.7
9.79232000000000 680.7
9.79224000000000 641.6
9.79224000000000 641.6
9.79254000000000 611.0
9.79268000000000 625.7
9.79268000000000 625.7
9.79263000000000 623.5
9.79254000000000 613.1
9.79254000000000 613.1
9.79224000000000 601.9
9.79224000000000 601.9
9.79261000000000 619.2
9.79219000000000 607.7
9.79219000000000 607.7
9.79257000000000 645.7
9.79254000000000 675.0
9.79254000000000 675.0
9.79224000000000 637.3
9.79224000000000 637.3
9.79261000000000 642.0
9.79219000000000 611.1
9.79219000000000 611.1
9.79263000000000 611.7
9.79219000000000 651.2
9.79219000000000 651.2
9.79224000000000 604.8
9.79224000000000 604.8
9.79224000000000 619.4
9.79257000000000 605.8
9.79257000000000 605.8
9.79268000000000 635.1
9.79224000000000 659.0
9.79224000000000 659.0
9.79202000000000 598.8
9.79202000000000 598.8
9.79263000000000 621.6
9.79224000000000 595.8
9.79224000000000 595.8
9.79224000000000 611.1
9.79224000000000 633.7
9.79224000000000 633.7
9.79259000000000 622.1
9.79259000000000 622.1
9.79257000000000 590.2
9.79224000000000 597.1
9.79224000000000 597.1
9.79254000000000 620.6
9.79261000000000 599.4
9.79261000000000 599.4
9.79257000000000 611.3
9.79257000000000 611.3
9.79224000000000 640.0
9.79232000000000 606.3
9.79232000000000 606.3
9.79224000000000 617.0
9.79254000000000 598.5
9.79254000000000 598.5
9.79257000000000 666.3
9.79224000000000 596.4
9.79224000000000 596.4
9.79252000000000 618.6
9.79252000000000 618.6
9.79254000000000 632.0
9.79253000000000 678.3
9.79253000000000 678.3
9.79257000000000 597.7
9.79219000000000 585.2
9.79219000000000 585.2
9.79241000000000 655.8
9.79241000000000 655.8
9.79254000000000 594.1
9.79224000000000 605.3
9.79224000000000 605.3
9.79258000000000 594.9
9.79257000000000 645.9
9.79257000000000 645.9
9.79224000000000 622.0
9.79224000000000 622.0
9.79224000000000 601.6
9.79258000000000 571.7
9.79258000000000 571.7
9.79252000000000 630.0
9.79203000000000 577.4
9.79203000000000 577.4
9.79224000000000 600.2
9.79224000000000 600.2
9.79224000000000 626.4
9.79210000000000 580.8
9.79210000000000 580.8
9.79249000000000 619.9
9.79219000000000 610.1
9.79219000000000 610.1
9.79263000000000 585.7
9.79263000000000 585.7
9.79232000000000 631.7
9.79224000000000 596.3
9.79224000000000 596.3
9.79241000000000 579.5
9.79232000000000 589.7
9.79232000000000 589.7
9.79257000000000 604.9
9.79257000000000 604.9
9.79272000000000 573.1
9.79224000000000 591.2
9.79224000000000 591.2
9.79224000000000 601.7
9.79257000000000 631.3
9.79257000000000 631.3
9.79257000000000 583.0
9.79257000000000 583.0
9.79271000000000 629.9
9.79224000000000 573.2
9.79224000000000 573.2
9.79224000000000 606.4
9.79224000000000 629.7
9.79224000000000 629.7
9.79224000000000 610.5
9.79224000000000 610.5
9.79263000000000 652.9
9.79257000000000 612.5
9.79257000000000 612.5
9.79224000000000 661.9
9.79219000000000 644.9
9.79219000000000 644.9
9.79257000000000 659.1
9.79257000000000 659.1
9.79224000000000 625.0
9.79244000000000 621.3
9.79244000000000 621.3
9.79276000000000 606.2
9.79263000000000 602.0
9.79263000000000 602.0
9.79224000000000 639.3
9.79224000000000 639.3
9.79210000000000 640.5
9.79203000000000 657.9
9.79203000000000 657.9
9.79224000000000 650.4
9.79224000000000 609.3
9.79224000000000 609.3
9.79235000000000 603.3
9.79235000000000 603.3
9.79219000000000 640.7
9.79257000000000 626.9
9.79257000000000 626.9
9.79261000000000 629.5
9.79254000000000 666.9
9.79254000000000 666.9
9.79257000000000 635.2
9.79254000000000 625.9
9.79254000000000 625.9
9.79254000000000 662.3
9.79254000000000 662.3
9.79244000000000 610.8
9.79224000000000 634.4
9.79224000000000 634.4
9.79224000000000 599.5
9.79254000000000 630.8
9.79254000000000 630.8
9.79224000000000 619.9
9.79224000000000 619.9
9.79203000000000 629.7
9.79253000000000 603.1
9.79253000000000 603.1
9.79219000000000 664.5
9.79224000000000 547.9
9.79224000000000 547.9
9.79224000000000 623.4
9.79224000000000 623.4
9.79224000000000 674.9
9.79232000000000 628.6
9.79232000000000 628.6
9.79261000000000 595.1
9.79219000000000 618.6
9.79219000000000 618.6
9.79259000000000 623.8
9.79259000000000 623.8
9.79268000000000 542.9
9.79224000000000 611.2
9.79224000000000 611.2
9.79271000000000 647.1
9.79255000000000 666.7
9.79255000000000 666.7
9.79209000000000 635.6
9.79254000000000 589.6
9.79254000000000 589.6
9.79257000000000 638.3
9.79257000000000 638.3
9.79257000000000 673.4
9.79202000000000 626.2
9.79202000000000 626.2
9.79203000000000 615.4
9.79259000000000 648.9
9.79259000000000 648.9
9.79281000000000 596.9
9.79281000000000 596.9
9.79219000000000 596.9
9.79224000000000 592.9
9.79224000000000 592.9
9.79263000000000 592.5
9.79257000000000 547.0
9.79257000000000 547.0
9.79235000000000 616.1
9.79235000000000 616.1
9.79249000000000 599.5
9.79219000000000 602.1
9.79219000000000 602.1
9.79257000000000 611.5
9.79219000000000 615.8
9.79219000000000 615.8
9.79203000000000 619.4
9.79271000000000 622.8
9.79271000000000 622.8
9.79263000000000 611.0
9.79263000000000 611.0
9.79257000000000 669.8
9.79257000000000 592.7
9.79257000000000 592.7
9.79262000000000 610.7
9.79263000000000 578.9
9.79263000000000 578.9
9.79224000000000 612.7
9.79219000000000 599.5
9.79219000000000 599.5
9.79237000000000 619.9
9.79237000000000 619.9
9.79224000000000 650.9
9.79257000000000 661.6
9.79257000000000 661.6
9.79261000000000 626.5
9.79224000000000 588.4
9.79224000000000 588.4
9.79232000000000 604.0
9.79232000000000 604.0
9.79224000000000 644.3
9.79263000000000 595.3
9.79263000000000 595.3
9.79254000000000 643.2
9.79224000000000 623.6
9.79224000000000 623.6
9.79224000000000 609.6
9.79224000000000 609.6
9.79241000000000 641.1
9.79276000000000 619.7
9.79276000000000 619.7
9.79262000000000 658.2
9.79257000000000 567.5
9.79257000000000 567.5
9.79219000000000 621.7
9.79219000000000 621.7
9.79224000000000 673.9
9.79257000000000 645.1
9.79257000000000 645.1
9.79271000000000 603.1
9.79254000000000 642.4
9.79254000000000 642.4
9.79224000000000 606.4
9.79222000000000 607.3
9.79222000000000 607.3
9.79249000000000 647.8
9.79249000000000 647.8
9.79219000000000 605.8
9.79222000000000 624.8
9.79222000000000 624.8
9.79224000000000 628.9
9.79219000000000 581.9
9.79219000000000 581.9
9.79232000000000 582.3
9.79232000000000 582.3
9.79263000000000 582.4
9.79263000000000 643.1
9.79263000000000 643.1
9.79257000000000 594.4
9.79219000000000 637.3
9.79219000000000 637.3
9.79276000000000 621.5
9.79276000000000 621.5
9.79224000000000 635.4
9.79219000000000 629.5
9.79219000000000 629.5
9.79254000000000 589.4
9.79254000000000 589.4
9.79224000000000 613.4
9.79254000000000 605.6
9.79254000000000 605.6
9.79224000000000 623.6
9.79219000000000 582.4
9.79219000000000 582.4
9.79271000000000 604.9
9.79271000000000 604.9
9.79203000000000 642.2
9.79257000000000 589.2
9.79257000000000 589.2
9.79224000000000 585.2
9.79224000000000 616.5
9.79224000000000 616.5
9.79271000000000 612.0
9.79203000000000 626.9
9.79203000000000 626.9
9.79257000000000 656.4
9.79257000000000 656.4
9.79234000000000 662.3
9.79198000000000 611.8
9.79198000000000 611.8
9.79263000000000 629.0
9.79257000000000 603.1
9.79257000000000 603.1
9.79257000000000 645.2
9.79257000000000 645.2
9.79268000000000 645.3
9.79224000000000 582.5
9.79224000000000 582.5
9.79224000000000 588.8
9.79254000000000 621.1
9.79254000000000 621.1
9.79236000000000 596.8
9.79236000000000 596.8
9.79254000000000 627.9
9.79249000000000 551.3
9.79249000000000 551.3
9.79222000000000 589.3
9.79234000000000 646.6
