9.79227000000000 869.0
9.79219000000000 870.6
9.79224000000000 915.6
9.79224000000000 935.4
9.79240000000000 944.0
9.79210000000000 920.2
9.79224000000000 879.9
9.79235000000000 891.2
9.79252000000000 868.6
9.79244000000000 846.6
9.79244000000000 844.1
9.79252000000000 871.2
9.79243000000000 823.7
9.79240000000000 891.5
9.79224000000000 848.5
9.79244000000000 913.8
9.79252000000000 844.4
9.79224000000000 888.7
9.79235000000000 891.3
9.79243000000000 919.4
9.79243000000000 865.8
9.79235000000000 842.6
9.79215000000000 867.6
9.79224000000000 911.6
9.79252000000000 901.7
9.79216000000000 911.9
9.79235000000000 920.9
9.79235000000000 925.3
9.79244000000000 880.9
9.79244000000000 922.9
9.79211000000000 877.9
9.79224000000000 894.1
9.79244000000000 859.3
9.79210000000000 886.8
9.79252000000000 899.4
9.79252000000000 827.5
9.79234000000000 876.0
9.79235000000000 840.9
9.79210000000000 897.9
9.79244000000000 897.9
9.79255000000000 913.7
9.79235000000000 794.5
9.79235000000000 883.3
9.79252000000000 845.1
9.79219000000000 849.9
9.79235000000000 907.3
9.79252000000000 868.9
9.79244000000000 884.7
9.79244000000000 830.6
9.79266000000000 865.1
9.79211000000000 839.5
9.79255000000000 881.2
9.79244000000000 912.6
9.79243000000000 848.9
9.79244000000000 931.3
9.79215000000000 865.3
9.79224000000000 833.9
9.79235000000000 864.2
9.79218000000000 866.1
9.79224000000000 839.8
9.79243000000000 903.0
9.79235000000000 846.3
9.79268000000000 895.3
9.79219000000000 882.0
9.79211000000000 863.8
9.79252000000000 902.5
9.79224000000000 901.5
9.79240000000000 911.9
9.79252000000000 846.8
9.79235000000000 950.5
9.79261000000000 914.3
9.79224000000000 839.1
9.79235000000000 881.6
9.79252000000000 890.1
9.79235000000000 926.8
9.79235000000000 855.2
9.79244000000000 938.7
9.79219000000000 877.7
9.79235000000000 863.3
9.79252000000000 905.2
9.79224000000000 850.0
9.79224000000000 957.7
9.79243000000000 891.7
9.79234000000000 891.0
9.79255000000000 859.9
9.79252000000000 838.4
9.79244000000000 863.7
9.79243000000000 924.5
9.79235000000000 919.3
9.79215000000000 899.9
9.79252000000000 892.3
9.79228000000000 946.5
9.79251000000000 824.1
9.79252000000000 892.6
9.79232000000000 929.1
9.79210000000000 942.5
9.79244000000000 891.7
9.79244000000000 892.6
9.79210000000000 853.8
9.79240000000000 860.9
9.79224000000000 915.6
9.79210000000000 929.4
9.79224000000000 874.7
9.79244000000000 927.5
9.79252000000000 919.7
9.79235000000000 910.0
9.79252000000000 913.3
9.79224000000000 861.6
9.79243000000000 897.7
9.79216000000000 788.3
9.79240000000000 861.8
9.79243000000000 847.9
9.79244000000000 911.4
9.79244000000000 938.3
9.79252000000000 874.5
9.79243000000000 871.3
9.79224000000000 892.5
9.79235000000000 892.3
9.79261000000000 872.4
9.79255000000000 898.2
9.79216000000000 859.6
9.79235000000000 897.8
9.79225000000000 863.5
9.79224000000000 901.0
9.79235000000000 884.4
9.79212000000000 885.3
9.79219000000000 847.2
9.79224000000000 880.6
9.79235000000000 897.8
9.79243000000000 849.2
9.79255000000000 871.2
9.79234000000000 894.4
9.79244000000000 926.0
9.79252000000000 882.7
9.79240000000000 850.8
9.79235000000000 923.6
9.79235000000000 828.5
9.79235000000000 786.5
9.79220000000000 885.4
9.79235000000000 947.7
9.79232000000000 916.3
9.79235000000000 934.9
9.79216000000000 864.6
9.79254000000000 789.0
9.79252000000000 879.9
9.79235000000000 902.3
9.79244000000000 877.9
9.79244000000000 868.2
9.79219000000000 843.8
9.79253000000000 955.3
9.79226000000000 843.0
9.79241000000000 873.4
9.79240000000000 903.1
9.79235000000000 901.4
9.79255000000000 886.4
9.79240000000000 866.3
9.79224000000000 833.8
9.79255000000000 885.0
9.79235000000000 843.4
9.79210000000000 913.4
9.79240000000000 917.0
9.79253000000000 920.1
9.79228000000000 910.3
9.79257000000000 874.1
9.79216000000000 886.2
9.79252000000000 896.1
9.79235000000000 913.2
9.79219000000000 861.1
9.79235000000000 933.6
9.79252000000000 872.1
9.79224000000000 905.5
9.79235000000000 890.0
9.79224000000000 851.4
9.79226000000000 865.8
9.79255000000000 844.1
9.79252000000000 882.8
9.79243000000000 820.0
9.79240000000000 907.5
9.79255000000000 886.7
9.79244000000000 870.8
9.79244000000000 890.6
9.79266000000000 891.2
9.79252000000000 846.7
9.79219000000000 841.6
9.79235000000000 886.2
9.79225000000000 866.7
9.79243000000000 909.3
9.79252000000000 882.8
9.79219000000000 881.2
9.79255000000000 896.7
9.79235000000000 867.9
9.79218000000000 898.3
9.79224000000000 807.9
9.79252000000000 840.8
9.79235000000000 910.8
9.79203000000000 878.7
9.79235000000000 901.3
9.79252000000000 889.7
9.79203000000000 806.9
9.79252000000000 848.4
9.79252000000000 835.8
9.79215000000000 890.8
9.79235000000000 869.7
9.79252000000000 888.9
9.79244000000000 829.2
9.79261000000000 868.1
9.79224000000000 851.2
9.79244000000000 868.6
9.79224000000000 886.2
9.79216000000000 885.5
9.79240000000000 884.8
9.79235000000000 879.4
9.79244000000000 859.0
9.79224000000000 929.4
9.79261000000000 887.8
9.79261000000000 857.0
9.79216000000000 909.4
9.79252000000000 875.3
9.79219000000000 885.0
9.79235000000000 852.1
9.79244000000000 954.1
9.79225000000000 944.8
9.79244000000000 881.1
9.79240000000000 913.8
9.79235000000000 943.4
9.79235000000000 848.2
9.79235000000000 863.3
9.79252000000000 911.7
9.79244000000000 854.6
9.79223000000000 971.5
9.79235000000000 881.3
9.79235000000000 943.9
9.79216000000000 892.7
9.79240000000000 893.6
9.79261000000000 936.8
9.79235000000000 916.5
9.79243000000000 904.0
9.79235000000000 844.6
9.79243000000000 868.3
9.79216000000000 891.1
9.79235000000000 927.6
9.79224000000000 871.1
9.79234000000000 860.6
9.79235000000000 895.6
9.79226000000000 887.6
9.79224000000000 963.6
9.79235000000000 839.6
9.79244000000000 897.1
9.79219000000000 895.4
9.79252000000000 945.0
9.79244000000000 924.4
9.79244000000000 852.2
9.79210000000000 928.2
9.79261000000000 864.5
9.79261000000000 817.3
9.79210000000000 934.2
9.79210000000000 935.1
9.79240000000000 913.2
9.79244000000000 804.5
9.79252000000000 893.3
9.79235000000000 942.4
9.79244000000000 888.8
9.79224000000000 876.6
9.79243000000000 882.7
9.79219000000000 849.3
9.79244000000000 878.1
9.79235000000000 881.9
9.79235000000000 837.0
9.79224000000000 877.5
9.79244000000000 902.7
9.79252000000000 905.6
9.79265000000000 900.2
9.79244000000000 857.6
9.79244000000000 849.2
9.79252000000000 877.2
9.79244000000000 824.3
9.79226000000000 862.1
9.79235000000000 857.1
9.79254000000000 899.0
9.79210000000000 870.0
9.79226000000000 847.4
9.79224000000000 851.8
9.79221000000000 852.4
9.79244000000000 929.2
9.79252000000000 938.7
9.79252000000000 948.7
9.79235000000000 880.8
9.79243000000000 887.5
9.79255000000000 886.1
9.79225000000000 858.2
9.79211000000000 877.5
9.79224000000000 889.1
9.79252000000000 858.5
9.79235000000000 948.8
9.79255000000000 870.9
9.79224000000000 848.0
9.79240000000000 863.0
9.79219000000000 911.9
9.79216000000000 882.5
9.79219000000000 871.5
9.79219000000000 873.9
9.79234000000000 922.6
9.79224000000000 881.4
9.79227000000000 861.4
9.79224000000000 886.6
9.79235000000000 886.1
9.79210000000000 930.8
9.79211000000000 862.6
9.79224000000000 879.4
9.79234000000000 866.7
9.79235000000000 881.4
9.79224000000000 893.2
9.79235000000000 903.3
9.79244000000000 837.5
9.79244000000000 896.1
9.79244000000000 908.7
9.79252000000000 924.8
9.79244000000000 849.5
9.79216000000000 834.0
9.79215000000000 908.9
9.79235000000000 898.6
9.79240000000000 901.6
9.79244000000000 911.3
9.79210000000000 852.6
9.79235000000000 914.4
9.79224000000000 830.0
9.79252000000000 865.3
9.79266000000000 896.8
9.79254000000000 831.2
9.79234000000000 866.1
9.79235000000000 887.8
9.79252000000000 861.8
9.79243000000000 857.5
9.79219000000000 827.3
9.79255000000000 908.2
9.79235000000000 876.2
9.79252000000000 906.6
9.79244000000000 898.1
9.79243000000000 849.5
9.79211000000000 888.0
9.79235000000000 867.5
9.79231000000000 881.6
9.79235000000000 833.8
9.79219000000000 866.5
9.79252000000000 899.1
9.79243000000000 876.3
9.79255000000000 911.3
9.79240000000000 913.9
9.79212000000000 833.4
9.79211000000000 919.4
9.79252000000000 895.5
9.79235000000000 855.2
9.79234000000000 871.6
9.79224000000000 886.6
9.79261000000000 845.3
9.79219000000000 924.7
9.79210000000000 867.0
9.79252000000000 932.0
9.79224000000000 869.6
9.79252000000000 863.2
9.79244000000000 800.9
9.79252000000000 877.4
9.79235000000000 858.2
9.79235000000000 852.4
9.79219000000000 846.5
9.79235000000000 922.8
9.79219000000000 909.4
9.79210000000000 873.9
9.79252000000000 827.0
9.79235000000000 912.5
9.79252000000000 925.5
9.79252000000000 831.2
9.79252000000000 912.5
9.79244000000000 889.6
9.79235000000000 852.5
9.79255000000000 901.6
9.79240000000000 910.7
9.79219000000000 834.4
9.79224000000000 833.1
9.79244000000000 950.0
9.79255000000000 933.8
9.79252000000000 924.2
9.79235000000000 846.1
9.79219000000000 892.0
9.79224000000000 886.6
9.79244000000000 941.7
9.79235000000000 823.1
9.79252000000000 891.7
9.79235000000000 903.0
9.79227000000000 931.2
9.79243000000000 881.6
9.79255000000000 831.2
9.79234000000000 900.9
9.79210000000000 854.8
9.79244000000000 881.1
9.79235000000000 904.4
9.79240000000000 869.4
9.79244000000000 904.3
9.79252000000000 880.6
9.79243000000000 890.7
9.79210000000000 836.8
9.79210000000000 883.9
9.79244000000000 860.1
9.79252000000000 850.2
9.79244000000000 863.5
9.79244000000000 895.3
9.79252000000000 869.4
9.79224000000000 862.8
9.79235000000000 964.6
9.79235000000000 838.6
9.79224000000000 877.5
9.79235000000000 922.3
9.79243000000000 963.9
9.79252000000000 846.7
9.79252000000000 907.9
9.79235000000000 876.1
9.79244000000000 884.6
9.79235000000000 933.8
9.79252000000000 870.0
9.79226000000000 896.5
9.79244000000000 840.6
9.79216000000000 920.1
9.79235000000000 844.8
9.79240000000000 896.1
9.79255000000000 863.1
9.79235000000000 961.9
9.79235000000000 916.3
9.79215000000000 857.6
9.79243000000000 859.6
9.79252000000000 897.8
9.79235000000000 871.4
9.79235000000000 844.9
9.79240000000000 922.5
9.79226000000000 914.4
9.79243000000000 915.0
9.79243000000000 934.9
9.79235000000000 876.0
9.79224000000000 877.1
9.79229000000000 890.0
9.79240000000000 835.8
9.79252000000000 868.2
9.79211000000000 895.1
9.79210000000000 928.9
9.79255000000000 921.2
9.79235000000000 871.8
9.79244000000000 826.5
9.79252000000000 861.9
9.79224000000000 891.1
9.79240000000000 894.8
9.79254000000000 856.0
9.79215000000000 832.9
9.79224000000000 861.0
9.79225000000000 871.2
9.79243000000000 862.8
9.79224000000000 839.0
9.79245000000000 865.1
9.79252000000000 893.5
9.79235000000000 910.8
9.79252000000000 819.2
9.79234000000000 863.0
9.79244000000000 830.9
9.79216000000000 892.1
9.79210000000000 835.0
9.79252000000000 932.8
9.79252000000000 831.8
9.79252000000000 929.2
9.79216000000000 911.7
9.79244000000000 858.9
9.79235000000000 927.7
9.79224000000000 892.3
9.79240000000000 869.8
9.79252000000000 882.9
9.79243000000000 908.4
9.79216000000000 878.8
9.79224000000000 823.3
9.79212000000000 852.8
9.79244000000000 897.8
9.79235000000000 989.7
9.79227000000000 927.2
9.79224000000000 905.1
9.79225000000000 855.4
9.79244000000000 820.1
9.79215000000000 913.1
9.79210000000000 892.5
9.79252000000000 891.0
9.79249000000000 865.8
9.79252000000000 820.5
9.79224000000000 912.1
9.79235000000000 832.3
9.79215000000000 838.1
9.79244000000000 853.3
9.79235000000000 880.2
9.79235000000000 891.9
9.79220000000000 925.3
9.79210000000000 816.7
9.79252000000000 899.8
9.79224000000000 851.9
9.79235000000000 957.9
9.79210000000000 838.6
9.79232000000000 917.2
