9.79251000000000 4190.
9.79251000000000 4286.
9.79251000000000 4323.
9.79255000000000 4270.
9.79251000000000 4171.
9.79251000000000 4175.
9.79251000000000 4344.
9.79251000000000 4156.
9.79251000000000 4206.
9.79251000000000 4194.
9.79251000000000 4226.
9.79245000000000 4271.
9.79251000000000 4221.
9.79254000000000 4172.
9.79251000000000 4315.
9.79251000000000 4200.
9.79251000000000 4198.
9.79251000000000 4318.
9.79251000000000 4235.
9.79251000000000 4279.
9.79251000000000 4154.
9.79245000000000 4232.
9.79251000000000 4311.
9.79251000000000 4231.
9.79261000000000 4191.
9.79251000000000 4255.
9.79251000000000 4334.
9.79251000000000 4125.
9.79245000000000 4198.
9.79251000000000 4327.
9.79255000000000 4158.
9.79251000000000 4228.
9.79251000000000 4259.
9.79255000000000 4187.
9.79251000000000 4289.
9.79251000000000 4224.
9.79251000000000 4228.
9.79245000000000 4290.
9.79251000000000 4237.
9.79251000000000 4271.
9.79255000000000 4257.
9.79251000000000 4290.
9.79251000000000 4237.
9.79251000000000 4196.
9.79251000000000 4151.
9.79251000000000 4137.
9.79251000000000 4249.
9.79251000000000 4159.
9.79245000000000 4310.
9.79251000000000 4150.
9.79251000000000 4159.
9.79255000000000 4209.
9.79251000000000 4154.
9.79251000000000 4350.
9.79254000000000 4166.
9.79251000000000 4235.
9.79251000000000 4151.
9.79251000000000 4185.
9.79251000000000 4188.
9.79254000000000 4225.
9.79251000000000 4299.
9.79251000000000 4214.
9.79255000000000 4188.
9.79251000000000 4175.
9.79251000000000 4232.
9.79254000000000 4214.
9.79251000000000 4350.
9.79245000000000 4289.
9.79245000000000 4216.
9.79254000000000 4229.
9.79251000000000 4295.
9.79251000000000 4105.
9.79251000000000 4292.
9.79255000000000 4092.
9.79251000000000 4157.
9.79254000000000 4189.
9.79251000000000 4305.
9.79251000000000 4235.
9.79251000000000 4205.
9.79251000000000 4179.
9.79254000000000 4261.
9.79251000000000 4045.
9.79251000000000 4127.
9.79251000000000 4219.
9.79255000000000 4112.
9.79251000000000 4134.
9.79261000000000 4167.
9.79251000000000 4243.
9.79245000000000 4319.
9.79251000000000 4296.
9.79251000000000 4302.
9.79245000000000 4255.
9.79251000000000 4327.
9.79255000000000 4260.
9.79251000000000 4200.
9.79254000000000 4130.
9.79251000000000 4233.
9.79251000000000 4316.
9.79251000000000 4225.
9.79254000000000 4293.
9.79251000000000 4260.
9.79251000000000 4194.
9.79255000000000 4290.
9.79251000000000 4229.
9.79251000000000 4265.
9.79251000000000 4255.
9.79255000000000 4247.
9.79251000000000 4197.
9.79251000000000 4166.
9.79251000000000 4138.
9.79251000000000 4281.
9.79251000000000 4277.
9.79255000000000 4228.
9.79251000000000 4331.
9.79251000000000 4115.
9.79251000000000 4351.
9.79255000000000 4253.
9.79251000000000 4220.
9.79251000000000 4316.
9.79261000000000 4176.
9.79251000000000 4252.
9.79251000000000 4269.
9.79251000000000 4156.
9.79251000000000 4244.
9.79251000000000 4279.
9.79261000000000 4206.
9.79251000000000 4160.
9.79255000000000 4134.
9.79251000000000 4182.
9.79245000000000 4231.
9.79251000000000 4300.
9.79251000000000 4233.
9.79255000000000 4272.
9.79251000000000 4274.
9.79251000000000 4293.
9.79245000000000 4123.
9.79251000000000 4256.
9.79251000000000 4166.
9.79251000000000 4274.
9.79251000000000 4208.
9.79251000000000 4269.
9.79251000000000 4302.
9.79251000000000 4181.
9.79251000000000 4315.
9.79251000000000 4214.
9.79251000000000 4334.
9.79251000000000 4264.
9.79251000000000 4226.
9.79251000000000 4298.
9.79251000000000 4274.
9.79251000000000 4330.
9.79251000000000 4334.
9.79251000000000 4245.
9.79251000000000 4377.
9.79251000000000 4293.
9.79251000000000 4201.
9.79251000000000 4262.
9.79245000000000 4356.
9.79251000000000 4076.
9.79261000000000 4271.
9.79251000000000 4244.
9.79251000000000 4344.
9.79255000000000 4211.
9.79251000000000 4302.
9.79251000000000 4328.
9.79251000000000 4252.
9.79251000000000 4289.
9.79245000000000 4318.
9.79251000000000 4217.
9.79254000000000 4211.
9.79251000000000 4203.
9.79251000000000 4303.
9.79254000000000 4308.
9.79251000000000 4257.
9.79251000000000 4233.
9.79251000000000 4263.
9.79251000000000 4287.
9.79251000000000 4224.
9.79251000000000 4189.
9.79245000000000 4231.
9.79251000000000 4309.
9.79251000000000 4298.
9.79245000000000 4296.
9.79255000000000 4231.
9.79251000000000 4180.
9.79251000000000 4239.
9.79251000000000 4264.
9.79251000000000 4176.
9.79255000000000 4188.
9.79251000000000 4205.
9.79251000000000 4337.
9.79254000000000 4217.
9.79251000000000 4196.
9.79251000000000 4235.
9.79245000000000 4148.
9.79251000000000 4249.
9.79251000000000 4171.
9.79251000000000 4152.
9.79254000000000 4138.
9.79251000000000 4086.
9.79251000000000 4127.
9.79255000000000 4193.
9.79255000000000 4179.
9.79251000000000 4093.
9.79251000000000 4269.
9.79251000000000 4298.
9.79251000000000 4314.
9.79245000000000 4203.
9.79255000000000 4172.
9.79251000000000 4217.
9.79251000000000 4228.
9.79251000000000 4262.
9.79245000000000 4153.
9.79255000000000 4188.
9.79251000000000 4209.
9.79251000000000 4340.
9.79251000000000 4284.
9.79251000000000 4333.
9.79245000000000 4244.
9.79251000000000 4223.
9.79251000000000 4322.
9.79251000000000 4211.
9.79254000000000 4285.
9.79251000000000 4215.
9.79261000000000 4218.
9.79251000000000 4318.
9.79251000000000 4064.
9.79251000000000 4207.
9.79251000000000 4153.
9.79251000000000 4238.
9.79251000000000 4190.
9.79255000000000 4187.
9.79254000000000 4232.
9.79251000000000 4287.
9.79254000000000 4209.
9.79251000000000 4186.
9.79251000000000 4206.
9.79251000000000 4279.
9.79251000000000 4148.
9.79251000000000 4272.
9.79255000000000 4277.
9.79251000000000 4176.
9.79251000000000 4354.
9.79255000000000 4222.
9.79251000000000 4251.
9.79251000000000 4102.
9.79251000000000 4346.
9.79251000000000 4189.
9.79251000000000 4249.
9.79251000000000 4386.
9.79251000000000 4204.
9.79251000000000 4216.
9.79251000000000 4227.
9.79245000000000 4238.
9.79251000000000 4203.
9.79255000000000 4330.
9.79251000000000 4234.
9.79251000000000 4177.
9.79251000000000 4230.
9.79255000000000 4370.
9.79251000000000 4107.
9.79251000000000 4291.
9.79245000000000 4371.
9.79251000000000 4231.
9.79251000000000 4126.
9.79251000000000 4258.
9.79251000000000 4237.
9.79254000000000 4265.
9.79251000000000 4205.
9.79255000000000 4223.
9.79245000000000 4342.
9.79251000000000 4172.
9.79251000000000 4240.
9.79255000000000 4342.
9.79245000000000 4317.
9.79251000000000 4337.
9.79254000000000 4211.
9.79251000000000 4247.
9.79255000000000 4115.
9.79251000000000 4087.
9.79251000000000 4227.
9.79251000000000 4139.
9.79254000000000 4259.
9.79254000000000 4273.
9.79251000000000 4165.
9.79251000000000 4273.
9.79251000000000 4146.
9.79255000000000 4167.
9.79251000000000 4275.
9.79251000000000 4189.
9.79251000000000 4178.
9.79251000000000 4320.
9.79251000000000 4185.
9.79255000000000 4188.
9.79251000000000 4166.
9.79251000000000 4188.
9.79261000000000 4190.
9.79245000000000 4214.
9.79251000000000 4206.
9.79251000000000 4267.
9.79255000000000 4204.
9.79251000000000 4280.
9.79251000000000 4305.
9.79251000000000 4276.
9.79251000000000 4052.
9.79251000000000 4306.
9.79251000000000 4363.
9.79251000000000 4320.
9.79255000000000 4241.
9.79251000000000 4326.
9.79251000000000 4276.
9.79251000000000 4226.
9.79251000000000 4174.
9.79251000000000 4215.
9.79251000000000 4349.
9.79251000000000 4259.
9.79251000000000 4247.
9.79245000000000 4246.
9.79251000000000 4248.
9.79255000000000 4151.
9.79251000000000 4104.
9.79255000000000 4175.
9.79251000000000 4163.
9.79251000000000 4247.
9.79251000000000 4210.
9.79251000000000 4189.
9.79251000000000 4372.
9.79251000000000 4133.
9.79251000000000 4287.
9.79251000000000 4212.
9.79251000000000 4176.
9.79251000000000 4162.
9.79251000000000 4245.
9.79251000000000 4221.
9.79251000000000 4338.
9.79251000000000 4278.
9.79251000000000 4203.
9.79251000000000 4175.
9.79251000000000 4207.
9.79251000000000 4239.
9.79255000000000 4093.
9.79260000000000 4239.
9.79251000000000 4225.
9.79251000000000 4329.
9.79251000000000 4158.
9.79251000000000 4188.
9.79245000000000 4095.
9.79251000000000 4104.
9.79251000000000 4243.
9.79245000000000 4296.
9.79251000000000 4246.
9.79251000000000 4404.
9.79251000000000 4154.
9.79254000000000 4280.
9.79251000000000 4160.
9.79251000000000 4225.
9.79251000000000 4059.
9.79251000000000 4251.
9.79255000000000 4314.
9.79251000000000 4294.
9.79255000000000 4144.
9.79255000000000 4258.
9.79251000000000 4289.
9.79251000000000 4199.
9.79261000000000 4185.
9.79251000000000 4217.
9.79251000000000 4228.
9.79251000000000 4090.
9.79251000000000 4192.
9.79251000000000 4183.
9.79251000000000 4200.
9.79251000000000 4249.
9.79251000000000 4233.
9.79251000000000 4266.
9.79251000000000 4315.
9.79255000000000 4231.
9.79251000000000 4310.
9.79261000000000 4123.
9.79254000000000 4156.
9.79254000000000 4233.
9.79251000000000 4157.
9.79251000000000 4231.
9.79251000000000 4299.
9.79251000000000 4356.
9.79251000000000 4336.
9.79251000000000 4267.
9.79251000000000 4287.
9.79254000000000 4258.
9.79251000000000 4252.
9.79251000000000 4182.
9.79255000000000 4254.
9.79247000000000 4200.
9.79251000000000 4222.
9.79251000000000 4229.
9.79251000000000 4198.
9.79251000000000 4222.
9.79245000000000 4078.
9.79251000000000 4203.
9.79245000000000 4295.
9.79254000000000 4255.
9.79251000000000 4122.
9.79255000000000 4359.
9.79255000000000 4286.
9.79251000000000 4242.
9.79251000000000 4169.
9.79251000000000 4312.
9.79251000000000 4207.
9.79254000000000 4181.
9.79251000000000 4228.
9.79251000000000 4130.
9.79251000000000 4281.
9.79251000000000 4249.
9.79251000000000 4303.
9.79245000000000 4109.
9.79251000000000 4217.
9.79251000000000 4296.
9.79251000000000 4216.
9.79251000000000 4350.
9.79254000000000 4158.
9.79251000000000 4188.
9.79251000000000 4188.
9.79251000000000 4400.
9.79245000000000 4302.
9.79251000000000 4275.
9.79251000000000 4282.
9.79251000000000 4352.
9.79251000000000 4235.
9.79254000000000 4082.
9.79251000000000 4181.
9.79255000000000 4202.
9.79254000000000 4201.
9.79251000000000 4316.
9.79251000000000 4307.
9.79255000000000 4252.
9.79251000000000 4157.
9.79251000000000 4279.
9.79251000000000 4178.
9.79251000000000 4238.
9.79251000000000 4367.
9.79251000000000 4315.
9.79245000000000 4192.
9.79245000000000 4297.
9.79251000000000 4228.
9.79251000000000 4205.
9.79251000000000 4133.
9.79251000000000 4246.
9.79245000000000 4089.
9.79251000000000 4276.
9.79251000000000 4205.
9.79248000000000 4260.
9.79251000000000 4074.
9.79251000000000 4245.
9.79251000000000 4268.
9.79245000000000 4254.
9.79251000000000 4148.
9.79251000000000 4196.
9.79251000000000 4255.
9.79251000000000 4292.
9.79251000000000 4200.
9.79254000000000 4254.
9.79251000000000 4268.
9.79251000000000 4198.
9.79255000000000 4199.
9.79251000000000 4170.
9.79245000000000 4274.
9.79251000000000 4246.
9.79251000000000 4198.
9.79251000000000 4303.
9.79251000000000 4218.
9.79255000000000 4212.
9.79257000000000 4367.
9.79255000000000 4251.
9.79251000000000 4320.
9.79251000000000 4287.
9.79254000000000 4219.
9.79251000000000 4231.
9.79251000000000 4176.
9.79251000000000 4236.
9.79255000000000 4263.
9.79251000000000 4312.
9.79251000000000 4409.
9.79255000000000 4132.
9.79251000000000 4261.
9.79251000000000 4206.
9.79255000000000 4246.
9.79251000000000 4175.
9.79251000000000 4061.
9.79245000000000 4202.
9.79258000000000 4117.
9.79251000000000 4263.
9.79254000000000 4341.
9.79251000000000 4286.
9.79255000000000 4208.
9.79251000000000 4296.
9.79251000000000 4243.
9.79255000000000 4229.
9.79245000000000 4236.
9.79251000000000 4252.
9.79245000000000 4141.
9.79251000000000 4217.
