9.79246000000000 5183.
9.79245000000000 5199.
9.79246000000000 5152.
9.79246000000000 5032.
9.79245000000000 5161.
9.79248000000000 5082.
9.79247000000000 5353.
9.79253000000000 5282.
9.79249000000000 5146.
9.79247000000000 5129.
9.79253000000000 5141.
9.79247000000000 5335.
9.79248000000000 5124.
9.79247000000000 5168.
9.79248000000000 5183.
9.79253000000000 5067.
9.79245000000000 5222.
9.79248000000000 5095.
9.79241000000000 5124.
9.79246000000000 5256.
9.79248000000000 5276.
9.79246000000000 5134.
9.79247000000000 5255.
9.79246000000000 5307.
9.79247000000000 5080.
9.79247000000000 5124.
9.79253000000000 5354.
9.79253000000000 5142.
9.79247000000000 5088.
9.79246000000000 5198.
9.79248000000000 5098.
9.79248000000000 5151.
9.79247000000000 5110.
9.79238000000000 5264.
9.79246000000000 5130.
9.79247000000000 5271.
9.79247000000000 5084.
9.79254000000000 5232.
9.79248000000000 5124.
9.79247000000000 5292.
9.79246000000000 5151.
9.79247000000000 5144.
9.79241000000000 5187.
9.79247000000000 5205.
9.79253000000000 5158.
9.79246000000000 5170.
9.79253000000000 5061.
9.79246000000000 5245.
9.79248000000000 5157.
9.79245000000000 5225.
9.79247000000000 5218.
9.79246000000000 5166.
9.79246000000000 5025.
9.79247000000000 5076.
9.79238000000000 5108.
9.79246000000000 5060.
9.79246000000000 5160.
9.79247000000000 5325.
9.79253000000000 5211.
9.79247000000000 5203.
9.79248000000000 5103.
9.79253000000000 5268.
9.79247000000000 5312.
9.79246000000000 5066.
9.79246000000000 5293.
9.79247000000000 5054.
9.79254000000000 5146.
9.79253000000000 5213.
9.79253000000000 5190.
9.79253000000000 5088.
9.79241000000000 5211.
9.79246000000000 5086.
9.79246000000000 5203.
9.79246000000000 5154.
9.79246000000000 5305.
9.79247000000000 5235.
9.79248000000000 5089.
9.79248000000000 5074.
9.79245000000000 5169.
9.79249000000000 5212.
9.79246000000000 5064.
9.79246000000000 5311.
9.79253000000000 5233.
9.79245000000000 5379.
9.79244000000000 5249.
9.79248000000000 5103.
9.79249000000000 5347.
9.79247000000000 5263.
9.79260000000000 5184.
9.79247000000000 5176.
9.79253000000000 5092.
9.79247000000000 5219.
9.79253000000000 5152.
9.79248000000000 5141.
9.79247000000000 5079.
9.79247000000000 5076.
9.79246000000000 5159.
9.79238000000000 5283.
9.79248000000000 5218.
9.79245000000000 5184.
9.79246000000000 5273.
9.79248000000000 5329.
9.79246000000000 5107.
9.79246000000000 5175.
9.79248000000000 5211.
9.79246000000000 5272.
9.79245000000000 5246.
9.79247000000000 5263.
9.79247000000000 5094.
9.79245000000000 5163.
9.79245000000000 5183.
9.79246000000000 5136.
9.79248000000000 5242.
9.79247000000000 5263.
9.79249000000000 5068.
9.79240000000000 5126.
9.79247000000000 5192.
9.79248000000000 5260.
9.79247000000000 5155.
9.79246000000000 5126.
9.79247000000000 5276.
9.79247000000000 5259.
9.79253000000000 5197.
9.79247000000000 5149.
9.79246000000000 5174.
9.79240000000000 5081.
9.79253000000000 5073.
9.79247000000000 5156.
9.79246000000000 5194.
9.79241000000000 5180.
9.79245000000000 5083.
9.79253000000000 5325.
9.79245000000000 5217.
9.79246000000000 5125.
9.79245000000000 5137.
9.79246000000000 5135.
9.79246000000000 5146.
9.79247000000000 5295.
9.79247000000000 5194.
9.79248000000000 5212.
9.79253000000000 5310.
9.79253000000000 5257.
9.79241000000000 5116.
9.79246000000000 5113.
9.79245000000000 5126.
9.79245000000000 5239.
9.79246000000000 4969.
9.79246000000000 5047.
9.79245000000000 5320.
9.79253000000000 5222.
9.79248000000000 5184.
9.79245000000000 5321.
9.79238000000000 5139.
9.79248000000000 5102.
9.79247000000000 5035.
9.79246000000000 5147.
9.79247000000000 5115.
9.79246000000000 4956.
9.79246000000000 5150.
9.79246000000000 5151.
9.79247000000000 5344.
9.79247000000000 5105.
9.79247000000000 5145.
9.79246000000000 5189.
9.79253000000000 5199.
9.79246000000000 5164.
9.79247000000000 5218.
9.79246000000000 5243.
9.79247000000000 5087.
9.79253000000000 5291.
9.79247000000000 5244.
9.79253000000000 5222.
9.79241000000000 5187.
9.79247000000000 5134.
9.79245000000000 5159.
9.79247000000000 5004.
9.79245000000000 5226.
9.79247000000000 5227.
9.79247000000000 5146.
9.79246000000000 5207.
9.79240000000000 5241.
9.79247000000000 5118.
9.79247000000000 5204.
9.79247000000000 5173.
9.79245000000000 5145.
9.79253000000000 5158.
9.79253000000000 5217.
9.79248000000000 5143.
9.79246000000000 5202.
9.79247000000000 5258.
9.79248000000000 5068.
9.79246000000000 5116.
9.79246000000000 5057.
9.79253000000000 5307.
9.79247000000000 5217.
9.79247000000000 5091.
9.79238000000000 5259.
9.79247000000000 5131.
9.79238000000000 5105.
9.79241000000000 5101.
9.79247000000000 5154.
9.79247000000000 5215.
9.79247000000000 5301.
9.79253000000000 5061.
9.79248000000000 5236.
9.79245000000000 5185.
9.79246000000000 5284.
9.79245000000000 5207.
9.79247000000000 5383.
9.79248000000000 5203.
9.79245000000000 5113.
9.79253000000000 5138.
9.79248000000000 5183.
9.79245000000000 5101.
9.79241000000000 5220.
9.79246000000000 5143.
9.79246000000000 5204.
9.79246000000000 5102.
9.79247000000000 5033.
9.79247000000000 5201.
9.79247000000000 4950.
9.79245000000000 5099.
9.79245000000000 5111.
9.79247000000000 5087.
9.79240000000000 5313.
9.79246000000000 5249.
9.79247000000000 5276.
9.79247000000000 5288.
9.79247000000000 5232.
9.79247000000000 5234.
9.79245000000000 5228.
9.79246000000000 5111.
9.79238000000000 5226.
9.79246000000000 4977.
9.79248000000000 5184.
9.79246000000000 5108.
9.79246000000000 5104.
9.79246000000000 5188.
9.79245000000000 5111.
9.79246000000000 5260.
9.79247000000000 5135.
9.79247000000000 5162.
9.79246000000000 5075.
9.79248000000000 5264.
9.79247000000000 5203.
9.79245000000000 5240.
9.79252000000000 5267.
9.79245000000000 5195.
9.79253000000000 5174.
9.79247000000000 5149.
9.79247000000000 5168.
9.79248000000000 5271.
9.79249000000000 5190.
9.79254000000000 5078.
9.79244000000000 5156.
9.79248000000000 5272.
9.79246000000000 5317.
9.79245000000000 5248.
9.79246000000000 5213.
9.79247000000000 5127.
9.79247000000000 5196.
9.79247000000000 5219.
9.79247000000000 5138.
9.79255000000000 5021.
9.79246000000000 5229.
9.79241000000000 5220.
9.79247000000000 5103.
9.79246000000000 5173.
9.79247000000000 5142.
9.79246000000000 5171.
9.79254000000000 5129.
9.79240000000000 5101.
9.79246000000000 5188.
9.79240000000000 5211.
9.79246000000000 5181.
9.79248000000000 5154.
9.79246000000000 5178.
9.79246000000000 5216.
9.79248000000000 5167.
9.79247000000000 5105.
9.79253000000000 5112.
9.79246000000000 5251.
9.79253000000000 5082.
9.79245000000000 5106.
9.79248000000000 5390.
9.79247000000000 5154.
9.79246000000000 5305.
9.79246000000000 5234.
9.79234000000000 5094.
9.79253000000000 5317.
9.79246000000000 5216.
9.79245000000000 5132.
9.79240000000000 5227.
9.79253000000000 5330.
9.79247000000000 5213.
9.79246000000000 5178.
9.79246000000000 5097.
9.79238000000000 5109.
9.79253000000000 5050.
9.79240000000000 5104.
9.79253000000000 5174.
9.79248000000000 5027.
9.79246000000000 5128.
9.79249000000000 5163.
9.79246000000000 5194.
9.79247000000000 5335.
9.79246000000000 5202.
9.79248000000000 5172.
9.79253000000000 5049.
9.79246000000000 5125.
9.79248000000000 5240.
9.79248000000000 5108.
9.79246000000000 5204.
9.79248000000000 5086.
9.79245000000000 5040.
9.79245000000000 5184.
9.79253000000000 5153.
9.79247000000000 5130.
9.79253000000000 5076.
9.79246000000000 5321.
9.79241000000000 5165.
9.79248000000000 5247.
9.79240000000000 5119.
9.79246000000000 5210.
9.79246000000000 5185.
9.79247000000000 5166.
9.79245000000000 5105.
9.79246000000000 5076.
9.79245000000000 5189.
9.79245000000000 5259.
9.79248000000000 5240.
9.79247000000000 5185.
9.79247000000000 5063.
9.79247000000000 5188.
9.79245000000000 5154.
9.79241000000000 5180.
9.79245000000000 4997.
9.79246000000000 5187.
9.79247000000000 5161.
9.79240000000000 5137.
9.79245000000000 5328.
9.79246000000000 5282.
9.79247000000000 5075.
9.79248000000000 5263.
9.79246000000000 5163.
9.79246000000000 5212.
9.79246000000000 5203.
9.79241000000000 5121.
9.79247000000000 5249.
9.79247000000000 5285.
9.79245000000000 5256.
9.79247000000000 5281.
9.79247000000000 5192.
9.79247000000000 5086.
9.79240000000000 5065.
9.79248000000000 5100.
9.79247000000000 5190.
9.79253000000000 5256.
9.79245000000000 5273.
9.79244000000000 5268.
9.79248000000000 5142.
9.79248000000000 5350.
9.79245000000000 5058.
9.79238000000000 5156.
9.79246000000000 5040.
9.79241000000000 5185.
9.79253000000000 5115.
9.79247000000000 5216.
9.79245000000000 5082.
9.79253000000000 5202.
9.79246000000000 5186.
9.79247000000000 5232.
9.79245000000000 5275.
9.79246000000000 5251.
9.79248000000000 5329.
9.79253000000000 5205.
9.79248000000000 5061.
9.79248000000000 5161.
9.79247000000000 5140.
9.79247000000000 4973.
9.79247000000000 5155.
9.79247000000000 5111.
9.79246000000000 5155.
9.79253000000000 5292.
9.79245000000000 5095.
9.79245000000000 5335.
9.79240000000000 5305.
9.79245000000000 5216.
9.79245000000000 5261.
9.79245000000000 5074.
9.79253000000000 5201.
9.79245000000000 5136.
9.79247000000000 5244.
9.79245000000000 5088.
9.79245000000000 5257.
9.79253000000000 5262.
9.79247000000000 5205.
9.79246000000000 5267.
9.79248000000000 5199.
9.79253000000000 5107.
9.79234000000000 5161.
9.79253000000000 5143.
9.79246000000000 5168.
9.79247000000000 5167.
9.79254000000000 5205.
9.79246000000000 5173.
9.79246000000000 5348.
9.79245000000000 5246.
9.79247000000000 5090.
9.79246000000000 5080.
9.79248000000000 5212.
9.79240000000000 5230.
9.79246000000000 5244.
9.79247000000000 5185.
9.79248000000000 5063.
9.79248000000000 5131.
9.79245000000000 5137.
9.79246000000000 5055.
9.79248000000000 5136.
9.79247000000000 5084.
9.79240000000000 5124.
9.79247000000000 5114.
9.79246000000000 4966.
9.79246000000000 5124.
9.79247000000000 5251.
9.79246000000000 5209.
9.79247000000000 5287.
9.79241000000000 5065.
9.79247000000000 5100.
9.79246000000000 5152.
9.79247000000000 5206.
9.79253000000000 5233.
9.79240000000000 5258.
9.79247000000000 5063.
9.79246000000000 5171.
9.79246000000000 5076.
9.79246000000000 5225.
9.79247000000000 5408.
9.79246000000000 5147.
9.79247000000000 5179.
9.79247000000000 5257.
9.79247000000000 5223.
9.79246000000000 5294.
9.79245000000000 5279.
9.79238000000000 5256.
9.79246000000000 5129.
9.79253000000000 5172.
9.79249000000000 5229.
9.79246000000000 5125.
9.79245000000000 5179.
9.79246000000000 5251.
9.79248000000000 5214.
9.79247000000000 5262.
9.79248000000000 5177.
9.79249000000000 5195.
9.79246000000000 5155.
9.79245000000000 5110.
9.79248000000000 5156.
9.79247000000000 5144.
9.79253000000000 5137.
9.79246000000000 5251.
9.79248000000000 5270.
9.79246000000000 5029.
9.79245000000000 5190.
9.79247000000000 5087.
9.79247000000000 5215.
9.79247000000000 5207.
9.79247000000000 5303.
9.79246000000000 5133.
9.79238000000000 5180.
9.79246000000000 5250.
9.79253000000000 5289.
9.79247000000000 5234.
9.79238000000000 5099.
9.79238000000000 5307.
9.79246000000000 5204.
9.79240000000000 5219.
9.79247000000000 5193.
9.79241000000000 5172.
9.79245000000000 5054.
9.79246000000000 5239.
9.79249000000000 5186.
9.79247000000000 5230.
9.79247000000000 5105.
9.79240000000000 5105.
9.79246000000000 5171.
9.79245000000000 5324.
9.79241000000000 5304.
9.79261000000000 5232.
9.79246000000000 5258.
9.79241000000000 5021.
9.79249000000000 5093.
9.79245000000000 5013.
9.79246000000000 5216.
9.79245000000000 5167.
9.79247000000000 5086.
9.79246000000000 5323.
9.79248000000000 5231.
9.79246000000000 5188.
9.79247000000000 5266.
