9.79260000000000 2823.
9.79266000000000 2609.
9.79260000000000 2875.
9.79260000000000 2700.
9.79266000000000 2725.
9.79252000000000 2673.
9.79270000000000 2839.
9.79260000000000 2838.
9.79260000000000 2807.
9.79261000000000 2751.
9.79264000000000 2790.
9.79260000000000 2740.
9.79260000000000 2855.
9.79261000000000 2728.
9.79264000000000 2700.
9.79266000000000 2841.
9.79252000000000 2669.
9.79266000000000 2687.
9.79261000000000 2838.
9.79260000000000 2616.
9.79250000000000 2740.
9.79261000000000 2913.
9.79264000000000 2809.
9.79260000000000 2668.
9.79260000000000 2731.
9.79261000000000 2797.
9.79260000000000 2804.
9.79260000000000 2796.
9.79260000000000 2709.
9.79261000000000 2701.
9.79266000000000 2796.
9.79261000000000 2779.
9.79252000000000 2782.
9.79266000000000 2742.
9.79261000000000 2825.
9.79261000000000 2815.
9.79266000000000 2835.
9.79261000000000 2795.
9.79260000000000 2827.
9.79261000000000 2852.
9.79261000000000 2676.
9.79261000000000 2855.
9.79260000000000 2776.
9.79261000000000 2831.
9.79261000000000 2645.
9.79260000000000 2755.
9.79260000000000 2883.
9.79252000000000 2744.
9.79260000000000 2783.
9.79266000000000 2737.
9.79260000000000 2777.
9.79266000000000 2731.
9.79266000000000 2828.
9.79260000000000 2813.
9.79252000000000 2818.
9.79252000000000 2853.
9.79252000000000 2753.
9.79264000000000 2730.
9.79260000000000 2805.
9.79260000000000 2897.
9.79266000000000 2825.
9.79266000000000 2863.
9.79260000000000 2782.
9.79261000000000 2823.
9.79260000000000 2926.
9.79261000000000 2640.
9.79266000000000 2834.
9.79261000000000 2704.
9.79260000000000 2795.
9.79266000000000 2860.
9.79266000000000 2674.
9.79266000000000 2781.
9.79266000000000 2796.
9.79260000000000 2739.
9.79260000000000 2902.
9.79260000000000 2700.
9.79266000000000 2699.
9.79252000000000 2919.
9.79252000000000 2753.
9.79266000000000 2866.
9.79266000000000 2731.
9.79260000000000 2802.
9.79260000000000 2844.
9.79260000000000 2825.
9.79264000000000 2705.
9.79266000000000 2779.
9.79252000000000 2764.
9.79266000000000 2745.
9.79266000000000 2799.
9.79252000000000 2805.
9.79261000000000 2748.
9.79260000000000 2749.
9.79260000000000 2901.
9.79260000000000 2791.
9.79267000000000 2903.
9.79260000000000 2785.
9.79260000000000 2811.
9.79261000000000 2776.
9.79266000000000 2883.
9.79266000000000 2698.
9.79261000000000 2630.
9.79260000000000 2790.
9.79266000000000 2800.
9.79260000000000 2788.
9.79261000000000 2870.
9.79260000000000 2735.
9.79270000000000 2825.
9.79260000000000 2759.
9.79260000000000 2835.
9.79266000000000 2828.
9.79260000000000 2831.
9.79260000000000 2788.
9.79261000000000 2838.
9.79266000000000 2853.
9.79260000000000 2619.
9.79266000000000 2757.
9.79260000000000 2779.
9.79260000000000 2866.
9.79249000000000 2752.
9.79260000000000 2850.
9.79260000000000 2774.
9.79266000000000 2775.
9.79260000000000 2786.
9.79260000000000 2766.
9.79261000000000 2834.
9.79264000000000 2746.
9.79266000000000 2825.
9.79252000000000 2778.
9.79260000000000 2788.
9.79260000000000 2799.
9.79252000000000 2824.
9.79261000000000 2770.
9.79260000000000 2864.
9.79266000000000 2865.
9.79270000000000 2676.
9.79264000000000 2831.
9.79261000000000 2816.
9.79266000000000 2798.
9.79260000000000 2832.
9.79266000000000 2816.
9.79260000000000 2727.
9.79266000000000 2843.
9.79266000000000 2829.
9.79264000000000 2833.
9.79260000000000 2760.
9.79260000000000 2675.
9.79260000000000 2763.
9.79261000000000 2861.
9.79261000000000 2825.
9.79260000000000 2840.
9.79252000000000 2771.
9.79260000000000 2784.
9.79266000000000 2718.
9.79261000000000 2901.
9.79266000000000 2691.
9.79266000000000 2697.
9.79261000000000 2716.
9.79270000000000 2692.
9.79252000000000 2747.
9.79260000000000 2759.
9.79260000000000 2842.
9.79252000000000 2796.
9.79261000000000 2666.
9.79260000000000 2763.
9.79270000000000 2733.
9.79260000000000 2778.
9.79266000000000 2817.
9.79286000000000 2841.
9.79261000000000 2720.
9.79260000000000 2707.
9.79252000000000 2842.
9.79260000000000 2842.
9.79260000000000 2826.
9.79266000000000 2758.
9.79249000000000 2806.
9.79266000000000 2783.
9.79260000000000 2797.
9.79260000000000 2848.
9.79260000000000 2838.
9.79252000000000 2760.
9.79260000000000 2727.
9.79261000000000 2702.
9.79260000000000 2755.
9.79252000000000 2808.
9.79260000000000 2764.
9.79261000000000 2919.
9.79249000000000 2795.
9.79261000000000 2793.
9.79261000000000 2788.
9.79266000000000 2748.
9.79261000000000 2799.
9.79252000000000 2872.
9.79252000000000 2821.
9.79261000000000 2746.
9.79260000000000 2646.
9.79260000000000 2805.
9.79260000000000 2850.
9.79260000000000 2926.
9.79252000000000 2844.
9.79260000000000 2735.
9.79260000000000 2737.
9.79260000000000 2708.
9.79260000000000 2832.
9.79261000000000 2702.
9.79252000000000 2871.
9.79260000000000 2729.
9.79260000000000 2842.
9.79266000000000 2808.
9.79260000000000 2765.
9.79260000000000 2834.
9.79260000000000 2850.
9.79266000000000 2764.
9.79260000000000 2689.
9.79260000000000 2844.
9.79260000000000 2851.
9.79266000000000 2852.
9.79252000000000 2792.
9.79270000000000 2699.
9.79270000000000 2540.
9.79260000000000 2889.
9.79260000000000 2766.
9.79266000000000 2617.
9.79261000000000 2768.
9.79261000000000 2746.
9.79266000000000 2787.
9.79260000000000 2837.
9.79260000000000 2727.
9.79264000000000 2782.
9.79261000000000 2838.
9.79261000000000 2669.
9.79260000000000 2826.
9.79252000000000 2853.
9.79261000000000 2780.
9.79261000000000 2709.
9.79260000000000 2857.
9.79260000000000 2881.
9.79260000000000 2896.
9.79270000000000 2749.
9.79261000000000 2775.
9.79266000000000 2918.
9.79249000000000 2758.
9.79252000000000 2818.
9.79266000000000 2795.
9.79270000000000 2814.
9.79266000000000 2940.
9.79266000000000 2900.
9.79260000000000 2737.
9.79266000000000 2696.
9.79260000000000 2858.
9.79264000000000 2747.
9.79264000000000 2777.
9.79261000000000 2798.
9.79266000000000 2734.
9.79260000000000 2785.
9.79260000000000 2629.
9.79260000000000 2794.
9.79261000000000 2758.
9.79261000000000 2855.
9.79261000000000 2730.
9.79252000000000 2670.
9.79261000000000 2710.
9.79266000000000 2860.
9.79261000000000 2740.
9.79266000000000 2823.
9.79260000000000 2820.
9.79261000000000 2798.
9.79266000000000 2781.
9.79252000000000 2768.
9.79266000000000 2791.
9.79261000000000 2775.
9.79260000000000 2757.
9.79260000000000 2891.
9.79260000000000 2739.
9.79266000000000 2819.
9.79260000000000 2845.
9.79260000000000 2880.
9.79260000000000 2890.
9.79264000000000 2874.
9.79270000000000 2807.
9.79261000000000 2780.
9.79260000000000 2822.
9.79252000000000 2683.
9.79260000000000 2842.
9.79252000000000 2720.
9.79252000000000 2826.
9.79252000000000 2681.
9.79260000000000 2769.
9.79261000000000 2771.
9.79260000000000 2829.
9.79260000000000 2768.
9.79266000000000 2761.
9.79286000000000 2787.
9.79252000000000 2864.
9.79261000000000 2837.
9.79260000000000 2821.
9.79264000000000 2816.
9.79252000000000 2815.
9.79260000000000 2819.
9.79266000000000 2771.
9.79260000000000 2782.
9.79252000000000 2689.
9.79286000000000 2809.
9.79266000000000 2846.
9.79261000000000 2764.
9.79266000000000 2748.
9.79264000000000 2798.
9.79266000000000 2714.
9.79266000000000 2811.
9.79261000000000 2761.
9.79266000000000 2757.
9.79261000000000 2702.
9.79260000000000 2786.
9.79266000000000 2777.
9.79266000000000 2715.
9.79261000000000 2807.
9.79252000000000 2904.
9.79249000000000 2834.
9.79260000000000 2781.
9.79261000000000 2784.
9.79260000000000 2734.
9.79261000000000 2755.
9.79252000000000 2837.
9.79261000000000 2756.
9.79266000000000 2819.
9.79261000000000 2796.
9.79260000000000 2898.
9.79249000000000 2838.
9.79260000000000 2724.
9.79261000000000 2756.
9.79260000000000 2788.
9.79261000000000 2795.
9.79266000000000 2814.
9.79260000000000 2804.
9.79260000000000 2786.
9.79261000000000 2879.
9.79261000000000 2844.
9.79260000000000 2781.
9.79260000000000 2742.
9.79264000000000 2751.
9.79260000000000 2812.
9.79286000000000 2805.
9.79260000000000 2830.
9.79260000000000 2826.
9.79260000000000 2901.
9.79260000000000 2764.
9.79260000000000 2772.
9.79252000000000 2823.
9.79260000000000 2941.
9.79252000000000 2807.
9.79264000000000 2855.
9.79260000000000 2670.
9.79260000000000 2814.
9.79252000000000 2880.
9.79260000000000 2954.
9.79261000000000 2920.
9.79260000000000 2728.
9.79266000000000 2823.
9.79266000000000 2820.
9.79266000000000 2859.
9.79260000000000 2764.
9.79261000000000 2737.
9.79260000000000 2902.
9.79260000000000 2902.
9.79252000000000 2619.
9.79252000000000 2734.
9.79261000000000 2725.
9.79261000000000 2815.
9.79260000000000 2750.
9.79252000000000 2731.
9.79270000000000 2740.
9.79260000000000 2831.
9.79261000000000 2763.
9.79260000000000 2756.
9.79260000000000 2783.
9.79266000000000 2758.
9.79261000000000 2862.
9.79260000000000 2705.
9.79270000000000 2770.
9.79266000000000 2788.
9.79266000000000 2751.
9.79261000000000 2767.
9.79260000000000 2730.
9.79252000000000 2852.
9.79261000000000 2811.
9.79260000000000 2810.
9.79260000000000 2707.
9.79261000000000 2695.
9.79260000000000 2770.
9.79261000000000 2762.
9.79266000000000 2773.
9.79266000000000 2754.
9.79266000000000 2776.
9.79252000000000 2789.
9.79260000000000 2758.
9.79266000000000 2738.
9.79270000000000 2765.
9.79252000000000 2782.
9.79252000000000 2789.
9.79260000000000 2711.
9.79261000000000 2822.
9.79260000000000 2751.
9.79266000000000 2792.
9.79261000000000 2776.
9.79260000000000 2804.
9.79266000000000 2809.
9.79260000000000 2750.
9.79266000000000 2723.
9.79270000000000 2850.
9.79260000000000 2901.
9.79252000000000 2717.
9.79260000000000 2847.
9.79266000000000 2753.
9.79260000000000 2846.
9.79266000000000 2784.
9.79261000000000 2757.
9.79252000000000 2842.
9.79270000000000 2768.
9.79261000000000 2832.
9.79260000000000 2704.
9.79260000000000 2768.
9.79260000000000 2829.
9.79266000000000 2718.
9.79261000000000 2808.
9.79252000000000 2807.
9.79252000000000 2906.
9.79261000000000 2819.
9.79266000000000 2732.
9.79252000000000 2850.
9.79260000000000 2658.
9.79266000000000 2809.
9.79261000000000 2836.
9.79252000000000 2861.
9.79266000000000 2766.
9.79260000000000 2802.
9.79266000000000 2850.
9.79252000000000 2746.
9.79260000000000 2734.
9.79266000000000 2819.
9.79252000000000 2748.
9.79266000000000 2738.
9.79261000000000 2831.
9.79252000000000 2752.
9.79260000000000 2822.
9.79266000000000 2759.
9.79252000000000 2767.
9.79260000000000 2759.
9.79260000000000 2895.
9.79260000000000 2894.
9.79260000000000 2810.
9.79252000000000 2796.
9.79264000000000 2863.
9.79252000000000 2861.
9.79249000000000 2833.
9.79260000000000 2784.
9.79266000000000 2689.
9.79260000000000 2857.
9.79260000000000 2897.
9.79252000000000 2764.
9.79261000000000 2735.
9.79260000000000 2720.
9.79261000000000 2857.
9.79270000000000 2760.
9.79260000000000 2797.
9.79261000000000 2805.
9.79252000000000 2877.
9.79261000000000 2763.
9.79260000000000 2752.
9.79252000000000 2648.
9.79252000000000 2790.
9.79260000000000 2826.
9.79260000000000 2756.
9.79260000000000 2830.
9.79260000000000 2727.
9.79261000000000 2803.
9.79261000000000 2796.
9.79260000000000 2851.
9.79261000000000 2811.
9.79260000000000 2881.
9.79260000000000 2773.
9.79261000000000 2767.
9.79266000000000 2700.
9.79260000000000 2705.
9.79261000000000 2752.
9.79260000000000 2659.
9.79249000000000 2732.
9.79260000000000 2766.
9.79261000000000 2798.
9.79261000000000 2686.
9.79261000000000 2784.
9.79260000000000 2785.
9.79266000000000 2757.
9.79260000000000 2867.
9.79260000000000 2858.
9.79260000000000 2679.
9.79266000000000 2834.
9.79260000000000 2812.
9.79260000000000 2792.
9.79260000000000 2705.
9.79260000000000 2674.
9.79266000000000 2739.
