9.79267000000000 3483.
9.79267000000000 3377.
9.79267000000000 3414.
9.79267000000000 3389.
9.79267000000000 3444.
9.79267000000000 3383.
9.79266000000000 3421.
9.79267000000000 3361.
9.79267000000000 3447.
9.79267000000000 3446.
9.79267000000000 3511.
9.79265000000000 3423.
9.79267000000000 3206.
9.79267000000000 3326.
9.79266000000000 3310.
9.79267000000000 3379.
9.79267000000000 3418.
9.79267000000000 3332.
9.79267000000000 3396.
9.79267000000000 3379.
9.79259000000000 3470.
9.79267000000000 3356.
9.79267000000000 3423.
9.79267000000000 3453.
9.79266000000000 3424.
9.79267000000000 3278.
9.79267000000000 3307.
9.79266000000000 3344.
9.79267000000000 3339.
9.79259000000000 3374.
9.79259000000000 3308.
9.79267000000000 3472.
9.79259000000000 3514.
9.79270000000000 3313.
9.79259000000000 3262.
9.79267000000000 3409.
9.79266000000000 3545.
9.79267000000000 3362.
9.79266000000000 3369.
9.79267000000000 3421.
9.79266000000000 3353.
9.79266000000000 3408.
9.79267000000000 3499.
9.79267000000000 3449.
9.79266000000000 3374.
9.79267000000000 3450.
9.79272000000000 3407.
9.79266000000000 3296.
9.79267000000000 3498.
9.79267000000000 3326.
9.79267000000000 3333.
9.79266000000000 3430.
9.79259000000000 3265.
9.79267000000000 3342.
9.79267000000000 3295.
9.79259000000000 3297.
9.79267000000000 3349.
9.79267000000000 3419.
9.79267000000000 3323.
9.79267000000000 3463.
9.79266000000000 3374.
9.79267000000000 3396.
9.79267000000000 3346.
9.79267000000000 3395.
9.79267000000000 3352.
9.79267000000000 3409.
9.79259000000000 3419.
9.79268000000000 3448.
9.79267000000000 3366.
9.79267000000000 3326.
9.79266000000000 3323.
9.79267000000000 3567.
9.79267000000000 3325.
9.79266000000000 3381.
9.79267000000000 3489.
9.79270000000000 3261.
9.79267000000000 3453.
9.79268000000000 3369.
9.79259000000000 3372.
9.79267000000000 3430.
9.79267000000000 3293.
9.79267000000000 3397.
9.79259000000000 3279.
9.79267000000000 3364.
9.79267000000000 3392.
9.79267000000000 3491.
9.79259000000000 3353.
9.79266000000000 3367.
9.79267000000000 3328.
9.79267000000000 3410.
9.79267000000000 3356.
9.79270000000000 3414.
9.79259000000000 3358.
9.79267000000000 3267.
9.79267000000000 3269.
9.79267000000000 3445.
9.79267000000000 3470.
9.79267000000000 3377.
9.79270000000000 3270.
9.79272000000000 3466.
9.79267000000000 3293.
9.79267000000000 3268.
9.79259000000000 3342.
9.79259000000000 3463.
9.79267000000000 3340.
9.79267000000000 3261.
9.79266000000000 3468.
9.79267000000000 3276.
9.79267000000000 3477.
9.79267000000000 3377.
9.79267000000000 3283.
9.79267000000000 3372.
9.79267000000000 3292.
9.79267000000000 3481.
9.79267000000000 3325.
9.79259000000000 3355.
9.79267000000000 3184.
9.79259000000000 3463.
9.79267000000000 3373.
9.79267000000000 3442.
9.79267000000000 3494.
9.79267000000000 3411.
9.79267000000000 3426.
9.79267000000000 3345.
9.79266000000000 3375.
9.79267000000000 3415.
9.79267000000000 3434.
9.79267000000000 3277.
9.79267000000000 3259.
9.79267000000000 3368.
9.79267000000000 3385.
9.79266000000000 3542.
9.79267000000000 3418.
9.79266000000000 3406.
9.79267000000000 3438.
9.79267000000000 3325.
9.79266000000000 3305.
9.79270000000000 3376.
9.79267000000000 3379.
9.79266000000000 3251.
9.79267000000000 3381.
9.79259000000000 3312.
9.79267000000000 3356.
9.79267000000000 3478.
9.79267000000000 3381.
9.79267000000000 3315.
9.79259000000000 3367.
9.79267000000000 3397.
9.79259000000000 3273.
9.79267000000000 3263.
9.79267000000000 3406.
9.79267000000000 3434.
9.79267000000000 3383.
9.79267000000000 3441.
9.79267000000000 3406.
9.79259000000000 3373.
9.79267000000000 3349.
9.79267000000000 3292.
9.79270000000000 3424.
9.79267000000000 3393.
9.79267000000000 3332.
9.79267000000000 3279.
9.79267000000000 3392.
9.79259000000000 3377.
9.79267000000000 3440.
9.79266000000000 3354.
9.79267000000000 3378.
9.79266000000000 3303.
9.79267000000000 3416.
9.79266000000000 3370.
9.79267000000000 3373.
9.79267000000000 3289.
9.79267000000000 3373.
9.79267000000000 3307.
9.79266000000000 3333.
9.79267000000000 3459.
9.79274000000000 3304.
9.79267000000000 3497.
9.79267000000000 3461.
9.79266000000000 3325.
9.79270000000000 3414.
9.79259000000000 3248.
9.79267000000000 3402.
9.79272000000000 3298.
9.79278000000000 3380.
9.79267000000000 3297.
9.79266000000000 3378.
9.79267000000000 3318.
9.79270000000000 3383.
9.79269000000000 3427.
9.79259000000000 3347.
9.79266000000000 3382.
9.79259000000000 3478.
9.79266000000000 3286.
9.79267000000000 3291.
9.79267000000000 3400.
9.79267000000000 3346.
9.79267000000000 3326.
9.79259000000000 3397.
9.79267000000000 3436.
9.79267000000000 3410.
9.79267000000000 3311.
9.79267000000000 3354.
9.79267000000000 3430.
9.79267000000000 3319.
9.79266000000000 3335.
9.79267000000000 3319.
9.79267000000000 3365.
9.79267000000000 3355.
9.79266000000000 3328.
9.79267000000000 3331.
9.79267000000000 3446.
9.79267000000000 3363.
9.79267000000000 3423.
9.79267000000000 3408.
9.79267000000000 3448.
9.79267000000000 3282.
9.79267000000000 3328.
9.79267000000000 3322.
9.79267000000000 3347.
9.79267000000000 3200.
9.79267000000000 3430.
9.79266000000000 3390.
9.79267000000000 3386.
9.79267000000000 3482.
9.79270000000000 3408.
9.79270000000000 3361.
9.79267000000000 3400.
9.79267000000000 3303.
9.79267000000000 3308.
9.79270000000000 3483.
9.79267000000000 3454.
9.79267000000000 3440.
9.79266000000000 3343.
9.79259000000000 3517.
9.79267000000000 3376.
9.79267000000000 3406.
9.79259000000000 3385.
9.79267000000000 3368.
9.79267000000000 3316.
9.79267000000000 3355.
9.79267000000000 3304.
9.79267000000000 3507.
9.79267000000000 3390.
9.79267000000000 3444.
9.79259000000000 3259.
9.79267000000000 3303.
9.79267000000000 3242.
9.79267000000000 3428.
9.79267000000000 3391.
9.79267000000000 3406.
9.79267000000000 3339.
9.79266000000000 3365.
9.79267000000000 3335.
9.79267000000000 3378.
9.79267000000000 3424.
9.79267000000000 3398.
9.79259000000000 3380.
9.79259000000000 3391.
9.79267000000000 3398.
9.79267000000000 3461.
9.79266000000000 3368.
9.79259000000000 3294.
9.79259000000000 3486.
9.79266000000000 3286.
9.79267000000000 3404.
9.79267000000000 3382.
9.79259000000000 3402.
9.79267000000000 3260.
9.79266000000000 3432.
9.79267000000000 3372.
9.79267000000000 3404.
9.79273000000000 3260.
9.79266000000000 3436.
9.79272000000000 3573.
9.79267000000000 3303.
9.79267000000000 3442.
9.79267000000000 3292.
9.79267000000000 3334.
9.79267000000000 3447.
9.79267000000000 3366.
9.79259000000000 3392.
9.79267000000000 3527.
9.79267000000000 3392.
9.79267000000000 3389.
9.79267000000000 3300.
9.79267000000000 3443.
9.79267000000000 3347.
9.79267000000000 3421.
9.79267000000000 3293.
9.79267000000000 3458.
9.79266000000000 3333.
9.79267000000000 3291.
9.79267000000000 3371.
9.79259000000000 3462.
9.79267000000000 3288.
9.79267000000000 3555.
9.79272000000000 3395.
9.79267000000000 3274.
9.79259000000000 3297.
9.79267000000000 3369.
9.79267000000000 3369.
9.79267000000000 3416.
9.79267000000000 3302.
9.79267000000000 3275.
9.79267000000000 3324.
9.79267000000000 3381.
9.79266000000000 3413.
9.79259000000000 3473.
9.79267000000000 3378.
9.79267000000000 3509.
9.79267000000000 3310.
9.79267000000000 3411.
9.79267000000000 3366.
9.79267000000000 3321.
9.79267000000000 3488.
9.79267000000000 3386.
9.79267000000000 3364.
9.79267000000000 3295.
9.79267000000000 3364.
9.79259000000000 3355.
9.79267000000000 3311.
9.79267000000000 3248.
9.79267000000000 3346.
9.79266000000000 3361.
9.79266000000000 3311.
9.79259000000000 3388.
9.79267000000000 3507.
9.79259000000000 3345.
9.79272000000000 3372.
9.79267000000000 3359.
9.79259000000000 3484.
9.79267000000000 3312.
9.79267000000000 3412.
9.79267000000000 3397.
9.79266000000000 3417.
9.79267000000000 3400.
9.79267000000000 3503.
9.79267000000000 3401.
9.79266000000000 3505.
9.79269000000000 3397.
9.79267000000000 3469.
9.79266000000000 3366.
9.79267000000000 3387.
9.79259000000000 3543.
9.79267000000000 3437.
9.79267000000000 3467.
9.79267000000000 3375.
9.79267000000000 3554.
9.79267000000000 3409.
9.79267000000000 3268.
9.79267000000000 3406.
9.79270000000000 3312.
9.79267000000000 3402.
9.79267000000000 3498.
9.79267000000000 3355.
9.79267000000000 3321.
9.79267000000000 3427.
9.79267000000000 3347.
9.79267000000000 3356.
9.79266000000000 3364.
9.79266000000000 3337.
9.79267000000000 3430.
9.79267000000000 3482.
9.79267000000000 3324.
9.79259000000000 3283.
9.79267000000000 3287.
9.79267000000000 3418.
9.79270000000000 3339.
9.79266000000000 3286.
9.79266000000000 3330.
9.79267000000000 3365.
9.79267000000000 3303.
9.79259000000000 3321.
9.79267000000000 3305.
9.79270000000000 3352.
9.79267000000000 3311.
9.79266000000000 3325.
9.79267000000000 3355.
9.79267000000000 3371.
9.79266000000000 3428.
9.79272000000000 3420.
9.79259000000000 3311.
9.79259000000000 3416.
9.79267000000000 3381.
9.79267000000000 3364.
9.79267000000000 3381.
9.79267000000000 3321.
9.79267000000000 3275.
9.79267000000000 3302.
9.79267000000000 3405.
9.79259000000000 3338.
9.79267000000000 3302.
9.79259000000000 3421.
9.79268000000000 3383.
9.79267000000000 3361.
9.79267000000000 3351.
9.79267000000000 3390.
9.79268000000000 3347.
9.79259000000000 3430.
9.79267000000000 3459.
9.79267000000000 3288.
9.79266000000000 3502.
9.79267000000000 3471.
9.79267000000000 3398.
9.79259000000000 3500.
9.79259000000000 3390.
9.79267000000000 3363.
9.79267000000000 3392.
9.79267000000000 3507.
9.79267000000000 3311.
9.79267000000000 3348.
9.79267000000000 3372.
9.79267000000000 3438.
9.79267000000000 3341.
9.79267000000000 3330.
9.79266000000000 3362.
9.79272000000000 3342.
9.79266000000000 3338.
9.79266000000000 3532.
9.79267000000000 3409.
9.79266000000000 3250.
9.79267000000000 3425.
9.79267000000000 3388.
9.79266000000000 3304.
9.79267000000000 3512.
9.79267000000000 3437.
9.79267000000000 3320.
9.79267000000000 3539.
9.79267000000000 3226.
9.79267000000000 3255.
9.79266000000000 3368.
9.79267000000000 3320.
9.79267000000000 3428.
9.79267000000000 3342.
9.79267000000000 3468.
9.79272000000000 3259.
9.79267000000000 3280.
9.79267000000000 3515.
9.79259000000000 3404.
9.79267000000000 3383.
9.79266000000000 3333.
9.79267000000000 3493.
9.79266000000000 3333.
9.79267000000000 3278.
9.79267000000000 3295.
9.79267000000000 3390.
9.79267000000000 3379.
9.79267000000000 3291.
9.79266000000000 3323.
9.79267000000000 3279.
9.79267000000000 3500.
9.79271000000000 3356.
9.79267000000000 3428.
9.79259000000000 3464.
9.79265000000000 3391.
9.79267000000000 3426.
9.79267000000000 3499.
9.79267000000000 3397.
9.79266000000000 3358.
9.79267000000000 3283.
9.79270000000000 3320.
9.79270000000000 3386.
9.79267000000000 3522.
9.79266000000000 3436.
9.79267000000000 3404.
9.79267000000000 3235.
9.79267000000000 3281.
9.79267000000000 3424.
9.79266000000000 3362.
9.79259000000000 3485.
9.79267000000000 3274.
9.79267000000000 3332.
9.79267000000000 3419.
9.79259000000000 3287.
9.79267000000000 3399.
9.79259000000000 3394.
9.79267000000000 3352.
9.79270000000000 3413.
9.79267000000000 3359.
9.79266000000000 3390.
9.79267000000000 3377.
9.79267000000000 3340.
9.79259000000000 3295.
9.79267000000000 3380.
9.79267000000000 3343.
9.79267000000000 3457.
9.79267000000000 3228.
9.79259000000000 3406.
9.79267000000000 3429.
9.79267000000000 3276.
9.79267000000000 3271.
9.79259000000000 3371.
9.79259000000000 3254.
9.79267000000000 3331.
9.79267000000000 3316.
9.79267000000000 3365.
9.79270000000000 3342.
9.79267000000000 3412.
9.79267000000000 3299.
