9.79292000000000 2781.
9.79285000000000 2695.
9.79292000000000 2725.
9.79278000000000 2646.
9.79294000000000 2744.
9.79277000000000 2797.
9.79285000000000 2707.
9.79293000000000 2739.
9.79292000000000 2750.
9.79277000000000 2673.
9.79292000000000 2795.
9.79292000000000 2685.
9.79278000000000 2617.
9.79277000000000 2705.
9.79285000000000 2799.
9.79293000000000 2737.
9.79277000000000 2669.
9.79293000000000 2779.
9.79293000000000 2682.
9.79278000000000 2803.
9.79303000000000 2682.
9.79294000000000 2646.
9.79292000000000 2795.
9.79306000000000 2712.
9.79292000000000 2621.
9.79307000000000 2717.
9.79304000000000 2714.
9.79285000000000 2641.
9.79285000000000 2771.
9.79294000000000 2811.
9.79293000000000 2667.
9.79292000000000 2651.
9.79285000000000 2714.
9.79307000000000 2843.
9.79277000000000 2708.
9.79292000000000 2715.
9.79285000000000 2691.
9.79285000000000 2670.
9.79293000000000 2582.
9.79285000000000 2697.
9.79294000000000 2866.
9.79292000000000 2705.
9.79298000000000 2681.
9.79290000000000 2620.
9.79292000000000 2627.
9.79290000000000 2620.
9.79278000000000 2704.
9.79292000000000 2761.
9.79277000000000 2684.
9.79292000000000 2703.
9.79292000000000 2742.
9.79292000000000 2650.
9.79277000000000 2698.
9.79294000000000 2664.
9.79285000000000 2758.
9.79294000000000 2755.
9.79294000000000 2772.
9.79304000000000 2823.
9.79278000000000 2689.
9.79277000000000 2795.
9.79285000000000 2738.
9.79303000000000 2825.
9.79285000000000 2672.
9.79285000000000 2693.
9.79278000000000 2766.
9.79277000000000 2638.
9.79293000000000 2697.
9.79292000000000 2627.
9.79277000000000 2722.
9.79278000000000 2648.
9.79277000000000 2798.
9.79285000000000 2753.
9.79277000000000 2736.
9.79277000000000 2728.
9.79278000000000 2749.
9.79285000000000 2755.
9.79285000000000 2707.
9.79292000000000 2673.
9.79285000000000 2649.
9.79303000000000 2650.
9.79290000000000 2665.
9.79277000000000 2592.
9.79292000000000 2765.
9.79292000000000 2743.
9.79285000000000 2608.
9.79294000000000 2676.
9.79292000000000 2717.
9.79278000000000 2868.
9.79277000000000 2726.
9.79278000000000 2855.
9.79285000000000 2648.
9.79292000000000 2644.
9.79285000000000 2707.
9.79290000000000 2762.
9.79278000000000 2747.
9.79293000000000 2713.
9.79294000000000 2783.
9.79292000000000 2755.
9.79293000000000 2693.
9.79278000000000 2715.
9.79277000000000 2680.
9.79293000000000 2719.
9.79285000000000 2760.
9.79278000000000 2621.
9.79304000000000 2723.
9.79278000000000 2694.
9.79277000000000 2621.
9.79292000000000 2722.
9.79291000000000 2736.
9.79303000000000 2720.
9.79278000000000 2728.
9.79292000000000 2736.
9.79278000000000 2666.
9.79293000000000 2746.
9.79290000000000 2772.
9.79307000000000 2667.
9.79290000000000 2727.
9.79294000000000 2746.
9.79278000000000 2571.
9.79278000000000 2764.
9.79277000000000 2768.
9.79285000000000 2803.
9.79285000000000 2683.
9.79277000000000 2746.
9.79290000000000 2732.
9.79285000000000 2681.
9.79293000000000 2813.
9.79292000000000 2750.
9.79278000000000 2682.
9.79294000000000 2730.
9.79291000000000 2758.
9.79278000000000 2741.
9.79294000000000 2777.
9.79277000000000 2706.
9.79294000000000 2842.
9.79278000000000 2818.
9.79279000000000 2675.
9.79285000000000 2619.
9.79278000000000 2723.
9.79285000000000 2753.
9.79278000000000 2632.
9.79285000000000 2681.
9.79277000000000 2574.
9.79294000000000 2723.
9.79278000000000 2646.
9.79277000000000 2596.
9.79294000000000 2672.
9.79285000000000 2700.
9.79292000000000 2669.
9.79279000000000 2669.
9.79285000000000 2666.
9.79294000000000 2795.
9.79277000000000 2759.
9.79294000000000 2684.
9.79294000000000 2671.
9.79278000000000 2769.
9.79285000000000 2724.
9.79279000000000 2732.
9.79292000000000 2702.
9.79294000000000 2777.
9.79285000000000 2661.
9.79292000000000 2717.
9.79303000000000 2771.
9.79294000000000 2762.
9.79277000000000 2769.
9.79287000000000 2711.
9.79292000000000 2644.
9.79292000000000 2757.
9.79292000000000 2790.
9.79285000000000 2751.
9.79278000000000 2577.
9.79290000000000 2688.
9.79277000000000 2766.
9.79285000000000 2716.
9.79285000000000 2731.
9.79292000000000 2734.
9.79292000000000 2793.
9.79285000000000 2655.
9.79294000000000 2748.
9.79285000000000 2751.
9.79293000000000 2756.
9.79272000000000 2687.
9.79277000000000 2762.
9.79294000000000 2715.
9.79285000000000 2759.
9.79278000000000 2710.
9.79277000000000 2782.
9.79293000000000 2688.
9.79305000000000 2670.
9.79303000000000 2763.
9.79285000000000 2682.
9.79287000000000 2824.
9.79292000000000 2766.
9.79285000000000 2698.
9.79294000000000 2782.
9.79285000000000 2691.
9.79294000000000 2755.
9.79278000000000 2854.
9.79282000000000 2755.
9.79303000000000 2673.
9.79294000000000 2634.
9.79292000000000 2722.
9.79285000000000 2712.
9.79285000000000 2570.
9.79293000000000 2668.
9.79294000000000 2657.
9.79277000000000 2813.
9.79277000000000 2751.
9.79292000000000 2882.
9.79292000000000 2657.
9.79292000000000 2638.
9.79303000000000 2765.
9.79292000000000 2766.
9.79292000000000 2730.
9.79303000000000 2640.
9.79277000000000 2660.
9.79292000000000 2717.
9.79285000000000 2695.
9.79293000000000 2780.
9.79293000000000 2743.
9.79285000000000 2848.
9.79285000000000 2580.
9.79303000000000 2680.
9.79294000000000 2676.
9.79285000000000 2604.
9.79285000000000 2763.
9.79292000000000 2701.
9.79292000000000 2729.
9.79293000000000 2765.
9.79277000000000 2787.
9.79293000000000 2616.
9.79293000000000 2765.
9.79278000000000 2713.
9.79287000000000 2728.
9.79293000000000 2731.
9.79292000000000 2730.
9.79285000000000 2731.
9.79285000000000 2604.
9.79278000000000 2658.
9.79292000000000 2689.
9.79293000000000 2691.
9.79292000000000 2694.
9.79287000000000 2837.
9.79293000000000 2783.
9.79277000000000 2834.
9.79294000000000 2589.
9.79285000000000 2789.
9.79303000000000 2747.
9.79293000000000 2736.
9.79293000000000 2626.
9.79291000000000 2664.
9.79285000000000 2694.
9.79285000000000 2815.
9.79294000000000 2733.
9.79285000000000 2781.
9.79285000000000 2723.
9.79285000000000 2661.
9.79293000000000 2709.
9.79292000000000 2669.
9.79294000000000 2652.
9.79293000000000 2732.
9.79285000000000 2674.
9.79303000000000 2698.
9.79292000000000 2675.
9.79292000000000 2695.
9.79277000000000 2736.
9.79293000000000 2781.
9.79292000000000 2729.
9.79277000000000 2690.
9.79290000000000 2735.
9.79304000000000 2763.
9.79285000000000 2717.
9.79292000000000 2740.
9.79292000000000 2797.
9.79292000000000 2722.
9.79292000000000 2644.
9.79292000000000 2641.
9.79290000000000 2802.
9.79279000000000 2657.
9.79293000000000 2689.
9.79294000000000 2627.
9.79285000000000 2763.
9.79294000000000 2793.
9.79292000000000 2834.
9.79277000000000 2708.
9.79285000000000 2753.
9.79278000000000 2671.
9.79294000000000 2618.
9.79292000000000 2714.
9.79292000000000 2695.
9.79293000000000 2668.
9.79277000000000 2588.
9.79303000000000 2658.
9.79292000000000 2651.
9.79292000000000 2718.
9.79292000000000 2751.
9.79283000000000 2604.
9.79292000000000 2652.
9.79294000000000 2764.
9.79294000000000 2779.
9.79292000000000 2758.
9.79292000000000 2779.
9.79285000000000 2602.
9.79277000000000 2735.
9.79293000000000 2801.
9.79278000000000 2612.
9.79303000000000 2609.
9.79285000000000 2726.
9.79303000000000 2636.
9.79290000000000 2637.
9.79294000000000 2752.
9.79277000000000 2763.
9.79277000000000 2767.
9.79278000000000 2747.
9.79292000000000 2683.
9.79293000000000 2726.
9.79293000000000 2665.
9.79294000000000 2636.
9.79285000000000 2676.
9.79285000000000 2667.
9.79295000000000 2681.
9.79292000000000 2613.
9.79278000000000 2647.
9.79285000000000 2685.
9.79293000000000 2749.
9.79294000000000 2625.
9.79285000000000 2641.
9.79292000000000 2753.
9.79292000000000 2662.
9.79292000000000 2688.
9.79277000000000 2658.
9.79293000000000 2709.
9.79278000000000 2747.
9.79292000000000 2792.
9.79307000000000 2633.
9.79277000000000 2658.
9.79290000000000 2687.
9.79278000000000 2661.
9.79278000000000 2714.
9.79285000000000 2694.
9.79285000000000 2762.
9.79285000000000 2655.
9.79294000000000 2714.
9.79294000000000 2759.
9.79292000000000 2768.
9.79292000000000 2714.
9.79292000000000 2800.
9.79285000000000 2704.
9.79303000000000 2745.
9.79292000000000 2660.
9.79285000000000 2648.
9.79294000000000 2672.
9.79303000000000 2733.
9.79277000000000 2728.
9.79278000000000 2720.
9.79277000000000 2774.
9.79293000000000 2666.
9.79285000000000 2714.
9.79285000000000 2731.
9.79294000000000 2726.
9.79277000000000 2827.
9.79285000000000 2751.
9.79278000000000 2767.
9.79285000000000 2684.
9.79292000000000 2636.
9.79278000000000 2575.
9.79277000000000 2653.
9.79292000000000 2733.
9.79277000000000 2647.
9.79287000000000 2619.
9.79285000000000 2550.
9.79277000000000 2798.
9.79294000000000 2717.
9.79277000000000 2702.
9.79293000000000 2669.
9.79277000000000 2754.
9.79293000000000 2785.
9.79292000000000 2766.
9.79294000000000 2535.
9.79292000000000 2718.
9.79285000000000 2645.
9.79293000000000 2690.
9.79293000000000 2613.
9.79285000000000 2670.
9.79285000000000 2637.
9.79285000000000 2706.
9.79292000000000 2671.
9.79291000000000 2671.
9.79294000000000 2751.
9.79294000000000 2706.
9.79285000000000 2721.
9.79294000000000 2731.
9.79283000000000 2746.
9.79285000000000 2735.
9.79292000000000 2650.
9.79278000000000 2821.
9.79292000000000 2667.
9.79285000000000 2741.
9.79294000000000 2586.
9.79294000000000 2708.
9.79277000000000 2800.
9.79292000000000 2755.
9.79292000000000 2754.
9.79285000000000 2740.
9.79293000000000 2703.
9.79285000000000 2735.
9.79285000000000 2765.
9.79285000000000 2714.
9.79277000000000 2736.
9.79294000000000 2680.
9.79293000000000 2786.
9.79285000000000 2723.
9.79273000000000 2772.
9.79292000000000 2807.
9.79285000000000 2599.
9.79294000000000 2704.
9.79285000000000 2756.
9.79285000000000 2762.
9.79292000000000 2732.
9.79278000000000 2649.
9.79291000000000 2783.
9.79303000000000 2641.
9.79303000000000 2711.
9.79278000000000 2745.
9.79285000000000 2769.
9.79294000000000 2689.
9.79277000000000 2638.
9.79278000000000 2698.
9.79294000000000 2760.
9.79278000000000 2712.
9.79278000000000 2868.
9.79290000000000 2688.
9.79292000000000 2663.
9.79277000000000 2718.
9.79292000000000 2817.
9.79285000000000 2730.
9.79285000000000 2773.
9.79285000000000 2699.
9.79292000000000 2614.
9.79277000000000 2768.
9.79303000000000 2706.
9.79278000000000 2705.
9.79294000000000 2729.
9.79278000000000 2846.
9.79277000000000 2713.
9.79277000000000 2706.
9.79293000000000 2760.
9.79277000000000 2738.
9.79277000000000 2754.
9.79303000000000 2801.
9.79287000000000 2588.
9.79294000000000 2721.
9.79278000000000 2732.
9.79277000000000 2703.
9.79294000000000 2773.
9.79285000000000 2660.
9.79277000000000 2785.
9.79277000000000 2797.
9.79292000000000 2658.
9.79291000000000 2738.
9.79278000000000 2684.
9.79292000000000 2645.
9.79291000000000 2729.
9.79293000000000 2606.
9.79292000000000 2795.
9.79278000000000 2724.
9.79294000000000 2737.
9.79294000000000 2722.
9.79285000000000 2651.
9.79294000000000 2778.
9.79294000000000 2701.
9.79292000000000 2603.
9.79279000000000 2581.
9.79292000000000 2713.
9.79292000000000 2668.
9.79285000000000 2753.
9.79292000000000 2670.
9.79285000000000 2654.
9.79294000000000 2626.
9.79294000000000 2635.
9.79278000000000 2708.
9.79292000000000 2615.
9.79292000000000 2597.
9.79294000000000 2665.
9.79287000000000 2697.
9.79285000000000 2679.
9.79285000000000 2727.
9.79278000000000 2746.
9.79285000000000 2665.
9.79294000000000 2681.
9.79293000000000 2747.
9.79278000000000 2695.
9.79285000000000 2740.
9.79283000000000 2753.
9.79292000000000 2739.
9.79278000000000 2771.
9.79293000000000 2740.
9.79292000000000 2707.
9.79285000000000 2686.
9.79292000000000 2721.
