9.78328000000000 1.6459E+04
9.78328000000000 1.6353E+04
9.78329000000000 1.6316E+04
9.78329000000000 1.6479E+04
9.78329000000000 1.6422E+04
9.78328000000000 1.6313E+04
9.78329000000000 1.6277E+04
9.78328000000000 1.6323E+04
9.78329000000000 1.6188E+04
9.78329000000000 1.6319E+04
9.78329000000000 1.6325E+04
9.78329000000000 1.6289E+04
9.78328000000000 1.6557E+04
9.78327000000000 1.6308E+04
9.78329000000000 1.6359E+04
9.78328000000000 1.6015E+04
9.78328000000000 1.6427E+04
9.78329000000000 1.6190E+04
9.78328000000000 1.6404E+04
9.78328000000000 1.6424E+04
9.78329000000000 1.6296E+04
9.78327000000000 1.6171E+04
9.78328000000000 1.6304E+04
9.78327000000000 1.6258E+04
9.78329000000000 1.6545E+04
9.78328000000000 1.6179E+04
9.78328000000000 1.6169E+04
9.78328000000000 1.6539E+04
9.78329000000000 1.6349E+04
9.78329000000000 1.6648E+04
9.78328000000000 1.6258E+04
9.78328000000000 1.6397E+04
9.78328000000000 1.6453E+04
9.78328000000000 1.6637E+04
9.78329000000000 1.6440E+04
9.78328000000000 1.6515E+04
9.78328000000000 1.6321E+04
9.78329000000000 1.6236E+04
9.78329000000000 1.6215E+04
9.78328000000000 1.6357E+04
9.78328000000000 1.6216E+04
9.78328000000000 1.6185E+04
9.78329000000000 1.6421E+04
9.78328000000000 1.6086E+04
9.78327000000000 1.6443E+04
9.78328000000000 1.6394E+04
9.78328000000000 1.6303E+04
9.78329000000000 1.6564E+04
9.78328000000000 1.6478E+04
9.78328000000000 1.6373E+04
9.78329000000000 1.6623E+04
9.78329000000000 1.6399E+04
9.78328000000000 1.6302E+04
9.78328000000000 1.6439E+04
9.78328000000000 1.6113E+04
9.78328000000000 1.6319E+04
9.78327000000000 1.6254E+04
9.78329000000000 1.6336E+04
9.78328000000000 1.6504E+04
9.78328000000000 1.6137E+04
9.78329000000000 1.6090E+04
9.78328000000000 1.6266E+04
9.78329000000000 1.6380E+04
9.78327000000000 1.6299E+04
9.78328000000000 1.6215E+04
9.78329000000000 1.6182E+04
9.78328000000000 1.6282E+04
9.78329000000000 1.6364E+04
9.78328000000000 1.6484E+04
9.78329000000000 1.6213E+04
9.78328000000000 1.6373E+04
9.78328000000000 1.6172E+04
9.78328000000000 1.6286E+04
9.78329000000000 1.6549E+04
9.78328000000000 1.6305E+04
9.78328000000000 1.6451E+04
9.78328000000000 1.6231E+04
9.78328000000000 1.6307E+04
9.78328000000000 1.6445E+04
9.78328000000000 1.6397E+04
9.78328000000000 1.6383E+04
9.78328000000000 1.6108E+04
9.78327000000000 1.6608E+04
9.78329000000000 1.6425E+04
9.78328000000000 1.6329E+04
9.78328000000000 1.6541E+04
9.78328000000000 1.6169E+04
9.78328000000000 1.6668E+04
9.78328000000000 1.6253E+04
9.78329000000000 1.6335E+04
9.78328000000000 1.6216E+04
9.78328000000000 1.6229E+04
9.78328000000000 1.6398E+04
9.78329000000000 1.6212E+04
9.78328000000000 1.6441E+04
9.78328000000000 1.6133E+04
9.78329000000000 1.6254E+04
9.78329000000000 1.6157E+04
9.78328000000000 1.6525E+04
9.78328000000000 1.6389E+04
9.78328000000000 1.6369E+04
9.78328000000000 1.6366E+04
9.78329000000000 1.6552E+04
9.78329000000000 1.6268E+04
9.78329000000000 1.6409E+04
9.78328000000000 1.6654E+04
9.78327000000000 1.6306E+04
9.78328000000000 1.6323E+04
9.78329000000000 1.6344E+04
9.78329000000000 1.6229E+04
9.78327000000000 1.6459E+04
9.78328000000000 1.6388E+04
9.78328000000000 1.6232E+04
9.78328000000000 1.6383E+04
9.78329000000000 1.6107E+04
9.78328000000000 1.6425E+04
9.78328000000000 1.6177E+04
9.78328000000000 1.6267E+04
9.78328000000000 1.6087E+04
9.78328000000000 1.6639E+04
9.78328000000000 1.6678E+04
9.78328000000000 1.6356E+04
9.78328000000000 1.6289E+04
9.78328000000000 1.6201E+04
9.78328000000000 1.6341E+04
9.78329000000000 1.6410E+04
9.78329000000000 1.6473E+04
9.78329000000000 1.6291E+04
9.78328000000000 1.6280E+04
9.78328000000000 1.6298E+04
9.78328000000000 1.6509E+04
9.78328000000000 1.6448E+04
9.78329000000000 1.6184E+04
9.78328000000000 1.6323E+04
9.78329000000000 1.6323E+04
9.78328000000000 1.6361E+04
9.78328000000000 1.6611E+04
9.78328000000000 1.6373E+04
9.78328000000000 1.6621E+04
9.78328000000000 1.6201E+04
9.78329000000000 1.6452E+04
9.78328000000000 1.6404E+04
9.78329000000000 1.6300E+04
9.78328000000000 1.6020E+04
9.78328000000000 1.6398E+04
9.78329000000000 1.6511E+04
9.78327000000000 1.5965E+04
9.78329000000000 1.6319E+04
9.78328000000000 1.6290E+04
9.78328000000000 1.6414E+04
9.78329000000000 1.6098E+04
9.78328000000000 1.6360E+04
9.78328000000000 1.6185E+04
9.78329000000000 1.6185E+04
9.78329000000000 1.6306E+04
9.78328000000000 1.6533E+04
9.78328000000000 1.6257E+04
9.78327000000000 1.6224E+04
9.78328000000000 1.6279E+04
9.78327000000000 1.6270E+04
9.78328000000000 1.6265E+04
9.78328000000000 1.6433E+04
9.78328000000000 1.6130E+04
9.78329000000000 1.6481E+04
9.78329000000000 1.6651E+04
9.78328000000000 1.6278E+04
9.78327000000000 1.6349E+04
9.78328000000000 1.6292E+04
9.78327000000000 1.6549E+04
9.78328000000000 1.6718E+04
9.78327000000000 1.6412E+04
9.78328000000000 1.6344E+04
9.78327000000000 1.6280E+04
9.78329000000000 1.6506E+04
9.78328000000000 1.6359E+04
9.78328000000000 1.6433E+04
9.78328000000000 1.6295E+04
9.78329000000000 1.6617E+04
9.78328000000000 1.6324E+04
9.78328000000000 1.6217E+04
9.78328000000000 1.6547E+04
9.78329000000000 1.6089E+04
9.78329000000000 1.6426E+04
9.78329000000000 1.6166E+04
9.78328000000000 1.6235E+04
9.78328000000000 1.6223E+04
9.78329000000000 1.6437E+04
9.78328000000000 1.6504E+04
9.78329000000000 1.6263E+04
9.78329000000000 1.6410E+04
9.78328000000000 1.6357E+04
9.78329000000000 1.6298E+04
9.78328000000000 1.6718E+04
9.78329000000000 1.6488E+04
9.78328000000000 1.6189E+04
9.78328000000000 1.6438E+04
9.78328000000000 1.6556E+04
9.78328000000000 1.6416E+04
9.78328000000000 1.6472E+04
9.78328000000000 1.6035E+04
9.78328000000000 1.6371E+04
9.78328000000000 1.6211E+04
9.78329000000000 1.6444E+04
9.78328000000000 1.6478E+04
9.78328000000000 1.6200E+04
9.78328000000000 1.6662E+04
9.78328000000000 1.6246E+04
9.78328000000000 1.6340E+04
9.78329000000000 1.6439E+04
9.78328000000000 1.6387E+04
9.78328000000000 1.6247E+04
9.78329000000000 1.6362E+04
9.78328000000000 1.6329E+04
9.78328000000000 1.6342E+04
9.78329000000000 1.6523E+04
9.78328000000000 1.6459E+04
9.78328000000000 1.6272E+04
9.78327000000000 1.6289E+04
9.78328000000000 1.6273E+04
9.78328000000000 1.6447E+04
9.78328000000000 1.6381E+04
9.78329000000000 1.6328E+04
9.78329000000000 1.6255E+04
9.78327000000000 1.6245E+04
9.78328000000000 1.6428E+04
9.78329000000000 1.6310E+04
9.78329000000000 1.6292E+04
9.78328000000000 1.6360E+04
9.78329000000000 1.6557E+04
9.78328000000000 1.6633E+04
9.78329000000000 1.6301E+04
9.78328000000000 1.6195E+04
9.78328000000000 1.6217E+04
9.78328000000000 1.6653E+04
9.78328000000000 1.6156E+04
9.78328000000000 1.6506E+04
9.78327000000000 1.6207E+04
9.78328000000000 1.6230E+04
9.78328000000000 1.6283E+04
9.78329000000000 1.6322E+04
9.78329000000000 1.6200E+04
9.78328000000000 1.6395E+04
9.78329000000000 1.6283E+04
9.78328000000000 1.6127E+04
9.78328000000000 1.6339E+04
9.78329000000000 1.6438E+04
9.78329000000000 1.6443E+04
9.78328000000000 1.6491E+04
9.78328000000000 1.6406E+04
9.78328000000000 1.6407E+04
9.78328000000000 1.6321E+04
9.78328000000000 1.6354E+04
9.78329000000000 1.6350E+04
9.78328000000000 1.6434E+04
9.78328000000000 1.6270E+04
9.78328000000000 1.6381E+04
9.78328000000000 1.6201E+04
9.78328000000000 1.6466E+04
9.78328000000000 1.6379E+04
9.78329000000000 1.6198E+04
9.78328000000000 1.6582E+04
9.78329000000000 1.6493E+04
9.78329000000000 1.6221E+04
9.78328000000000 1.6286E+04
9.78328000000000 1.6394E+04
9.78328000000000 1.6034E+04
9.78328000000000 1.6499E+04
9.78329000000000 1.6338E+04
9.78328000000000 1.6503E+04
9.78328000000000 1.6249E+04
9.78328000000000 1.6631E+04
9.78328000000000 1.6537E+04
9.78328000000000 1.6109E+04
9.78329000000000 1.6453E+04
9.78328000000000 1.6567E+04
9.78328000000000 1.6462E+04
9.78329000000000 1.6534E+04
9.78328000000000 1.6313E+04
9.78328000000000 1.6459E+04
9.78328000000000 1.6430E+04
9.78328000000000 1.6438E+04
9.78328000000000 1.6359E+04
9.78328000000000 1.6384E+04
9.78327000000000 1.6384E+04
9.78328000000000 1.6422E+04
9.78329000000000 1.6561E+04
9.78328000000000 1.6452E+04
9.78328000000000 1.6147E+04
9.78328000000000 1.6169E+04
9.78328000000000 1.6367E+04
9.78328000000000 1.6351E+04
9.78329000000000 1.6132E+04
9.78329000000000 1.6268E+04
9.78329000000000 1.6238E+04
9.78328000000000 1.6484E+04
9.78328000000000 1.6437E+04
9.78328000000000 1.6349E+04
9.78328000000000 1.6288E+04
9.78329000000000 1.6328E+04
9.78327000000000 1.6082E+04
9.78328000000000 1.6160E+04
9.78328000000000 1.6219E+04
9.78329000000000 1.6609E+04
9.78329000000000 1.6426E+04
9.78328000000000 1.6437E+04
9.78328000000000 1.6614E+04
9.78328000000000 1.6435E+04
9.78328000000000 1.6224E+04
9.78328000000000 1.6300E+04
9.78329000000000 1.6282E+04
9.78329000000000 1.6335E+04
9.78328000000000 1.6183E+04
9.78328000000000 1.6355E+04
9.78328000000000 1.6365E+04
9.78328000000000 1.6444E+04
9.78328000000000 1.6139E+04
9.78328000000000 1.6314E+04
9.78329000000000 1.6422E+04
9.78328000000000 1.6031E+04
9.78329000000000 1.6334E+04
9.78329000000000 1.6479E+04
9.78328000000000 1.6339E+04
9.78328000000000 1.6456E+04
9.78328000000000 1.6451E+04
9.78328000000000 1.6127E+04
9.78328000000000 1.6171E+04
9.78329000000000 1.6372E+04
9.78328000000000 1.6556E+04
9.78329000000000 1.6453E+04
9.78329000000000 1.6652E+04
9.78329000000000 1.6412E+04
9.78329000000000 1.6495E+04
9.78328000000000 1.6349E+04
9.78329000000000 1.6523E+04
9.78328000000000 1.6365E+04
9.78328000000000 1.6365E+04
9.78329000000000 1.6558E+04
9.78329000000000 1.6459E+04
9.78328000000000 1.6192E+04
9.78328000000000 1.6294E+04
9.78328000000000 1.6449E+04
9.78328000000000 1.6373E+04
9.78328000000000 1.6465E+04
9.78329000000000 1.6518E+04
9.78328000000000 1.6402E+04
9.78329000000000 1.6378E+04
9.78328000000000 1.6392E+04
9.78328000000000 1.6324E+04
9.78329000000000 1.6706E+04
9.78328000000000 1.6547E+04
9.78328000000000 1.6331E+04
9.78329000000000 1.6353E+04
9.78329000000000 1.6285E+04
9.78328000000000 1.6439E+04
9.78329000000000 1.6259E+04
9.78327000000000 1.6337E+04
9.78328000000000 1.6306E+04
9.78329000000000 1.6450E+04
9.78328000000000 1.6288E+04
9.78329000000000 1.6115E+04
9.78329000000000 1.6312E+04
9.78327000000000 1.6508E+04
9.78328000000000 1.6623E+04
9.78329000000000 1.6359E+04
9.78328000000000 1.6299E+04
9.78328000000000 1.6567E+04
9.78328000000000 1.6197E+04
9.78329000000000 1.6232E+04
9.78328000000000 1.6427E+04
9.78328000000000 1.6361E+04
9.78328000000000 1.6378E+04
9.78328000000000 1.6769E+04
9.78329000000000 1.6485E+04
9.78328000000000 1.6484E+04
9.78328000000000 1.6617E+04
9.78329000000000 1.6478E+04
9.78329000000000 1.6164E+04
9.78329000000000 1.6165E+04
9.78328000000000 1.6297E+04
9.78329000000000 1.6510E+04
9.78328000000000 1.6403E+04
9.78328000000000 1.6123E+04
9.78328000000000 1.6407E+04
9.78328000000000 1.5939E+04
9.78327000000000 1.6288E+04
9.78328000000000 1.6525E+04
9.78328000000000 1.6487E+04
9.78328000000000 1.6303E+04
9.78328000000000 1.6428E+04
9.78328000000000 1.6648E+04
9.78328000000000 1.6212E+04
9.78329000000000 1.6121E+04
9.78329000000000 1.6478E+04
9.78329000000000 1.6293E+04
9.78328000000000 1.6320E+04
9.78327000000000 1.6359E+04
9.78329000000000 1.6379E+04
9.78328000000000 1.6232E+04
9.78327000000000 1.6469E+04
9.78328000000000 1.6286E+04
9.78329000000000 1.6586E+04
9.78329000000000 1.6149E+04
9.78328000000000 1.6265E+04
9.78329000000000 1.6264E+04
9.78328000000000 1.6540E+04
9.78328000000000 1.6431E+04
9.78328000000000 1.6330E+04
9.78329000000000 1.6188E+04
9.78329000000000 1.6296E+04
9.78328000000000 1.6113E+04
9.78329000000000 1.6270E+04
9.78327000000000 1.6271E+04
9.78328000000000 1.6321E+04
9.78328000000000 1.6338E+04
9.78328000000000 1.6338E+04
9.78329000000000 1.6332E+04
9.78328000000000 1.6340E+04
9.78329000000000 1.6461E+04
9.78329000000000 1.6179E+04
9.78328000000000 1.6432E+04
9.78328000000000 1.6378E+04
9.78328000000000 1.6165E+04
9.78328000000000 1.6186E+04
9.78328000000000 1.6101E+04
9.78329000000000 1.6341E+04
9.78328000000000 1.6678E+04
9.78328000000000 1.6311E+04
9.78328000000000 1.6622E+04
9.78329000000000 1.6367E+04
9.78329000000000 1.6306E+04
9.78329000000000 1.5971E+04
9.78327000000000 1.6355E+04
9.78329000000000 1.6193E+04
9.78328000000000 1.6109E+04
9.78329000000000 1.6517E+04
9.78327000000000 1.6477E+04
9.78327000000000 1.6588E+04
9.78328000000000 1.6404E+04
9.78328000000000 1.6266E+04
9.78328000000000 1.6338E+04
9.78328000000000 1.6446E+04
9.78328000000000 1.6308E+04
9.78329000000000 1.6483E+04
9.78329000000000 1.6352E+04
9.78327000000000 1.6193E+04
9.78328000000000 1.6524E+04
9.78328000000000 1.6433E+04
9.78328000000000 1.6666E+04
9.78328000000000 1.6264E+04
9.78328000000000 1.6432E+04
9.78328000000000 1.6263E+04
9.78328000000000 1.6439E+04
9.78328000000000 1.6356E+04
9.78329000000000 1.6354E+04
9.78327000000000 1.6409E+04
9.78329000000000 1.6246E+04
9.78329000000000 1.6582E+04
9.78329000000000 1.6216E+04
9.78328000000000 1.6291E+04
9.78328000000000 1.6474E+04
9.78328000000000 1.6361E+04
9.78329000000000 1.6410E+04
9.78329000000000 1.6468E+04
9.78328000000000 1.6316E+04
9.78327000000000 1.6562E+04
9.78329000000000 1.6204E+04
9.78329000000000 1.6514E+04
9.78328000000000 1.6372E+04
9.78328000000000 1.6612E+04
9.78328000000000 1.6529E+04
9.78328000000000 1.6125E+04
9.78328000000000 1.6264E+04
9.78328000000000 1.6432E+04
9.78329000000000 1.6315E+04
9.78329000000000 1.6461E+04
9.78329000000000 1.6199E+04
9.78328000000000 1.6331E+04
9.78327000000000 1.6477E+04
9.78328000000000 1.6519E+04
9.78328000000000 1.6377E+04
9.78328000000000 1.6317E+04
9.78328000000000 1.6419E+04
9.78329000000000 1.6480E+04
9.78327000000000 1.6198E+04
9.78329000000000 1.6192E+04
9.78328000000000 1.6361E+04
9.78327000000000 1.6352E+04
9.78328000000000 1.6312E+04
9.78328000000000 1.6310E+04
9.78328000000000 1.6520E+04
9.78328000000000 1.6580E+04
9.78327000000000 1.6258E+04
9.78328000000000 1.6187E+04
9.78328000000000 1.6114E+04
9.78328000000000 1.6385E+04
9.78329000000000 1.6683E+04
9.78329000000000 1.5961E+04
9.78328000000000 1.6403E+04
9.78328000000000 1.6295E+04
9.78328000000000 1.6148E+04
9.78329000000000 1.6417E+04
9.78327000000000 1.6110E+04
9.78328000000000 1.6061E+04
9.78329000000000 1.6376E+04
9.78328000000000 1.6125E+04
9.78328000000000 1.6464E+04
9.78328000000000 1.6400E+04
9.78328000000000 1.6383E+04
9.78329000000000 1.6425E+04
9.78329000000000 1.6171E+04
9.78328000000000 1.6413E+04
9.78328000000000 1.6237E+04
9.78327000000000 1.6296E+04
9.78329000000000 1.6454E+04
9.78328000000000 1.6363E+04
9.78328000000000 1.6350E+04
9.78328000000000 1.6190E+04
9.78328000000000 1.6286E+04
9.78328000000000 1.6273E+04
9.78328000000000 1.6405E+04
9.78329000000000 1.6096E+04
9.78328000000000 1.6474E+04
9.78328000000000 1.6318E+04
9.78328000000000 1.6405E+04
9.78329000000000 1.6403E+04
9.78328000000000 1.6696E+04
9.78329000000000 1.6347E+04
9.78328000000000 1.6407E+04
9.78328000000000 1.6228E+04
9.78329000000000 1.6274E+04
9.78328000000000 1.5951E+04
9.78328000000000 1.6579E+04
9.78328000000000 1.6654E+04
9.78327000000000 1.6381E+04
9.78329000000000 1.6456E+04
9.78329000000000 1.6099E+04
9.78329000000000 1.6320E+04
9.78329000000000 1.6207E+04
9.78329000000000 1.6164E+04
9.78327000000000 1.6429E+04
9.78328000000000 1.6248E+04
9.78328000000000 1.6127E+04
9.78328000000000 1.6077E+04
9.78328000000000 1.6487E+04
9.78329000000000 1.6348E+04
9.78329000000000 1.6155E+04
9.78329000000000 1.6302E+04
9.78329000000000 1.6550E+04
9.78329000000000 1.6280E+04
9.78328000000000 1.6467E+04
9.78329000000000 1.6404E+04
9.78329000000000 1.6603E+04
9.78329000000000 1.6400E+04
9.78328000000000 1.6312E+04
9.78328000000000 1.6617E+04
9.78328000000000 1.6065E+04
9.78329000000000 1.6542E+04
9.78328000000000 1.6128E+04
9.78329000000000 1.6054E+04
9.78329000000000 1.6405E+04
9.78327000000000 1.6381E+04
9.78328000000000 1.6206E+04
9.78328000000000 1.6404E+04
9.78328000000000 1.6487E+04
9.78328000000000 1.6321E+04
9.78328000000000 1.6244E+04
9.78327000000000 1.6499E+04
9.78328000000000 1.6638E+04
9.78327000000000 1.6358E+04
9.78329000000000 1.6099E+04
9.78328000000000 1.6153E+04
9.78329000000000 1.6324E+04
9.78329000000000 1.6832E+04
9.78329000000000 1.6581E+04
9.78328000000000 1.6162E+04
9.78328000000000 1.6444E+04
9.78328000000000 1.6407E+04
9.78328000000000 1.6231E+04
9.78328000000000 1.6051E+04
9.78328000000000 1.6047E+04
9.78328000000000 1.6491E+04
9.78329000000000 1.6385E+04
9.78328000000000 1.6303E+04
9.78328000000000 1.6033E+04
9.78329000000000 1.6512E+04
9.78328000000000 1.6130E+04
9.78328000000000 1.6270E+04
9.78328000000000 1.6306E+04
9.78328000000000 1.6537E+04
9.78329000000000 1.6250E+04
9.78328000000000 1.6714E+04
9.78329000000000 1.6527E+04
9.78329000000000 1.6229E+04
9.78328000000000 1.6556E+04
9.78328000000000 1.6640E+04
9.78328000000000 1.6732E+04
9.78328000000000 1.6578E+04
9.78328000000000 1.6445E+04
9.78328000000000 1.6505E+04
9.78328000000000 1.6503E+04
9.78329000000000 1.6375E+04
9.78329000000000 1.6322E+04
9.78328000000000 1.6342E+04
9.78329000000000 1.6156E+04
9.78329000000000 1.6252E+04
9.78329000000000 1.6264E+04
9.78328000000000 1.6155E+04
9.78329000000000 1.6431E+04
9.78328000000000 1.6377E+04
9.78329000000000 1.6543E+04
9.78329000000000 1.6335E+04
9.78329000000000 1.6090E+04
9.78328000000000 1.6265E+04
9.78329000000000 1.6261E+04
9.78328000000000 1.6409E+04
9.78328000000000 1.6398E+04
9.78328000000000 1.6389E+04
9.78328000000000 1.6593E+04
9.78328000000000 1.6313E+04
9.78328000000000 1.6256E+04
9.78328000000000 1.6347E+04
9.78328000000000 1.6203E+04
9.78328000000000 1.6123E+04
9.78328000000000 1.6075E+04
9.78328000000000 1.6204E+04
9.78329000000000 1.6324E+04
9.78328000000000 1.6147E+04
9.78328000000000 1.6436E+04
9.78328000000000 1.6441E+04
9.78328000000000 1.6614E+04
9.78328000000000 1.6184E+04
9.78329000000000 1.6530E+04
9.78329000000000 1.6571E+04
9.78328000000000 1.6241E+04
9.78328000000000 1.6706E+04
9.78328000000000 1.6125E+04
9.78329000000000 1.6259E+04
9.78329000000000 1.6604E+04
9.78328000000000 1.6603E+04
9.78328000000000 1.6269E+04
9.78328000000000 1.6522E+04
9.78329000000000 1.6160E+04
9.78328000000000 1.6417E+04
9.78329000000000 1.6358E+04
9.78328000000000 1.6329E+04
9.78329000000000 1.6194E+04
9.78328000000000 1.6545E+04
9.78328000000000 1.6753E+04
9.78328000000000 1.6107E+04
9.78327000000000 1.6041E+04
9.78328000000000 1.6514E+04
9.78328000000000 1.6384E+04
9.78328000000000 1.6347E+04
9.78329000000000 1.6335E+04
9.78329000000000 1.6384E+04
9.78328000000000 1.6326E+04
9.78328000000000 1.6081E+04
9.78328000000000 1.6438E+04
9.78328000000000 1.6422E+04
9.78328000000000 1.6138E+04
9.78328000000000 1.6332E+04
9.78328000000000 1.6269E+04
9.78327000000000 1.6243E+04
9.78329000000000 1.6666E+04
9.78329000000000 1.6387E+04
9.78328000000000 1.6215E+04
9.78328000000000 1.6240E+04
9.78328000000000 1.6510E+04
9.78328000000000 1.6464E+04
9.78328000000000 1.6247E+04
9.78328000000000 1.6387E+04
9.78328000000000 1.6355E+04
9.78328000000000 1.6285E+04
9.78327000000000 1.6381E+04
9.78329000000000 1.6460E+04
9.78327000000000 1.6352E+04
9.78328000000000 1.6278E+04
9.78328000000000 1.6371E+04
9.78329000000000 1.6540E+04
9.78328000000000 1.6569E+04
9.78328000000000 1.6395E+04
9.78328000000000 1.6175E+04
9.78328000000000 1.6455E+04
9.78329000000000 1.6358E+04
9.78329000000000 1.5994E+04
9.78328000000000 1.6171E+04
9.78329000000000 1.6279E+04
9.78327000000000 1.6483E+04
9.78328000000000 1.6222E+04
9.78328000000000 1.6463E+04
9.78328000000000 1.6139E+04
9.78329000000000 1.6139E+04
9.78329000000000 1.6385E+04
9.78327000000000 1.6404E+04
9.78328000000000 1.6419E+04
9.78328000000000 1.6280E+04
9.78328000000000 1.6278E+04
9.78328000000000 1.6513E+04
9.78328000000000 1.6225E+04
9.78328000000000 1.6547E+04
9.78328000000000 1.6128E+04
9.78328000000000 1.6085E+04
9.78328000000000 1.6540E+04
9.78328000000000 1.6244E+04
9.78328000000000 1.6388E+04
9.78329000000000 1.6395E+04
9.78328000000000 1.6205E+04
9.78328000000000 1.6690E+04
9.78328000000000 1.6683E+04
9.78328000000000 1.6439E+04
9.78328000000000 1.6616E+04
9.78329000000000 1.6495E+04
9.78328000000000 1.6473E+04
9.78329000000000 1.6432E+04
9.78328000000000 1.6214E+04
9.78327000000000 1.6294E+04
9.78328000000000 1.6305E+04
9.78328000000000 1.6292E+04
9.78328000000000 1.6369E+04
9.78329000000000 1.6410E+04
9.78328000000000 1.6304E+04
9.78328000000000 1.6263E+04
9.78329000000000 1.6334E+04
9.78328000000000 1.6174E+04
9.78328000000000 1.6356E+04
9.78328000000000 1.6594E+04
9.78328000000000 1.6432E+04
9.78329000000000 1.6193E+04
9.78329000000000 1.6353E+04
9.78328000000000 1.6422E+04
9.78328000000000 1.6354E+04
9.78328000000000 1.6494E+04
9.78329000000000 1.6495E+04
9.78329000000000 1.6337E+04
9.78328000000000 1.6207E+04
9.78329000000000 1.6367E+04
9.78329000000000 1.6414E+04
9.78328000000000 1.6295E+04
9.78329000000000 1.6491E+04
9.78329000000000 1.6227E+04
9.78328000000000 1.6255E+04
9.78328000000000 1.6264E+04
9.78329000000000 1.6619E+04
9.78328000000000 1.6354E+04
9.78328000000000 1.6071E+04
9.78328000000000 1.6288E+04
9.78329000000000 1.6315E+04
9.78329000000000 1.6526E+04
9.78329000000000 1.6278E+04
9.78329000000000 1.6422E+04
9.78328000000000 1.6213E+04
9.78328000000000 1.6292E+04
9.78329000000000 1.6538E+04
9.78328000000000 1.6372E+04
9.78329000000000 1.6272E+04
9.78329000000000 1.6596E+04
9.78329000000000 1.6274E+04
9.78328000000000 1.6504E+04
9.78327000000000 1.6400E+04
9.78328000000000 1.6326E+04
9.78328000000000 1.6451E+04
9.78329000000000 1.6180E+04
9.78329000000000 1.6546E+04
9.78328000000000 1.6384E+04
9.78329000000000 1.6229E+04
9.78329000000000 1.6461E+04
9.78328000000000 1.6514E+04
9.78328000000000 1.6312E+04
9.78329000000000 1.6383E+04
9.78328000000000 1.6405E+04
9.78328000000000 1.6364E+04
9.78329000000000 1.6410E+04
9.78328000000000 1.6217E+04
9.78328000000000 1.6178E+04
9.78328000000000 1.6537E+04
9.78328000000000 1.6351E+04
9.78329000000000 1.6502E+04
9.78327000000000 1.6416E+04
9.78327000000000 1.6303E+04
9.78327000000000 1.6317E+04
9.78329000000000 1.6284E+04
9.78328000000000 1.6549E+04
9.78328000000000 1.6257E+04
9.78328000000000 1.6743E+04
9.78328000000000 1.6435E+04
9.78329000000000 1.6304E+04
9.78328000000000 1.6295E+04
9.78328000000000 1.6506E+04
9.78328000000000 1.6127E+04
9.78327000000000 1.6382E+04
9.78328000000000 1.6507E+04
9.78329000000000 1.6262E+04
9.78329000000000 1.6395E+04
9.78329000000000 1.6251E+04
9.78328000000000 1.6459E+04
9.78328000000000 1.6650E+04
9.78329000000000 1.6323E+04
9.78328000000000 1.6345E+04
9.78327000000000 1.6336E+04
9.78328000000000 1.6377E+04
9.78329000000000 1.6324E+04
9.78328000000000 1.6703E+04
9.78328000000000 1.6479E+04
9.78328000000000 1.6595E+04
9.78327000000000 1.6354E+04
9.78328000000000 1.6053E+04
9.78328000000000 1.5761E+04
9.78329000000000 1.6348E+04
9.78329000000000 1.6217E+04
9.78328000000000 1.6351E+04
9.78328000000000 1.6250E+04
9.78329000000000 1.6604E+04
9.78329000000000 1.6384E+04
9.78328000000000 1.6445E+04
9.78328000000000 1.6406E+04
9.78328000000000 1.6678E+04
9.78328000000000 1.6225E+04
9.78328000000000 1.6209E+04
9.78328000000000 1.6590E+04
9.78328000000000 1.6427E+04
9.78328000000000 1.6508E+04
9.78329000000000 1.6299E+04
9.78328000000000 1.6128E+04
9.78329000000000 1.6737E+04
9.78328000000000 1.6376E+04
9.78328000000000 1.6358E+04
9.78327000000000 1.6352E+04
9.78328000000000 1.6372E+04
9.78328000000000 1.6550E+04
9.78328000000000 1.6322E+04
9.78328000000000 1.6333E+04
9.78328000000000 1.6550E+04
9.78329000000000 1.6396E+04
9.78328000000000 1.6419E+04
9.78328000000000 1.6178E+04
9.78328000000000 1.6392E+04
9.78328000000000 1.6461E+04
9.78328000000000 1.6292E+04
9.78328000000000 1.6409E+04
9.78329000000000 1.6272E+04
9.78329000000000 1.6458E+04
9.78328000000000 1.6592E+04
9.78328000000000 1.6522E+04
9.78329000000000 1.6179E+04
9.78328000000000 1.6587E+04
9.78328000000000 1.6395E+04
9.78328000000000 1.6460E+04
9.78328000000000 1.6249E+04
9.78329000000000 1.6262E+04
9.78329000000000 1.6237E+04
9.78327000000000 1.6376E+04
9.78328000000000 1.6233E+04
9.78328000000000 1.6361E+04
9.78328000000000 1.6550E+04
9.78329000000000 1.6262E+04
9.78328000000000 1.6368E+04
9.78328000000000 1.6138E+04
9.78329000000000 1.6205E+04
9.78328000000000 1.6415E+04
9.78328000000000 1.6515E+04
9.78329000000000 1.6297E+04
9.78327000000000 1.6263E+04
9.78328000000000 1.6270E+04
9.78328000000000 1.6533E+04
9.78328000000000 1.6342E+04
9.78329000000000 1.5990E+04
9.78328000000000 1.6254E+04
9.78328000000000 1.6306E+04
9.78328000000000 1.6167E+04
9.78328000000000 1.6273E+04
9.78328000000000 1.6626E+04
9.78329000000000 1.6438E+04
9.78328000000000 1.6304E+04
9.78328000000000 1.6295E+04
9.78328000000000 1.6467E+04
9.78328000000000 1.6483E+04
9.78328000000000 1.6372E+04
9.78329000000000 1.6359E+04
9.78328000000000 1.6301E+04
9.78328000000000 1.6338E+04
9.78329000000000 1.6563E+04
9.78329000000000 1.6422E+04
9.78328000000000 1.6363E+04
9.78329000000000 1.6465E+04
9.78329000000000 1.6312E+04
9.78329000000000 1.6461E+04
9.78329000000000 1.6404E+04
9.78329000000000 1.6289E+04
9.78329000000000 1.6275E+04
9.78329000000000 1.6369E+04
9.78328000000000 1.6426E+04
9.78328000000000 1.6534E+04
9.78328000000000 1.6286E+04
9.78329000000000 1.6320E+04
9.78328000000000 1.5976E+04
9.78329000000000 1.6292E+04
9.78328000000000 1.6277E+04
9.78328000000000 1.6364E+04
9.78329000000000 1.6144E+04
9.78328000000000 1.6303E+04
9.78328000000000 1.6428E+04
9.78328000000000 1.6156E+04
9.78328000000000 1.6291E+04
9.78328000000000 1.6366E+04
9.78328000000000 1.6431E+04
9.78328000000000 1.6190E+04
9.78328000000000 1.6123E+04
9.78329000000000 1.6419E+04
9.78328000000000 1.6287E+04
9.78328000000000 1.6391E+04
9.78329000000000 1.6367E+04
9.78328000000000 1.6051E+04
9.78328000000000 1.6411E+04
9.78328000000000 1.6369E+04
9.78328000000000 1.6486E+04
9.78328000000000 1.6324E+04
9.78329000000000 1.6208E+04
9.78329000000000 1.6257E+04
9.78329000000000 1.6417E+04
9.78328000000000 1.6415E+04
9.78327000000000 1.6522E+04
9.78328000000000 1.6137E+04
9.78329000000000 1.6323E+04
9.78329000000000 1.6516E+04
9.78328000000000 1.6266E+04
9.78328000000000 1.6381E+04
9.78328000000000 1.6105E+04
9.78329000000000 1.6436E+04
9.78328000000000 1.6168E+04
9.78328000000000 1.6485E+04
9.78329000000000 1.6483E+04
9.78327000000000 1.6372E+04
9.78328000000000 1.6501E+04
9.78328000000000 1.6356E+04
9.78328000000000 1.6332E+04
9.78328000000000 1.6421E+04
9.78328000000000 1.6480E+04
9.78328000000000 1.6404E+04
9.78328000000000 1.6354E+04
9.78327000000000 1.6346E+04
9.78329000000000 1.6163E+04
9.78329000000000 1.6089E+04
9.78328000000000 1.6496E+04
9.78328000000000 1.6370E+04
9.78329000000000 1.6288E+04
9.78328000000000 1.6604E+04
9.78328000000000 1.6201E+04
9.78328000000000 1.6415E+04
9.78328000000000 1.6353E+04
9.78328000000000 1.6437E+04
9.78328000000000 1.6535E+04
9.78329000000000 1.6470E+04
9.78328000000000 1.6435E+04
9.78328000000000 1.6160E+04
9.78328000000000 1.6367E+04
9.78328000000000 1.6393E+04
9.78328000000000 1.6421E+04
9.78328000000000 1.6057E+04
9.78328000000000 1.6565E+04
9.78328000000000 1.6703E+04
9.78328000000000 1.6134E+04
9.78328000000000 1.6460E+04
9.78328000000000 1.6566E+04
9.78328000000000 1.6420E+04
9.78328000000000 1.6191E+04
9.78328000000000 1.6404E+04
9.78329000000000 1.6238E+04
9.78328000000000 1.6516E+04
9.78328000000000 1.6158E+04
9.78329000000000 1.6325E+04
9.78328000000000 1.6265E+04
9.78329000000000 1.6357E+04
9.78328000000000 1.6663E+04
9.78328000000000 1.6143E+04
9.78328000000000 1.6445E+04
9.78328000000000 1.6374E+04
9.78329000000000 1.6394E+04
9.78328000000000 1.6293E+04
9.78329000000000 1.6493E+04
9.78329000000000 1.6312E+04
9.78329000000000 1.6652E+04
9.78328000000000 1.6478E+04
9.78328000000000 1.6371E+04
9.78329000000000 1.6678E+04
9.78328000000000 1.6493E+04
9.78328000000000 1.6278E+04
9.78329000000000 1.6274E+04
9.78328000000000 1.6382E+04
9.78328000000000 1.6420E+04
9.78329000000000 1.6506E+04
9.78328000000000 1.6043E+04
9.78329000000000 1.6319E+04
9.78328000000000 1.6442E+04
9.78328000000000 1.6272E+04
9.78328000000000 1.6208E+04
9.78328000000000 1.6482E+04
9.78328000000000 1.6272E+04
9.78328000000000 1.6374E+04
9.78328000000000 1.6295E+04
9.78329000000000 1.6453E+04
