9.79368000000000 2270.
9.79368000000000 2182.
9.79358000000000 2226.
9.79358000000000 2226.
9.79287000000000 2203.
9.79379000000000 2153.
9.79352000000000 2108.
9.79379000000000 2263.
9.79379000000000 2263.
9.79385000000000 2181.
9.79366000000000 2208.
9.79314000000000 2228.
9.79314000000000 2228.
9.79368000000000 2194.
9.79368000000000 2187.
9.79368000000000 2182.
9.79287000000000 2176.
9.79287000000000 2176.
9.79368000000000 2174.
9.79327000000000 2157.
9.79368000000000 2170.
9.79379000000000 2197.
9.79379000000000 2197.
9.79368000000000 2154.
9.79379000000000 2167.
9.79368000000000 2268.
9.79368000000000 2268.
9.79368000000000 2217.
9.79358000000000 2234.
9.79368000000000 2191.
9.79366000000000 2242.
9.79366000000000 2242.
9.79312000000000 2294.
9.79368000000000 2172.
9.79314000000000 2217.
9.79368000000000 2291.
9.79368000000000 2291.
9.79379000000000 2250.
9.79368000000000 2188.
9.79358000000000 2193.
9.79358000000000 2193.
9.79358000000000 2152.
9.79368000000000 2231.
9.79379000000000 2187.
9.79368000000000 2181.
9.79368000000000 2181.
9.79366000000000 2241.
9.79368000000000 2229.
9.79314000000000 2138.
9.79368000000000 2196.
9.79368000000000 2196.
9.79379000000000 2261.
9.79385000000000 2275.
9.79368000000000 2275.
9.79358000000000 2210.
9.79358000000000 2210.
9.79368000000000 2203.
9.79314000000000 2172.
9.79287000000000 2318.
9.79368000000000 2298.
9.79368000000000 2298.
9.79368000000000 2110.
9.79368000000000 2258.
9.79368000000000 2186.
9.79358000000000 2242.
9.79358000000000 2242.
9.79350000000000 2232.
9.79379000000000 2198.
9.79368000000000 2210.
9.79368000000000 2210.
9.79368000000000 2187.
9.79368000000000 2309.
9.79368000000000 2190.
9.79379000000000 2213.
9.79379000000000 2213.
9.79368000000000 2210.
9.79379000000000 2212.
9.79368000000000 2255.
9.79331000000000 2250.
9.79331000000000 2250.
9.79327000000000 2245.
9.79383000000000 2313.
9.79368000000000 2242.
9.79368000000000 2138.
9.79368000000000 2138.
9.79358000000000 2138.
9.79379000000000 2140.
9.79368000000000 2220.
9.79287000000000 2248.
9.79287000000000 2248.
9.79368000000000 2263.
9.79277000000000 2298.
9.79368000000000 2226.
9.79368000000000 2226.
9.79368000000000 2228.
9.79368000000000 2303.
9.79385000000000 2158.
9.79368000000000 2381.
9.79368000000000 2381.
9.79368000000000 2234.
9.79368000000000 2233.
9.79368000000000 2196.
9.79331000000000 2089.
9.79331000000000 2089.
9.79368000000000 2234.
9.79368000000000 2255.
9.79358000000000 2165.
9.79368000000000 2135.
9.79368000000000 2135.
9.79327000000000 2137.
9.79368000000000 2250.
9.79314000000000 2158.
9.79314000000000 2174.
9.79314000000000 2174.
9.79368000000000 2199.
9.79379000000000 2260.
9.79368000000000 2167.
9.79368000000000 2167.
9.79358000000000 2287.
9.79331000000000 2117.
9.79314000000000 2161.
9.79339000000000 2318.
9.79339000000000 2318.
9.79368000000000 2158.
9.79368000000000 2203.
9.79287000000000 2178.
9.79316000000000 2214.
9.79316000000000 2214.
9.79368000000000 2226.
9.79358000000000 2209.
9.79379000000000 2232.
9.79368000000000 2301.
9.79368000000000 2301.
9.79368000000000 2219.
9.79316000000000 2169.
9.79358000000000 2206.
9.79379000000000 2159.
9.79379000000000 2159.
9.79368000000000 2198.
9.79368000000000 2212.
9.79379000000000 2144.
9.79379000000000 2144.
9.79358000000000 2245.
9.79327000000000 2202.
9.79314000000000 2252.
9.79327000000000 2234.
9.79327000000000 2234.
9.79368000000000 2168.
9.79368000000000 2130.
9.79358000000000 2233.
9.79368000000000 2184.
9.79368000000000 2184.
9.79379000000000 2119.
9.79368000000000 2177.
9.79368000000000 2256.
9.79385000000000 2204.
9.79385000000000 2204.
9.79281000000000 2215.
9.79368000000000 2140.
9.79379000000000 2194.
9.79368000000000 2170.
9.79368000000000 2170.
9.79354000000000 2199.
9.79379000000000 2191.
9.79314000000000 2153.
9.79314000000000 2153.
9.79358000000000 2177.
9.79314000000000 2265.
9.79281000000000 2161.
9.79379000000000 2166.
9.79379000000000 2166.
9.79327000000000 2260.
9.79368000000000 2296.
9.79358000000000 2188.
9.79368000000000 2238.
9.79368000000000 2238.
9.79368000000000 2215.
9.79366000000000 2307.
9.79368000000000 2207.
9.79350000000000 2202.
9.79350000000000 2202.
9.79314000000000 2155.
9.79358000000000 2182.
9.79383000000000 2187.
9.79383000000000 2187.
9.79314000000000 2197.
9.79329000000000 2219.
9.79368000000000 2260.
9.79368000000000 2231.
9.79368000000000 2231.
9.79327000000000 2243.
9.79368000000000 2158.
9.79379000000000 2233.
9.79331000000000 2249.
9.79331000000000 2249.
9.79368000000000 2250.
9.79368000000000 2236.
9.79358000000000 2267.
9.79358000000000 2267.
9.79368000000000 2150.
9.79368000000000 2195.
9.79327000000000 2187.
9.79368000000000 2300.
9.79368000000000 2300.
9.79368000000000 2232.
9.79368000000000 2237.
9.79358000000000 2225.
9.79358000000000 2213.
9.79358000000000 2213.
9.79327000000000 2261.
9.79379000000000 2251.
9.79368000000000 2147.
9.79368000000000 2147.
9.79358000000000 2218.
9.79368000000000 2275.
9.79302000000000 2234.
9.79379000000000 2213.
9.79379000000000 2213.
9.79314000000000 2108.
9.79331000000000 2162.
9.79379000000000 2147.
9.79379000000000 2147.
9.79366000000000 2183.
9.79327000000000 2147.
9.79379000000000 2213.
9.79358000000000 2262.
9.79358000000000 2262.
9.79314000000000 2191.
9.79368000000000 2241.
9.79366000000000 2140.
9.79379000000000 2265.
9.79379000000000 2265.
9.79358000000000 2229.
9.79352000000000 2130.
9.79366000000000 2213.
9.79368000000000 2230.
9.79368000000000 2230.
9.79314000000000 2161.
9.79352000000000 2226.
9.79368000000000 2101.
9.79368000000000 2101.
9.79366000000000 2329.
9.79287000000000 2081.
9.79302000000000 2213.
9.79379000000000 2225.
9.79379000000000 2225.
9.79368000000000 2173.
9.79352000000000 2186.
9.79327000000000 2107.
9.79368000000000 2255.
9.79368000000000 2255.
9.79379000000000 2286.
9.79314000000000 2197.
9.79350000000000 2179.
9.79350000000000 2179.
9.79368000000000 2249.
9.79314000000000 2242.
9.79350000000000 2165.
9.79368000000000 2225.
9.79368000000000 2225.
9.79368000000000 2281.
9.79358000000000 2183.
9.79368000000000 2175.
9.79379000000000 2127.
9.79379000000000 2127.
9.79330000000000 2245.
9.79366000000000 2248.
9.79358000000000 2161.
9.79358000000000 2161.
9.79358000000000 2190.
9.79379000000000 2230.
9.79368000000000 2203.
9.79287000000000 2305.
9.79287000000000 2305.
9.79368000000000 2104.
9.79368000000000 2167.
9.79379000000000 2139.
9.79358000000000 2310.
9.79358000000000 2310.
9.79379000000000 2131.
9.79358000000000 2251.
9.79379000000000 2174.
9.79379000000000 2174.
9.79368000000000 2199.
9.79327000000000 2184.
9.79368000000000 2270.
9.79379000000000 2184.
9.79379000000000 2184.
9.79379000000000 2190.
9.79314000000000 2281.
9.79379000000000 2324.
9.79368000000000 2198.
9.79368000000000 2198.
9.79368000000000 2172.
9.79331000000000 2240.
9.79314000000000 2305.
9.79358000000000 2288.
9.79358000000000 2288.
9.79358000000000 2280.
9.79368000000000 2236.
9.79314000000000 2232.
9.79368000000000 2224.
9.79368000000000 2224.
9.79368000000000 2269.
9.79368000000000 2205.
9.79368000000000 2301.
9.79358000000000 2111.
9.79358000000000 2111.
9.79379000000000 2195.
9.79314000000000 2196.
9.79368000000000 2344.
9.79368000000000 2344.
9.79339000000000 2201.
9.79368000000000 2184.
9.79314000000000 2167.
9.79379000000000 2191.
9.79379000000000 2191.
9.79439000000000 2182.
9.79277000000000 2227.
9.79379000000000 2164.
9.79358000000000 2216.
9.79358000000000 2216.
9.79368000000000 2208.
9.79368000000000 2144.
9.79358000000000 2264.
9.79368000000000 2244.
9.79368000000000 2244.
9.79379000000000 2267.
9.79358000000000 2167.
9.79358000000000 2172.
9.79379000000000 2157.
9.79379000000000 2157.
9.79379000000000 2118.
9.79368000000000 2241.
9.79368000000000 2225.
9.79368000000000 2225.
9.79314000000000 2158.
9.79368000000000 2283.
9.79327000000000 2142.
9.79368000000000 2113.
9.79368000000000 2113.
9.79368000000000 2217.
9.79368000000000 2198.
9.79316000000000 2274.
9.79314000000000 2190.
9.79314000000000 2190.
9.79368000000000 2227.
9.79287000000000 2210.
9.79366000000000 2264.
9.79366000000000 2264.
9.79368000000000 2189.
9.79368000000000 2328.
9.79366000000000 2198.
9.79368000000000 2155.
9.79368000000000 2155.
9.79314000000000 2149.
9.79331000000000 2178.
9.79385000000000 2171.
9.79368000000000 2232.
9.79368000000000 2232.
9.79368000000000 2148.
9.79366000000000 2177.
9.79368000000000 2126.
9.79368000000000 2126.
9.79368000000000 2336.
9.79283000000000 2140.
9.79368000000000 2163.
9.79368000000000 2228.
9.79368000000000 2228.
9.79368000000000 2224.
9.79368000000000 2132.
9.79366000000000 2269.
9.79262000000000 2263.
9.79262000000000 2263.
9.79358000000000 2258.
9.79316000000000 2167.
9.79368000000000 2218.
9.79381000000000 2188.
9.79381000000000 2188.
9.79331000000000 2225.
9.79314000000000 2172.
9.79314000000000 2280.
9.79314000000000 2280.
9.79262000000000 2222.
9.79368000000000 2187.
9.79368000000000 2186.
9.79358000000000 2128.
9.79358000000000 2128.
9.79379000000000 2175.
9.79368000000000 2319.
9.79368000000000 2206.
9.79314000000000 2265.
9.79314000000000 2265.
9.79379000000000 2263.
9.79314000000000 2317.
9.79379000000000 2210.
9.79368000000000 2216.
9.79368000000000 2216.
9.79314000000000 2139.
9.79368000000000 2155.
9.79358000000000 2259.
9.79368000000000 2177.
9.79368000000000 2177.
9.79358000000000 2312.
9.79368000000000 2211.
9.79368000000000 2208.
9.79379000000000 2176.
9.79379000000000 2176.
9.79314000000000 2286.
9.79358000000000 2153.
9.79368000000000 2235.
9.79368000000000 2235.
9.79358000000000 2196.
9.79385000000000 2257.
9.79277000000000 2193.
9.79277000000000 2232.
9.79277000000000 2232.
9.79379000000000 2235.
9.79368000000000 2159.
9.79327000000000 2326.
9.79368000000000 2260.
9.79368000000000 2260.
9.79368000000000 2184.
9.79368000000000 2204.
9.79366000000000 2220.
9.79368000000000 2171.
9.79368000000000 2171.
9.79287000000000 2244.
9.79368000000000 2279.
9.79379000000000 2238.
9.79379000000000 2174.
9.79379000000000 2174.
9.79368000000000 2178.
9.79368000000000 2281.
9.79368000000000 2201.
9.79368000000000 2201.
9.79368000000000 2235.
9.79368000000000 2274.
9.79368000000000 2194.
9.79368000000000 2249.
9.79368000000000 2249.
9.79379000000000 2256.
9.79368000000000 2257.
9.79368000000000 2255.
9.79368000000000 2168.
9.79368000000000 2168.
9.79358000000000 2201.
9.79314000000000 2099.
9.79368000000000 2231.
9.79368000000000 2186.
9.79368000000000 2186.
9.79379000000000 2208.
9.79379000000000 2319.
9.79368000000000 2289.
9.79368000000000 2289.
9.79368000000000 2144.
9.79366000000000 2253.
9.79368000000000 2257.
9.79287000000000 2204.
9.79287000000000 2204.
9.79379000000000 2147.
9.79368000000000 2176.
9.79366000000000 2263.
9.79368000000000 2250.
9.79368000000000 2250.
9.79356000000000 2222.
9.79379000000000 2222.
9.79379000000000 2155.
9.79368000000000 2279.
9.79368000000000 2279.
9.79379000000000 2200.
9.79358000000000 2225.
9.79368000000000 2220.
9.79368000000000 2297.
9.79368000000000 2297.
9.79368000000000 2250.
9.79368000000000 2264.
9.79314000000000 2166.
9.79379000000000 2190.
9.79379000000000 2190.
9.79368000000000 2247.
9.79368000000000 2220.
9.79368000000000 2174.
9.79368000000000 2174.
9.79287000000000 2184.
9.79368000000000 2105.
9.79358000000000 2260.
9.79350000000000 2237.
9.79350000000000 2237.
9.79354000000000 2269.
9.79368000000000 2051.
9.79368000000000 2193.
9.79287000000000 2305.
9.79287000000000 2305.
9.79358000000000 2226.
9.79368000000000 2259.
9.79385000000000 2280.
9.79368000000000 2134.
9.79368000000000 2134.
9.79368000000000 2235.
