9.79409000000000 4559.
9.79402000000000 4488.
9.79402000000000 4443.
9.79409000000000 4589.
9.79409000000000 4543.
9.79414000000000 4621.
9.79402000000000 4513.
9.79402000000000 4619.
9.79414000000000 4630.
9.79402000000000 4414.
9.79409000000000 4614.
9.79414000000000 4532.
9.79408000000000 4533.
9.79409000000000 4508.
9.79409000000000 4451.
9.79414000000000 4479.
9.79399000000000 4470.
9.79409000000000 4515.
9.79409000000000 4563.
9.79409000000000 4462.
9.79409000000000 4489.
9.79402000000000 4538.
9.79402000000000 4342.
9.79408000000000 4585.
9.79409000000000 4499.
9.79409000000000 4456.
9.79409000000000 4567.
9.79409000000000 4537.
9.79408000000000 4499.
9.79409000000000 4602.
9.79409000000000 4574.
9.79402000000000 4508.
9.79409000000000 4508.
9.79408000000000 4468.
9.79409000000000 4516.
9.79409000000000 4505.
9.79408000000000 4578.
9.79402000000000 4545.
9.79409000000000 4689.
9.79409000000000 4529.
9.79409000000000 4428.
9.79411000000000 4422.
9.79402000000000 4522.
9.79408000000000 4476.
9.79402000000000 4428.
9.79406000000000 4601.
9.79406000000000 4469.
9.79402000000000 4343.
9.79402000000000 4467.
9.79409000000000 4518.
9.79402000000000 4497.
9.79402000000000 4522.
9.79408000000000 4518.
9.79402000000000 4624.
9.79409000000000 4505.
9.79409000000000 4596.
9.79409000000000 4422.
9.79408000000000 4480.
9.79409000000000 4538.
9.79409000000000 4599.
9.79402000000000 4574.
9.79408000000000 4433.
9.79402000000000 4454.
9.79408000000000 4524.
9.79409000000000 4412.
9.79409000000000 4527.
9.79409000000000 4575.
9.79409000000000 4492.
9.79402000000000 4541.
9.79408000000000 4462.
9.79408000000000 4452.
9.79409000000000 4428.
9.79408000000000 4419.
9.79402000000000 4526.
9.79402000000000 4541.
9.79409000000000 4576.
9.79409000000000 4465.
9.79409000000000 4475.
9.79402000000000 4491.
9.79402000000000 4489.
9.79409000000000 4674.
9.79402000000000 4357.
9.79406000000000 4722.
9.79402000000000 4571.
9.79409000000000 4601.
9.79402000000000 4528.
9.79409000000000 4574.
9.79406000000000 4505.
9.79402000000000 4629.
9.79409000000000 4561.
9.79402000000000 4398.
9.79402000000000 4493.
9.79402000000000 4395.
9.79402000000000 4595.
9.79409000000000 4547.
9.79409000000000 4514.
9.79409000000000 4514.
9.79429000000000 4460.
9.79402000000000 4413.
9.79408000000000 4428.
9.79402000000000 4570.
9.79402000000000 4511.
9.79402000000000 4508.
9.79402000000000 4568.
9.79411000000000 4531.
9.79402000000000 4621.
9.79402000000000 4541.
9.79409000000000 4544.
9.79402000000000 4493.
9.79409000000000 4468.
9.79409000000000 4477.
9.79409000000000 4565.
9.79402000000000 4448.
9.79409000000000 4580.
9.79402000000000 4490.
9.79414000000000 4466.
9.79408000000000 4490.
9.79409000000000 4614.
9.79402000000000 4549.
9.79409000000000 4529.
9.79408000000000 4577.
9.79408000000000 4510.
9.79402000000000 4546.
9.79409000000000 4462.
9.79408000000000 4518.
9.79403000000000 4510.
9.79429000000000 4504.
9.79409000000000 4443.
9.79408000000000 4452.
9.79402000000000 4487.
9.79408000000000 4624.
9.79409000000000 4554.
9.79402000000000 4467.
9.79409000000000 4583.
9.79409000000000 4501.
9.79402000000000 4617.
9.79399000000000 4581.
9.79408000000000 4590.
9.79409000000000 4489.
9.79409000000000 4473.
9.79402000000000 4634.
9.79402000000000 4410.
9.79409000000000 4484.
9.79408000000000 4504.
9.79402000000000 4576.
9.79402000000000 4547.
9.79414000000000 4631.
9.79409000000000 4517.
9.79402000000000 4490.
9.79408000000000 4558.
9.79409000000000 4492.
9.79402000000000 4474.
9.79409000000000 4585.
9.79408000000000 4538.
9.79402000000000 4524.
9.79402000000000 4521.
9.79409000000000 4559.
9.79402000000000 4714.
9.79409000000000 4414.
9.79411000000000 4568.
9.79409000000000 4530.
9.79409000000000 4540.
9.79411000000000 4418.
9.79409000000000 4550.
9.79402000000000 4510.
9.79409000000000 4512.
9.79409000000000 4550.
9.79409000000000 4588.
9.79409000000000 4606.
9.79409000000000 4458.
9.79402000000000 4566.
9.79409000000000 4480.
9.79409000000000 4492.
9.79409000000000 4541.
9.79409000000000 4442.
9.79402000000000 4556.
9.79409000000000 4571.
9.79402000000000 4499.
9.79408000000000 4533.
9.79408000000000 4588.
9.79402000000000 4508.
9.79399000000000 4594.
9.79402000000000 4538.
9.79409000000000 4619.
9.79402000000000 4602.
9.79409000000000 4532.
9.79402000000000 4471.
9.79402000000000 4512.
9.79409000000000 4601.
9.79402000000000 4649.
9.79409000000000 4562.
9.79409000000000 4445.
9.79402000000000 4411.
9.79409000000000 4387.
9.79402000000000 4558.
9.79402000000000 4542.
9.79420000000000 4475.
9.79409000000000 4555.
9.79402000000000 4419.
9.79409000000000 4655.
9.79409000000000 4599.
9.79408000000000 4458.
9.79402000000000 4458.
9.79402000000000 4467.
9.79406000000000 4545.
9.79409000000000 4503.
9.79409000000000 4552.
9.79402000000000 4388.
9.79409000000000 4553.
9.79409000000000 4611.
9.79402000000000 4388.
9.79409000000000 4397.
9.79409000000000 4553.
9.79409000000000 4694.
9.79408000000000 4477.
9.79402000000000 4467.
9.79402000000000 4570.
9.79409000000000 4471.
9.79408000000000 4551.
9.79409000000000 4560.
9.79402000000000 4480.
9.79409000000000 4368.
9.79402000000000 4499.
9.79409000000000 4481.
9.79411000000000 4536.
9.79402000000000 4460.
9.79402000000000 4553.
9.79409000000000 4621.
9.79408000000000 4506.
9.79408000000000 4626.
9.79409000000000 4593.
9.79409000000000 4543.
9.79409000000000 4555.
9.79408000000000 4630.
9.79425000000000 4555.
9.79402000000000 4586.
9.79402000000000 4589.
9.79406000000000 4673.
9.79408000000000 4420.
9.79409000000000 4491.
9.79408000000000 4448.
9.79402000000000 4476.
9.79409000000000 4465.
9.79409000000000 4590.
9.79402000000000 4452.
9.79402000000000 4464.
9.79402000000000 4433.
9.79409000000000 4606.
9.79402000000000 4459.
9.79402000000000 4452.
9.79402000000000 4418.
9.79409000000000 4531.
9.79402000000000 4410.
9.79402000000000 4454.
9.79402000000000 4542.
9.79402000000000 4544.
9.79409000000000 4548.
9.79409000000000 4346.
9.79409000000000 4419.
9.79409000000000 4503.
9.79408000000000 4580.
9.79409000000000 4465.
9.79402000000000 4493.
9.79409000000000 4524.
9.79409000000000 4447.
9.79402000000000 4337.
9.79414000000000 4368.
9.79409000000000 4580.
9.79409000000000 4577.
9.79402000000000 4420.
9.79408000000000 4549.
9.79409000000000 4443.
9.79420000000000 4498.
9.79420000000000 4490.
9.79402000000000 4451.
9.79402000000000 4510.
9.79402000000000 4599.
9.79402000000000 4492.
9.79402000000000 4514.
9.79414000000000 4537.
9.79409000000000 4484.
9.79408000000000 4559.
9.79409000000000 4487.
9.79408000000000 4651.
9.79402000000000 4578.
9.79409000000000 4545.
9.79402000000000 4632.
9.79408000000000 4581.
9.79408000000000 4461.
9.79409000000000 4623.
9.79409000000000 4536.
9.79409000000000 4592.
9.79408000000000 4729.
9.79402000000000 4582.
9.79408000000000 4536.
9.79402000000000 4652.
9.79409000000000 4418.
9.79402000000000 4374.
9.79414000000000 4579.
9.79408000000000 4504.
9.79409000000000 4535.
9.79402000000000 4481.
9.79409000000000 4463.
9.79408000000000 4507.
9.79409000000000 4450.
9.79409000000000 4589.
9.79414000000000 4516.
9.79409000000000 4435.
9.79402000000000 4628.
9.79402000000000 4457.
9.79409000000000 4590.
9.79409000000000 4463.
9.79409000000000 4459.
9.79409000000000 4423.
9.79402000000000 4503.
9.79409000000000 4479.
9.79402000000000 4617.
9.79409000000000 4512.
9.79408000000000 4635.
9.79402000000000 4530.
9.79409000000000 4572.
9.79409000000000 4486.
9.79409000000000 4634.
9.79409000000000 4620.
9.79409000000000 4659.
9.79409000000000 4440.
9.79402000000000 4532.
9.79409000000000 4503.
9.79409000000000 4432.
9.79409000000000 4586.
9.79409000000000 4431.
9.79400000000000 4519.
9.79409000000000 4437.
9.79402000000000 4507.
9.79409000000000 4485.
9.79402000000000 4505.
9.79406000000000 4570.
9.79409000000000 4623.
9.79409000000000 4514.
9.79402000000000 4481.
9.79409000000000 4536.
9.79409000000000 4591.
9.79414000000000 4538.
9.79409000000000 4559.
9.79409000000000 4563.
9.79408000000000 4512.
9.79402000000000 4407.
9.79409000000000 4408.
9.79429000000000 4451.
9.79409000000000 4460.
9.79402000000000 4531.
9.79409000000000 4566.
9.79409000000000 4363.
9.79408000000000 4560.
9.79408000000000 4425.
9.79408000000000 4511.
9.79402000000000 4513.
9.79402000000000 4550.
9.79409000000000 4694.
9.79420000000000 4564.
9.79409000000000 4559.
9.79409000000000 4456.
9.79408000000000 4523.
9.79409000000000 4643.
9.79402000000000 4486.
9.79409000000000 4457.
9.79402000000000 4560.
9.79402000000000 4543.
9.79408000000000 4603.
9.79402000000000 4513.
9.79409000000000 4407.
9.79409000000000 4663.
9.79409000000000 4571.
9.79409000000000 4491.
9.79409000000000 4508.
9.79420000000000 4537.
9.79406000000000 4533.
9.79408000000000 4570.
9.79411000000000 4498.
9.79409000000000 4517.
9.79402000000000 4552.
9.79402000000000 4296.
9.79402000000000 4447.
9.79402000000000 4685.
9.79414000000000 4491.
9.79399000000000 4494.
9.79409000000000 4451.
9.79402000000000 4528.
9.79402000000000 4553.
9.79408000000000 4450.
9.79409000000000 4420.
9.79408000000000 4661.
9.79409000000000 4543.
9.79402000000000 4575.
9.79409000000000 4599.
9.79409000000000 4525.
9.79409000000000 4560.
9.79402000000000 4502.
9.79409000000000 4433.
9.79409000000000 4582.
9.79409000000000 4562.
9.79402000000000 4432.
9.79408000000000 4505.
9.79406000000000 4514.
9.79409000000000 4420.
9.79402000000000 4484.
9.79402000000000 4465.
9.79409000000000 4588.
9.79402000000000 4442.
9.79409000000000 4573.
9.79402000000000 4472.
9.79409000000000 4504.
9.79402000000000 4483.
9.79402000000000 4400.
9.79408000000000 4651.
9.79402000000000 4480.
9.79409000000000 4353.
9.79402000000000 4533.
9.79402000000000 4555.
9.79429000000000 4445.
9.79402000000000 4644.
9.79402000000000 4488.
9.79414000000000 4478.
9.79409000000000 4482.
9.79409000000000 4523.
9.79402000000000 4505.
9.79408000000000 4520.
9.79406000000000 4387.
9.79402000000000 4417.
9.79420000000000 4514.
9.79409000000000 4344.
9.79402000000000 4421.
9.79408000000000 4517.
9.79408000000000 4564.
9.79408000000000 4415.
9.79409000000000 4388.
9.79409000000000 4476.
9.79409000000000 4518.
9.79409000000000 4549.
9.79402000000000 4442.
9.79409000000000 4666.
9.79402000000000 4510.
9.79408000000000 4418.
9.79409000000000 4545.
9.79409000000000 4584.
9.79400000000000 4543.
9.79402000000000 4630.
9.79408000000000 4467.
9.79402000000000 4363.
9.79409000000000 4377.
9.79402000000000 4466.
9.79408000000000 4501.
9.79408000000000 4377.
9.79409000000000 4554.
9.79409000000000 4531.
9.79409000000000 4499.
9.79409000000000 4664.
9.79409000000000 4356.
9.79402000000000 4489.
9.79409000000000 4517.
9.79402000000000 4520.
9.79409000000000 4659.
9.79409000000000 4535.
9.79409000000000 4400.
9.79420000000000 4528.
9.79408000000000 4600.
9.79402000000000 4488.
9.79408000000000 4489.
9.79409000000000 4525.
9.79402000000000 4372.
9.79402000000000 4409.
9.79408000000000 4433.
9.79402000000000 4576.
9.79409000000000 4443.
9.79402000000000 4534.
9.79409000000000 4637.
9.79409000000000 4534.
9.79425000000000 4459.
9.79409000000000 4499.
9.79409000000000 4565.
9.79408000000000 4474.
9.79402000000000 4451.
9.79425000000000 4532.
9.79409000000000 4352.
9.79409000000000 4603.
9.79402000000000 4453.
9.79402000000000 4510.
9.79402000000000 4460.
9.79408000000000 4538.
9.79409000000000 4526.
9.79409000000000 4527.
9.79409000000000 4496.
9.79408000000000 4492.
9.79409000000000 4483.
9.79402000000000 4441.
9.79409000000000 4533.
9.79409000000000 4667.
9.79409000000000 4551.
9.79409000000000 4634.
9.79402000000000 4493.
