9.79283000000000 2530.
9.79282000000000 2517.
9.79294000000000 2484.
9.79283000000000 2616.
9.79282000000000 2533.
9.79316000000000 2554.
9.79282000000000 2467.
9.79283000000000 2620.
9.79282000000000 2486.
9.79303000000000 2415.
9.79282000000000 2536.
9.79282000000000 2505.
9.79282000000000 2581.
9.79282000000000 2554.
9.79282000000000 2534.
9.79294000000000 2548.
9.79282000000000 2493.
9.79294000000000 2539.
9.79294000000000 2599.
9.79276000000000 2512.
9.79294000000000 2534.
9.79290000000000 2449.
9.79308000000000 2575.
9.79294000000000 2588.
9.79282000000000 2520.
9.79282000000000 2426.
9.79294000000000 2557.
9.79294000000000 2634.
9.79282000000000 2553.
9.79282000000000 2556.
9.79294000000000 2653.
9.79294000000000 2627.
9.79294000000000 2511.
9.79294000000000 2620.
9.79294000000000 2471.
9.79276000000000 2490.
9.79282000000000 2505.
9.79294000000000 2560.
9.79282000000000 2477.
9.79278000000000 2591.
9.79294000000000 2494.
9.79282000000000 2563.
9.79282000000000 2501.
9.79293000000000 2532.
9.79308000000000 2473.
9.79294000000000 2602.
9.79282000000000 2546.
9.79282000000000 2539.
9.79294000000000 2528.
9.79294000000000 2550.
9.79289000000000 2530.
9.79282000000000 2581.
9.79294000000000 2550.
9.79278000000000 2545.
9.79283000000000 2504.
9.79282000000000 2544.
9.79283000000000 2534.
9.79294000000000 2550.
9.79294000000000 2549.
9.79282000000000 2534.
9.79283000000000 2545.
9.79294000000000 2453.
9.79294000000000 2580.
9.79294000000000 2589.
9.79282000000000 2540.
9.79312000000000 2523.
9.79282000000000 2508.
9.79294000000000 2553.
9.79282000000000 2574.
9.79294000000000 2450.
9.79282000000000 2471.
9.79283000000000 2587.
9.79294000000000 2565.
9.79282000000000 2564.
9.79283000000000 2597.
9.79282000000000 2480.
9.79294000000000 2608.
9.79293000000000 2566.
9.79282000000000 2483.
9.79283000000000 2595.
9.79293000000000 2543.
9.79282000000000 2550.
9.79282000000000 2513.
9.79283000000000 2485.
9.79278000000000 2591.
9.79282000000000 2507.
9.79294000000000 2591.
9.79282000000000 2645.
9.79294000000000 2595.
9.79282000000000 2478.
9.79294000000000 2594.
9.79294000000000 2596.
9.79293000000000 2558.
9.79290000000000 2566.
9.79293000000000 2552.
9.79282000000000 2563.
9.79293000000000 2410.
9.79299000000000 2543.
9.79294000000000 2632.
9.79282000000000 2600.
9.79294000000000 2653.
9.79283000000000 2507.
9.79283000000000 2476.
9.79282000000000 2535.
9.79278000000000 2458.
9.79283000000000 2620.
9.79282000000000 2524.
9.79294000000000 2528.
9.79294000000000 2505.
9.79293000000000 2561.
9.79283000000000 2566.
9.79294000000000 2572.
9.79282000000000 2578.
9.79283000000000 2625.
9.79294000000000 2512.
9.79282000000000 2483.
9.79282000000000 2531.
9.79282000000000 2538.
9.79294000000000 2663.
9.79282000000000 2434.
9.79294000000000 2434.
9.79294000000000 2637.
9.79282000000000 2389.
9.79293000000000 2683.
9.79294000000000 2449.
9.79294000000000 2570.
9.79293000000000 2511.
9.79294000000000 2462.
9.79294000000000 2470.
9.79283000000000 2568.
9.79282000000000 2572.
9.79294000000000 2590.
9.79282000000000 2630.
9.79294000000000 2575.
9.79294000000000 2512.
9.79282000000000 2515.
9.79294000000000 2535.
9.79294000000000 2637.
9.79294000000000 2589.
9.79294000000000 2578.
9.79294000000000 2553.
9.79294000000000 2595.
9.79283000000000 2381.
9.79294000000000 2474.
9.79278000000000 2529.
9.79282000000000 2568.
9.79282000000000 2486.
9.79294000000000 2510.
9.79282000000000 2533.
9.79283000000000 2567.
9.79282000000000 2684.
9.79294000000000 2554.
9.79298000000000 2569.
9.79282000000000 2468.
9.79294000000000 2593.
9.79282000000000 2532.
9.79282000000000 2590.
9.79294000000000 2533.
9.79293000000000 2647.
9.79283000000000 2543.
9.79294000000000 2429.
9.79282000000000 2585.
9.79294000000000 2534.
9.79283000000000 2597.
9.79282000000000 2570.
9.79282000000000 2472.
9.79282000000000 2487.
9.79282000000000 2580.
9.79294000000000 2588.
9.79282000000000 2526.
9.79282000000000 2578.
9.79282000000000 2469.
9.79278000000000 2530.
9.79282000000000 2531.
9.79293000000000 2500.
9.79282000000000 2639.
9.79282000000000 2605.
9.79282000000000 2525.
9.79282000000000 2612.
9.79290000000000 2555.
9.79293000000000 2561.
9.79294000000000 2503.
9.79294000000000 2603.
9.79282000000000 2559.
9.79293000000000 2559.
9.79283000000000 2514.
9.79282000000000 2507.
9.79283000000000 2530.
9.79283000000000 2587.
9.79283000000000 2602.
9.79282000000000 2578.
9.79282000000000 2453.
9.79294000000000 2506.
9.79294000000000 2619.
9.79294000000000 2595.
9.79282000000000 2538.
9.79282000000000 2494.
9.79282000000000 2493.
9.79282000000000 2525.
9.79282000000000 2601.
9.79282000000000 2519.
9.79294000000000 2527.
9.79303000000000 2440.
9.79294000000000 2556.
9.79294000000000 2554.
9.79294000000000 2575.
9.79282000000000 2535.
9.79294000000000 2492.
9.79283000000000 2507.
9.79282000000000 2569.
9.79294000000000 2503.
9.79276000000000 2561.
9.79282000000000 2535.
9.79294000000000 2572.
9.79282000000000 2611.
9.79294000000000 2600.
9.79298000000000 2549.
9.79294000000000 2608.
9.79282000000000 2584.
9.79278000000000 2595.
9.79294000000000 2560.
9.79282000000000 2557.
9.79282000000000 2538.
9.79278000000000 2515.
9.79283000000000 2516.
9.79294000000000 2553.
9.79294000000000 2484.
9.79282000000000 2554.
9.79294000000000 2640.
9.79282000000000 2541.
9.79293000000000 2627.
9.79293000000000 2468.
9.79282000000000 2519.
9.79282000000000 2533.
9.79282000000000 2572.
9.79282000000000 2579.
9.79278000000000 2599.
9.79289000000000 2612.
9.79294000000000 2407.
9.79294000000000 2559.
9.79294000000000 2625.
9.79257000000000 2455.
9.79282000000000 2400.
9.79282000000000 2468.
9.79294000000000 2538.
9.79294000000000 2508.
9.79294000000000 2585.
9.79283000000000 2482.
9.79282000000000 2552.
9.79282000000000 2619.
9.79294000000000 2550.
9.79282000000000 2573.
9.79282000000000 2566.
9.79282000000000 2649.
9.79283000000000 2527.
9.79282000000000 2570.
9.79294000000000 2574.
9.79294000000000 2627.
9.79294000000000 2538.
9.79294000000000 2529.
9.79282000000000 2562.
9.79278000000000 2503.
9.79282000000000 2398.
9.79294000000000 2464.
9.79294000000000 2522.
9.79278000000000 2515.
9.79282000000000 2551.
9.79282000000000 2560.
9.79294000000000 2442.
9.79282000000000 2629.
9.79294000000000 2597.
9.79278000000000 2572.
9.79308000000000 2561.
9.79294000000000 2500.
9.79290000000000 2548.
9.79282000000000 2523.
9.79308000000000 2580.
9.79289000000000 2516.
9.79282000000000 2567.
9.79282000000000 2440.
9.79294000000000 2479.
9.79289000000000 2527.
9.79282000000000 2568.
9.79312000000000 2522.
9.79294000000000 2618.
9.79278000000000 2506.
9.79294000000000 2524.
9.79282000000000 2539.
9.79282000000000 2580.
9.79293000000000 2506.
9.79312000000000 2571.
9.79282000000000 2493.
9.79282000000000 2603.
9.79282000000000 2486.
9.79294000000000 2600.
9.79278000000000 2687.
9.79294000000000 2568.
9.79282000000000 2567.
9.79290000000000 2467.
9.79294000000000 2636.
9.79289000000000 2484.
9.79289000000000 2593.
9.79294000000000 2526.
9.79283000000000 2558.
9.79289000000000 2589.
9.79294000000000 2515.
9.79298000000000 2677.
9.79282000000000 2511.
9.79312000000000 2546.
9.79294000000000 2457.
9.79293000000000 2596.
9.79294000000000 2654.
9.79282000000000 2548.
9.79294000000000 2479.
9.79289000000000 2555.
9.79294000000000 2565.
9.79282000000000 2533.
9.79278000000000 2420.
9.79282000000000 2503.
9.79293000000000 2587.
9.79294000000000 2505.
9.79293000000000 2633.
9.79278000000000 2534.
9.79282000000000 2621.
9.79294000000000 2584.
9.79289000000000 2564.
9.79294000000000 2578.
9.79282000000000 2584.
9.79294000000000 2523.
9.79282000000000 2595.
9.79282000000000 2622.
9.79294000000000 2532.
9.79306000000000 2561.
9.79293000000000 2452.
9.79294000000000 2602.
9.79282000000000 2617.
9.79282000000000 2534.
9.79278000000000 2488.
9.79282000000000 2577.
9.79298000000000 2556.
9.79282000000000 2613.
9.79282000000000 2584.
9.79282000000000 2539.
9.79283000000000 2570.
9.79293000000000 2634.
9.79282000000000 2509.
9.79282000000000 2647.
9.79294000000000 2586.
9.79294000000000 2578.
9.79294000000000 2457.
9.79282000000000 2615.
9.79294000000000 2484.
9.79294000000000 2513.
9.79294000000000 2494.
9.79294000000000 2612.
9.79294000000000 2609.
9.79293000000000 2599.
9.79282000000000 2519.
9.79282000000000 2581.
9.79294000000000 2646.
9.79294000000000 2588.
9.79293000000000 2583.
9.79282000000000 2551.
9.79278000000000 2486.
9.79294000000000 2575.
9.79282000000000 2615.
9.79293000000000 2528.
9.79282000000000 2583.
9.79283000000000 2530.
9.79294000000000 2552.
9.79282000000000 2473.
9.79282000000000 2590.
9.79282000000000 2505.
9.79312000000000 2515.
9.79293000000000 2496.
9.79297000000000 2491.
9.79293000000000 2563.
9.79282000000000 2486.
9.79282000000000 2696.
9.79312000000000 2513.
9.79294000000000 2604.
9.79294000000000 2570.
9.79278000000000 2505.
9.79293000000000 2566.
9.79294000000000 2537.
9.79282000000000 2533.
9.79312000000000 2478.
9.79294000000000 2574.
9.79282000000000 2503.
9.79294000000000 2515.
9.79278000000000 2624.
9.79293000000000 2559.
9.79282000000000 2487.
9.79282000000000 2638.
9.79294000000000 2616.
9.79294000000000 2452.
9.79294000000000 2600.
9.79282000000000 2483.
9.79282000000000 2638.
9.79293000000000 2607.
9.79293000000000 2529.
9.79282000000000 2616.
9.79294000000000 2616.
9.79282000000000 2522.
9.79282000000000 2554.
9.79282000000000 2580.
9.79282000000000 2459.
9.79294000000000 2544.
9.79294000000000 2594.
9.79282000000000 2549.
9.79282000000000 2536.
9.79293000000000 2571.
9.79283000000000 2494.
9.79294000000000 2584.
9.79293000000000 2480.
9.79293000000000 2503.
9.79278000000000 2563.
9.79294000000000 2591.
9.79282000000000 2507.
9.79282000000000 2468.
9.79282000000000 2563.
9.79282000000000 2577.
9.79294000000000 2462.
9.79282000000000 2494.
9.79278000000000 2603.
9.79282000000000 2576.
9.79294000000000 2560.
9.79282000000000 2437.
9.79278000000000 2519.
9.79283000000000 2467.
9.79294000000000 2497.
9.79282000000000 2567.
9.79294000000000 2505.
9.79278000000000 2510.
9.79294000000000 2551.
9.79278000000000 2523.
9.79294000000000 2548.
9.79294000000000 2541.
9.79283000000000 2440.
9.79282000000000 2546.
9.79282000000000 2559.
9.79299000000000 2474.
9.79294000000000 2588.
9.79283000000000 2561.
9.79294000000000 2567.
9.79282000000000 2482.
9.79294000000000 2495.
9.79282000000000 2570.
9.79282000000000 2462.
9.79282000000000 2522.
9.79282000000000 2540.
9.79291000000000 2581.
9.79278000000000 2489.
9.79283000000000 2542.
9.79283000000000 2564.
9.79293000000000 2521.
9.79290000000000 2531.
9.79282000000000 2573.
9.79294000000000 2648.
9.79282000000000 2567.
9.79283000000000 2529.
9.79291000000000 2511.
9.79282000000000 2449.
9.79293000000000 2623.
9.79294000000000 2664.
9.79308000000000 2589.
9.79294000000000 2526.
9.79294000000000 2495.
9.79294000000000 2499.
9.79293000000000 2643.
9.79294000000000 2526.
9.79282000000000 2533.
9.79294000000000 2600.
9.79294000000000 2579.
9.79312000000000 2456.
9.79294000000000 2492.
9.79282000000000 2506.
9.79282000000000 2451.
9.79294000000000 2519.
9.79283000000000 2523.
9.79291000000000 2594.
9.79282000000000 2544.
9.79283000000000 2630.
9.79282000000000 2596.
9.79282000000000 2524.
9.79282000000000 2462.
9.79282000000000 2543.
9.79282000000000 2504.
9.79282000000000 2629.
9.79282000000000 2517.
9.79294000000000 2499.
9.79293000000000 2638.
9.79294000000000 2558.
9.79282000000000 2656.
9.79294000000000 2492.
9.79294000000000 2499.
9.79294000000000 2476.
9.79282000000000 2495.
9.79293000000000 2529.
9.79316000000000 2613.
