9.79306000000000 3765.
9.79316000000000 3773.
9.79316000000000 3655.
9.79293000000000 3604.
9.79316000000000 3595.
9.79301000000000 3697.
9.79316000000000 3724.
9.79306000000000 3702.
9.79301000000000 3728.
9.79306000000000 3599.
9.79301000000000 3676.
9.79316000000000 3786.
9.79316000000000 3737.
9.79316000000000 3738.
9.79306000000000 3827.
9.79306000000000 3759.
9.79316000000000 3740.
9.79306000000000 3736.
9.79306000000000 3777.
9.79316000000000 3847.
9.79293000000000 3812.
9.79316000000000 3755.
9.79306000000000 3918.
9.79316000000000 3782.
9.79316000000000 3586.
9.79306000000000 3790.
9.79316000000000 3798.
9.79316000000000 3680.
9.79306000000000 3752.
9.79306000000000 3651.
9.79299000000000 3726.
9.79301000000000 3771.
9.79306000000000 3735.
9.79316000000000 3745.
9.79306000000000 3707.
9.79316000000000 3806.
9.79316000000000 3743.
9.79306000000000 3899.
9.79306000000000 3695.
9.79306000000000 3808.
9.79316000000000 3736.
9.79316000000000 3818.
9.79306000000000 3680.
9.79306000000000 3636.
9.79296000000000 3809.
9.79316000000000 3711.
9.79316000000000 3657.
9.79304000000000 3759.
9.79306000000000 3635.
9.79304000000000 3745.
9.79316000000000 3724.
9.79301000000000 3828.
9.79316000000000 3700.
9.79311000000000 3676.
9.79316000000000 3649.
9.79316000000000 3821.
9.79316000000000 3576.
9.79306000000000 3702.
9.79306000000000 3617.
9.79306000000000 3591.
9.79306000000000 3841.
9.79306000000000 3751.
9.79316000000000 3844.
9.79304000000000 3764.
9.79306000000000 3686.
9.79316000000000 3738.
9.79316000000000 3713.
9.79316000000000 3645.
9.79306000000000 3839.
9.79306000000000 3808.
9.79316000000000 3801.
9.79316000000000 3740.
9.79316000000000 3835.
9.79306000000000 3708.
9.79301000000000 3686.
9.79306000000000 3773.
9.79311000000000 3713.
9.79316000000000 3801.
9.79306000000000 3685.
9.79306000000000 3771.
9.79316000000000 3727.
9.79304000000000 3756.
9.79306000000000 3817.
9.79316000000000 3797.
9.79316000000000 3823.
9.79296000000000 3728.
9.79304000000000 3762.
9.79306000000000 3744.
9.79316000000000 3755.
9.79306000000000 3719.
9.79306000000000 3658.
9.79306000000000 3806.
9.79311000000000 3855.
9.79316000000000 3761.
9.79301000000000 3703.
9.79306000000000 3739.
9.79316000000000 3805.
9.79306000000000 3812.
9.79316000000000 3850.
9.79301000000000 3741.
9.79316000000000 3692.
9.79306000000000 3907.
9.79293000000000 3879.
9.79306000000000 3734.
9.79316000000000 3834.
9.79316000000000 3722.
9.79316000000000 3627.
9.79316000000000 3620.
9.79316000000000 3731.
9.79306000000000 3708.
9.79306000000000 3967.
9.79304000000000 3706.
9.79306000000000 3749.
9.79306000000000 3669.
9.79306000000000 3699.
9.79301000000000 3743.
9.79316000000000 3664.
9.79301000000000 3702.
9.79316000000000 3735.
9.79306000000000 3745.
9.79306000000000 3674.
9.79316000000000 3686.
9.79306000000000 3688.
9.79293000000000 3689.
9.79306000000000 3801.
9.79316000000000 3712.
9.79304000000000 3754.
9.79316000000000 3888.
9.79306000000000 3734.
9.79316000000000 3772.
9.79306000000000 3860.
9.79306000000000 3711.
9.79306000000000 3730.
9.79313000000000 3751.
9.79306000000000 3631.
9.79301000000000 3729.
9.79306000000000 3882.
9.79316000000000 3674.
9.79293000000000 3708.
9.79316000000000 3712.
9.79316000000000 3751.
9.79309000000000 3790.
9.79316000000000 3713.
9.79306000000000 3731.
9.79306000000000 3677.
9.79306000000000 3838.
9.79306000000000 3752.
9.79306000000000 3716.
9.79306000000000 3664.
9.79316000000000 3767.
9.79316000000000 3760.
9.79306000000000 3740.
9.79316000000000 3881.
9.79301000000000 3787.
9.79306000000000 3865.
9.79306000000000 3732.
9.79301000000000 3771.
9.79301000000000 3709.
9.79309000000000 3806.
9.79316000000000 3832.
9.79301000000000 3851.
9.79316000000000 3732.
9.79316000000000 3731.
9.79306000000000 3798.
9.79316000000000 3713.
9.79301000000000 3699.
9.79293000000000 3572.
9.79296000000000 3759.
9.79304000000000 3708.
9.79306000000000 3766.
9.79316000000000 3711.
9.79306000000000 3693.
9.79316000000000 3688.
9.79316000000000 3672.
9.79306000000000 3780.
9.79316000000000 3643.
9.79316000000000 3721.
9.79313000000000 3653.
9.79306000000000 3676.
9.79316000000000 3680.
9.79306000000000 3722.
9.79306000000000 3802.
9.79316000000000 3755.
9.79299000000000 3784.
9.79316000000000 3638.
9.79301000000000 3727.
9.79306000000000 3719.
9.79306000000000 3671.
9.79316000000000 3813.
9.79296000000000 3846.
9.79306000000000 3748.
9.79316000000000 3781.
9.79306000000000 3817.
9.79304000000000 3616.
9.79306000000000 3740.
9.79316000000000 3749.
9.79301000000000 3745.
9.79316000000000 3684.
9.79306000000000 3755.
9.79306000000000 3706.
9.79313000000000 3723.
9.79301000000000 3791.
9.79306000000000 3754.
9.79316000000000 3569.
9.79306000000000 3693.
9.79313000000000 3716.
9.79313000000000 3763.
9.79306000000000 3657.
9.79316000000000 3777.
9.79316000000000 3602.
9.79306000000000 3790.
9.79316000000000 3724.
9.79316000000000 3842.
9.79316000000000 3783.
9.79306000000000 3677.
9.79316000000000 3809.
9.79316000000000 3717.
9.79293000000000 3749.
9.79306000000000 3775.
9.79301000000000 3763.
9.79306000000000 3631.
9.79316000000000 3843.
9.79304000000000 3697.
9.79306000000000 3709.
9.79301000000000 3614.
9.79306000000000 3705.
9.79301000000000 3743.
9.79316000000000 3649.
9.79316000000000 3754.
9.79311000000000 3651.
9.79316000000000 3752.
9.79314000000000 3900.
9.79316000000000 3793.
9.79306000000000 3714.
9.79301000000000 3686.
9.79316000000000 3713.
9.79293000000000 3624.
9.79316000000000 3773.
9.79306000000000 3760.
9.79313000000000 3826.
9.79316000000000 3752.
9.79304000000000 3779.
9.79304000000000 3741.
9.79313000000000 3706.
9.79316000000000 3814.
9.79306000000000 3763.
9.79316000000000 3678.
9.79306000000000 3760.
9.79301000000000 3812.
9.79296000000000 3707.
9.79306000000000 3646.
9.79306000000000 3713.
9.79316000000000 3636.
9.79306000000000 3757.
9.79316000000000 3815.
9.79316000000000 3861.
9.79306000000000 3723.
9.79301000000000 3708.
9.79296000000000 3806.
9.79301000000000 3793.
9.79316000000000 3722.
9.79306000000000 3760.
9.79316000000000 3727.
9.79299000000000 3701.
9.79316000000000 3916.
9.79316000000000 3898.
9.79306000000000 3838.
9.79316000000000 3691.
9.79306000000000 3798.
9.79313000000000 3781.
9.79316000000000 3737.
9.79306000000000 3883.
9.79301000000000 3711.
9.79314000000000 3714.
9.79316000000000 3772.
9.79306000000000 3799.
9.79316000000000 3661.
9.79316000000000 3707.
9.79306000000000 3808.
9.79306000000000 3570.
9.79301000000000 3778.
9.79301000000000 3827.
9.79306000000000 3767.
9.79316000000000 3667.
9.79316000000000 3721.
9.79301000000000 3690.
9.79301000000000 3769.
9.79306000000000 3775.
9.79306000000000 3687.
9.79296000000000 3693.
9.79306000000000 3700.
9.79306000000000 3746.
9.79306000000000 3743.
9.79316000000000 3674.
9.79301000000000 3710.
9.79316000000000 3741.
9.79301000000000 3735.
9.79316000000000 3777.
9.79316000000000 3741.
9.79301000000000 3804.
9.79306000000000 3795.
9.79304000000000 3781.
9.79316000000000 3701.
9.79316000000000 3841.
9.79306000000000 3748.
9.79306000000000 3654.
9.79316000000000 3734.
9.79304000000000 3738.
9.79306000000000 3794.
9.79304000000000 3817.
9.79316000000000 3703.
9.79306000000000 3641.
9.79300000000000 3647.
9.79306000000000 3823.
9.79316000000000 3778.
9.79306000000000 3795.
9.79306000000000 3807.
9.79306000000000 3630.
9.79306000000000 3836.
9.79316000000000 3781.
9.79306000000000 3711.
9.79316000000000 3797.
9.79316000000000 3732.
9.79301000000000 3740.
9.79306000000000 3684.
9.79304000000000 3765.
9.79306000000000 3814.
9.79316000000000 3711.
9.79303000000000 3588.
9.79316000000000 3729.
9.79316000000000 3713.
9.79316000000000 3858.
9.79296000000000 3742.
9.79306000000000 3779.
9.79316000000000 3803.
9.79301000000000 3781.
9.79304000000000 3908.
9.79306000000000 3680.
9.79306000000000 3870.
9.79303000000000 3740.
9.79306000000000 3775.
9.79306000000000 3801.
9.79306000000000 3649.
9.79316000000000 3727.
9.79309000000000 3800.
9.79306000000000 3783.
9.79306000000000 3876.
9.79306000000000 3783.
9.79316000000000 3828.
9.79316000000000 3721.
9.79306000000000 3866.
9.79306000000000 3762.
9.79306000000000 3737.
9.79306000000000 3746.
9.79306000000000 3803.
9.79306000000000 3830.
9.79316000000000 3921.
9.79306000000000 3759.
9.79306000000000 3771.
9.79301000000000 3680.
9.79306000000000 3784.
9.79306000000000 3734.
9.79301000000000 3658.
9.79306000000000 3934.
9.79306000000000 3844.
9.79306000000000 3682.
9.79306000000000 3825.
9.79306000000000 3760.
9.79306000000000 3699.
9.79306000000000 3757.
9.79311000000000 3822.
9.79306000000000 3732.
9.79316000000000 3705.
9.79316000000000 3818.
9.79306000000000 3694.
9.79296000000000 3753.
9.79306000000000 3830.
9.79304000000000 3861.
9.79306000000000 3715.
9.79316000000000 3810.
9.79316000000000 3775.
9.79316000000000 3626.
9.79306000000000 3704.
9.79306000000000 3769.
9.79304000000000 3744.
9.79306000000000 3826.
9.79306000000000 3850.
9.79306000000000 3714.
9.79316000000000 3828.
9.79306000000000 3788.
9.79316000000000 3656.
9.79316000000000 3689.
9.79306000000000 3803.
9.79311000000000 3593.
9.79316000000000 3662.
9.79306000000000 3715.
9.79316000000000 3822.
9.79306000000000 3692.
9.79316000000000 3757.
9.79306000000000 3655.
9.79316000000000 3789.
9.79306000000000 3702.
9.79316000000000 3616.
9.79316000000000 3735.
9.79316000000000 3723.
9.79306000000000 3748.
9.79306000000000 3847.
9.79316000000000 3659.
9.79306000000000 3822.
9.79316000000000 3826.
9.79306000000000 3713.
9.79306000000000 3707.
9.79306000000000 3791.
9.79295000000000 3703.
9.79306000000000 3837.
9.79316000000000 3638.
9.79316000000000 3694.
9.79316000000000 3725.
9.79306000000000 3747.
9.79316000000000 3701.
9.79313000000000 3789.
9.79316000000000 3805.
9.79306000000000 3839.
9.79316000000000 3762.
9.79316000000000 3753.
9.79306000000000 3771.
9.79301000000000 3764.
9.79306000000000 3737.
9.79306000000000 3712.
9.79306000000000 3778.
9.79301000000000 3657.
9.79316000000000 3820.
9.79306000000000 3868.
9.79316000000000 3705.
9.79316000000000 3663.
9.79316000000000 3700.
9.79316000000000 3747.
9.79306000000000 3731.
9.79306000000000 3683.
9.79304000000000 3870.
9.79309000000000 3766.
9.79306000000000 3713.
9.79306000000000 3758.
9.79301000000000 3757.
9.79316000000000 3764.
9.79306000000000 3803.
9.79316000000000 3696.
9.79316000000000 3734.
9.79316000000000 3879.
9.79306000000000 3767.
9.79306000000000 3789.
9.79316000000000 3728.
9.79316000000000 3791.
9.79316000000000 3741.
9.79306000000000 3673.
9.79306000000000 3743.
9.79306000000000 3785.
9.79301000000000 3761.
9.79293000000000 3726.
9.79311000000000 3768.
9.79301000000000 3659.
9.79306000000000 3756.
9.79296000000000 3718.
9.79293000000000 3783.
9.79306000000000 3843.
9.79306000000000 3771.
9.79306000000000 3797.
9.79293000000000 3675.
9.79316000000000 3815.
9.79316000000000 3743.
9.79306000000000 3864.
9.79306000000000 3759.
9.79316000000000 3678.
9.79309000000000 3672.
9.79301000000000 3692.
9.79316000000000 3736.
9.79316000000000 3833.
9.79306000000000 3871.
9.79296000000000 3754.
9.79316000000000 3835.
9.79306000000000 3697.
9.79301000000000 3763.
9.79316000000000 3807.
9.79316000000000 3872.
9.79306000000000 3744.
9.79314000000000 3639.
9.79316000000000 3752.
9.79301000000000 3739.
9.79316000000000 3678.
9.79316000000000 3790.
9.79304000000000 3785.
9.79316000000000 3783.
9.79306000000000 3825.
9.79306000000000 3777.
9.79316000000000 3771.
9.79304000000000 3623.
9.79304000000000 3704.
9.79316000000000 3837.
9.79316000000000 3787.
9.79316000000000 3783.
