9.79294000000000 3612.
9.79301000000000 3687.
9.79301000000000 3614.
9.79296000000000 3504.
9.79297000000000 3727.
9.79297000000000 3804.
9.79294000000000 3620.
9.79288000000000 3651.
9.79299000000000 3581.
9.79296000000000 3687.
9.79296000000000 3615.
9.79296000000000 3584.
9.79288000000000 3712.
9.79297000000000 3685.
9.79303000000000 3630.
9.79303000000000 3613.
9.79288000000000 3716.
9.79288000000000 3686.
9.79288000000000 3723.
9.79281000000000 3717.
9.79303000000000 3640.
9.79288000000000 3632.
9.79300000000000 3623.
9.79297000000000 3668.
9.79288000000000 3697.
9.79296000000000 3704.
9.79294000000000 3645.
9.79288000000000 3573.
9.79296000000000 3545.
9.79296000000000 3654.
9.79303000000000 3640.
9.79291000000000 3728.
9.79284000000000 3653.
9.79300000000000 3719.
9.79294000000000 3694.
9.79288000000000 3670.
9.79288000000000 3608.
9.79301000000000 3699.
9.79301000000000 3672.
9.79288000000000 3628.
9.79297000000000 3662.
9.79288000000000 3621.
9.79294000000000 3643.
9.79288000000000 3680.
9.79288000000000 3463.
9.79294000000000 3646.
9.79294000000000 3809.
9.79303000000000 3661.
9.79288000000000 3681.
9.79288000000000 3691.
9.79288000000000 3685.
9.79294000000000 3655.
9.79288000000000 3602.
9.79303000000000 3625.
9.79301000000000 3702.
9.79287000000000 3656.
9.79298000000000 3670.
9.79288000000000 3553.
9.79300000000000 3808.
9.79299000000000 3765.
9.79297000000000 3583.
9.79288000000000 3718.
9.79297000000000 3594.
9.79297000000000 3607.
9.79288000000000 3586.
9.79294000000000 3639.
9.79294000000000 3717.
9.79288000000000 3591.
9.79297000000000 3708.
9.79294000000000 3705.
9.79297000000000 3603.
9.79300000000000 3761.
9.79296000000000 3616.
9.79288000000000 3687.
9.79294000000000 3621.
9.79303000000000 3628.
9.79301000000000 3593.
9.79301000000000 3555.
9.79288000000000 3625.
9.79288000000000 3717.
9.79301000000000 3617.
9.79288000000000 3700.
9.79288000000000 3708.
9.79301000000000 3755.
9.79297000000000 3784.
9.79281000000000 3602.
9.79288000000000 3704.
9.79296000000000 3599.
9.79288000000000 3653.
9.79301000000000 3589.
9.79300000000000 3687.
9.79303000000000 3624.
9.79294000000000 3628.
9.79294000000000 3649.
9.79288000000000 3572.
9.79294000000000 3615.
9.79297000000000 3680.
9.79303000000000 3672.
9.79288000000000 3631.
9.79303000000000 3752.
9.79297000000000 3678.
9.79281000000000 3827.
9.79294000000000 3644.
9.79281000000000 3728.
9.79288000000000 3648.
9.79288000000000 3847.
9.79301000000000 3624.
9.79282000000000 3620.
9.79303000000000 3663.
9.79301000000000 3697.
9.79288000000000 3751.
9.79297000000000 3739.
9.79288000000000 3767.
9.79289000000000 3579.
9.79297000000000 3661.
9.79288000000000 3730.
9.79288000000000 3708.
9.79288000000000 3694.
9.79294000000000 3703.
9.79294000000000 3645.
9.79301000000000 3684.
9.79288000000000 3638.
9.79288000000000 3738.
9.79303000000000 3744.
9.79301000000000 3643.
9.79288000000000 3615.
9.79301000000000 3701.
9.79301000000000 3686.
9.79303000000000 3613.
9.79293000000000 3675.
9.79301000000000 3679.
9.79288000000000 3557.
9.79287000000000 3665.
9.79294000000000 3635.
9.79301000000000 3720.
9.79288000000000 3809.
9.79288000000000 3668.
9.79288000000000 3667.
9.79301000000000 3631.
9.79303000000000 3693.
9.79288000000000 3674.
9.79294000000000 3379.
9.79301000000000 3763.
9.79288000000000 3713.
9.79288000000000 3699.
9.79288000000000 3655.
9.79288000000000 3578.
9.79281000000000 3769.
9.79287000000000 3612.
9.79301000000000 3625.
9.79288000000000 3722.
9.79294000000000 3754.
9.79294000000000 3804.
9.79288000000000 3656.
9.79288000000000 3769.
9.79288000000000 3624.
9.79296000000000 3707.
9.79303000000000 3601.
9.79288000000000 3692.
9.79296000000000 3845.
9.79288000000000 3681.
9.79301000000000 3741.
9.79296000000000 3729.
9.79288000000000 3583.
9.79297000000000 3682.
9.79296000000000 3743.
9.79288000000000 3728.
9.79303000000000 3680.
9.79288000000000 3612.
9.79294000000000 3535.
9.79303000000000 3642.
9.79289000000000 3635.
9.79288000000000 3645.
9.79297000000000 3732.
9.79301000000000 3578.
9.79301000000000 3585.
9.79288000000000 3631.
9.79288000000000 3628.
9.79296000000000 3798.
9.79296000000000 3739.
9.79288000000000 3727.
9.79288000000000 3705.
9.79288000000000 3742.
9.79288000000000 3635.
9.79288000000000 3678.
9.79288000000000 3616.
9.79288000000000 3684.
9.79303000000000 3643.
9.79297000000000 3674.
9.79281000000000 3682.
9.79288000000000 3645.
9.79288000000000 3640.
9.79294000000000 3636.
9.79288000000000 3526.
9.79284000000000 3597.
9.79296000000000 3710.
9.79301000000000 3604.
9.79297000000000 3720.
9.79289000000000 3676.
9.79288000000000 3656.
9.79303000000000 3720.
9.79301000000000 3684.
9.79288000000000 3618.
9.79301000000000 3763.
9.79297000000000 3597.
9.79301000000000 3686.
9.79294000000000 3614.
9.79296000000000 3654.
9.79288000000000 3589.
9.79303000000000 3783.
9.79296000000000 3721.
9.79298000000000 3556.
9.79294000000000 3566.
9.79294000000000 3614.
9.79288000000000 3617.
9.79301000000000 3664.
9.79288000000000 3718.
9.79288000000000 3642.
9.79289000000000 3640.
9.79301000000000 3759.
9.79300000000000 3669.
9.79296000000000 3654.
9.79288000000000 3692.
9.79281000000000 3720.
9.79296000000000 3634.
9.79303000000000 3564.
9.79281000000000 3683.
9.79296000000000 3612.
9.79282000000000 3631.
9.79288000000000 3659.
9.79294000000000 3682.
9.79301000000000 3702.
9.79296000000000 3570.
9.79288000000000 3737.
9.79297000000000 3744.
9.79288000000000 3702.
9.79296000000000 3806.
9.79301000000000 3640.
9.79288000000000 3722.
9.79294000000000 3692.
9.79288000000000 3649.
9.79297000000000 3727.
9.79288000000000 3665.
9.79297000000000 3641.
9.79281000000000 3670.
9.79281000000000 3676.
9.79297000000000 3730.
9.79296000000000 3627.
9.79301000000000 3670.
9.79288000000000 3802.
9.79288000000000 3594.
9.79301000000000 3724.
9.79281000000000 3635.
9.79297000000000 3664.
9.79288000000000 3723.
9.79281000000000 3730.
9.79297000000000 3691.
9.79301000000000 3688.
9.79288000000000 3645.
9.79288000000000 3495.
9.79303000000000 3700.
9.79288000000000 3631.
9.79288000000000 3652.
9.79288000000000 3639.
9.79282000000000 3704.
9.79300000000000 3671.
9.79281000000000 3715.
9.79301000000000 3649.
9.79296000000000 3588.
9.79288000000000 3700.
9.79297000000000 3674.
9.79288000000000 3679.
9.79288000000000 3688.
9.79301000000000 3613.
9.79288000000000 3619.
9.79288000000000 3653.
9.79296000000000 3556.
9.79288000000000 3630.
9.79296000000000 3782.
9.79296000000000 3534.
9.79288000000000 3624.
9.79294000000000 3823.
9.79301000000000 3719.
9.79294000000000 3697.
9.79303000000000 3873.
9.79288000000000 3655.
9.79288000000000 3730.
9.79296000000000 3892.
9.79303000000000 3645.
9.79281000000000 3635.
9.79288000000000 3710.
9.79300000000000 3682.
9.79294000000000 3666.
9.79289000000000 3787.
9.79288000000000 3604.
9.79288000000000 3746.
9.79296000000000 3736.
9.79288000000000 3564.
9.79297000000000 3639.
9.79284000000000 3806.
9.79288000000000 3721.
9.79288000000000 3644.
9.79301000000000 3673.
9.79288000000000 3782.
9.79288000000000 3841.
9.79288000000000 3705.
9.79288000000000 3606.
9.79288000000000 3661.
9.79288000000000 3678.
9.79294000000000 3701.
9.79288000000000 3682.
9.79294000000000 3848.
9.79294000000000 3635.
9.79301000000000 3710.
9.79288000000000 3755.
9.79288000000000 3813.
9.79301000000000 3661.
9.79303000000000 3730.
9.79294000000000 3675.
9.79288000000000 3638.
9.79301000000000 3611.
9.79294000000000 3667.
9.79297000000000 3677.
9.79288000000000 3617.
9.79294000000000 3725.
9.79282000000000 3601.
9.79294000000000 3663.
9.79294000000000 3563.
9.79288000000000 3655.
9.79288000000000 3565.
9.79301000000000 3584.
9.79294000000000 3542.
9.79301000000000 3597.
9.79288000000000 3645.
9.79303000000000 3682.
9.79301000000000 3642.
9.79288000000000 3640.
9.79301000000000 3661.
9.79301000000000 3593.
9.79282000000000 3699.
9.79288000000000 3642.
9.79294000000000 3634.
9.79288000000000 3760.
9.79297000000000 3768.
9.79288000000000 3689.
9.79297000000000 3733.
9.79288000000000 3599.
9.79300000000000 3697.
9.79297000000000 3675.
9.79297000000000 3680.
9.79282000000000 3751.
9.79296000000000 3619.
9.79303000000000 3534.
9.79288000000000 3741.
9.79294000000000 3748.
9.79288000000000 3698.
9.79297000000000 3842.
9.79288000000000 3709.
9.79297000000000 3558.
9.79303000000000 3748.
9.79288000000000 3664.
9.79297000000000 3464.
9.79301000000000 3595.
9.79288000000000 3617.
9.79301000000000 3606.
9.79297000000000 3692.
9.79288000000000 3635.
9.79301000000000 3681.
9.79281000000000 3654.
9.79281000000000 3691.
9.79301000000000 3674.
9.79288000000000 3673.
9.79287000000000 3621.
9.79288000000000 3855.
9.79282000000000 3814.
9.79288000000000 3642.
9.79301000000000 3714.
9.79288000000000 3621.
9.79303000000000 3734.
9.79294000000000 3735.
9.79288000000000 3661.
9.79303000000000 3703.
9.79288000000000 3720.
9.79294000000000 3741.
9.79288000000000 3764.
9.79284000000000 3680.
9.79281000000000 3662.
9.79288000000000 3610.
9.79301000000000 3644.
9.79288000000000 3764.
9.79288000000000 3714.
9.79297000000000 3645.
9.79288000000000 3727.
9.79303000000000 3744.
9.79294000000000 3702.
9.79288000000000 3846.
9.79288000000000 3683.
9.79288000000000 3761.
9.79296000000000 3741.
9.79301000000000 3795.
9.79281000000000 3506.
9.79288000000000 3756.
9.79294000000000 3733.
9.79294000000000 3640.
9.79294000000000 3722.
9.79281000000000 3702.
9.79287000000000 3630.
9.79288000000000 3690.
9.79296000000000 3692.
9.79303000000000 3685.
9.79288000000000 3755.
9.79288000000000 3696.
9.79303000000000 3684.
9.79297000000000 3802.
9.79288000000000 3613.
9.79288000000000 3804.
9.79301000000000 3831.
9.79294000000000 3620.
9.79288000000000 3670.
9.79301000000000 3733.
9.79297000000000 3674.
9.79288000000000 3657.
9.79301000000000 3603.
9.79296000000000 3764.
9.79288000000000 3805.
9.79288000000000 3702.
9.79294000000000 3701.
9.79289000000000 3635.
9.79301000000000 3570.
9.79300000000000 3777.
9.79288000000000 3692.
9.79288000000000 3682.
9.79296000000000 3770.
9.79288000000000 3649.
9.79288000000000 3683.
9.79301000000000 3648.
9.79297000000000 3535.
9.79296000000000 3494.
9.79297000000000 3573.
9.79288000000000 3686.
9.79296000000000 3583.
9.79288000000000 3745.
9.79296000000000 3597.
9.79294000000000 3631.
9.79288000000000 3634.
9.79288000000000 3534.
9.79296000000000 3610.
9.79288000000000 3631.
9.79297000000000 3590.
9.79296000000000 3616.
9.79281000000000 3612.
9.79303000000000 3698.
9.79288000000000 3777.
9.79281000000000 3757.
9.79281000000000 3705.
9.79288000000000 3686.
9.79288000000000 3694.
9.79288000000000 3591.
9.79288000000000 3753.
9.79288000000000 3759.
9.79288000000000 3608.
9.79288000000000 3709.
9.79288000000000 3707.
9.79303000000000 3588.
9.79288000000000 3648.
9.79288000000000 3737.
9.79301000000000 3617.
9.79303000000000 3759.
9.79294000000000 3623.
9.79288000000000 3546.
9.79288000000000 3714.
9.79288000000000 3648.
9.79294000000000 3701.
9.79288000000000 3668.
9.79294000000000 3491.
9.79300000000000 3670.
9.79293000000000 3860.
9.79296000000000 3679.
9.79282000000000 3553.
9.79291000000000 3559.
9.79288000000000 3747.
9.79300000000000 3687.
9.79300000000000 3793.
9.79288000000000 3552.
9.79300000000000 3705.
9.79288000000000 3639.
9.79288000000000 3758.
9.79296000000000 3697.
9.79297000000000 3749.
9.79288000000000 3780.
9.79288000000000 3626.
9.79288000000000 3674.
9.79288000000000 3550.
9.79300000000000 3790.
9.79296000000000 3574.
9.79300000000000 3640.
9.79294000000000 3728.
9.79288000000000 3589.
9.79294000000000 3592.
9.79288000000000 3654.
