9.79405000000000 6978.
9.79405000000000 7099.
9.79405000000000 6995.
9.79405000000000 7062.
9.79405000000000 7151.
9.79405000000000 6975.
9.79405000000000 7085.
9.79405000000000 7094.
9.79402000000000 7122.
9.79405000000000 7172.
9.79402000000000 7067.
9.79405000000000 7139.
9.79405000000000 7033.
9.79405000000000 7169.
9.79405000000000 7081.
9.79400000000000 7311.
9.79402000000000 7126.
9.79405000000000 7253.
9.79405000000000 7122.
9.79405000000000 7128.
9.79402000000000 7135.
9.79411000000000 6990.
9.79405000000000 7128.
9.79405000000000 7183.
9.79405000000000 7361.
9.79405000000000 7122.
9.79405000000000 7021.
9.79405000000000 7285.
9.79405000000000 6990.
9.79405000000000 7177.
9.79402000000000 7091.
9.79402000000000 7288.
9.79405000000000 7162.
9.79411000000000 7014.
9.79405000000000 7160.
9.79405000000000 7083.
9.79405000000000 7194.
9.79402000000000 7021.
9.79405000000000 7000.
9.79405000000000 7049.
9.79405000000000 7070.
9.79402000000000 7075.
9.79405000000000 7007.
9.79405000000000 7250.
9.79405000000000 7123.
9.79405000000000 7026.
9.79402000000000 7144.
9.79405000000000 7165.
9.79405000000000 7289.
9.79405000000000 6917.
9.79405000000000 6957.
9.79405000000000 7201.
9.79402000000000 7184.
9.79405000000000 7211.
9.79402000000000 7001.
9.79405000000000 7087.
9.79405000000000 7064.
9.79405000000000 7071.
9.79405000000000 7086.
9.79405000000000 6975.
9.79405000000000 7071.
9.79405000000000 6993.
9.79405000000000 7066.
9.79402000000000 6991.
9.79405000000000 7007.
9.79405000000000 7194.
9.79402000000000 7072.
9.79402000000000 7134.
9.79396000000000 7152.
9.79405000000000 7070.
9.79405000000000 7126.
9.79405000000000 7011.
9.79405000000000 7309.
9.79405000000000 7113.
9.79405000000000 7050.
9.79405000000000 7325.
9.79400000000000 6930.
9.79405000000000 7017.
9.79405000000000 7056.
9.79405000000000 6924.
9.79402000000000 7258.
9.79405000000000 7116.
9.79405000000000 7340.
9.79405000000000 6992.
9.79405000000000 6870.
9.79405000000000 7236.
9.79405000000000 7115.
9.79405000000000 7357.
9.79396000000000 7195.
9.79405000000000 6958.
9.79405000000000 6859.
9.79405000000000 7264.
9.79405000000000 6979.
9.79399000000000 7283.
9.79405000000000 7125.
9.79402000000000 7149.
9.79405000000000 7168.
9.79405000000000 7203.
9.79405000000000 7205.
9.79405000000000 7055.
9.79405000000000 7040.
9.79399000000000 7066.
9.79405000000000 7073.
9.79405000000000 7095.
9.79405000000000 7063.
9.79405000000000 7113.
9.79405000000000 7210.
9.79411000000000 6904.
9.79405000000000 6928.
9.79405000000000 7164.
9.79405000000000 7050.
9.79405000000000 7215.
9.79405000000000 7052.
9.79405000000000 7046.
9.79405000000000 7081.
9.79405000000000 7118.
9.79405000000000 7165.
9.79405000000000 7147.
9.79405000000000 6954.
9.79405000000000 7181.
9.79405000000000 7186.
9.79405000000000 6969.
9.79405000000000 7262.
9.79405000000000 7110.
9.79405000000000 7181.
9.79405000000000 7149.
9.79405000000000 7140.
9.79405000000000 7055.
9.79405000000000 7134.
9.79405000000000 7045.
9.79405000000000 6899.
9.79405000000000 7124.
9.79405000000000 7054.
9.79405000000000 7319.
9.79405000000000 7061.
9.79405000000000 7157.
9.79405000000000 7006.
9.79405000000000 7128.
9.79402000000000 7071.
9.79405000000000 6793.
9.79399000000000 7176.
9.79405000000000 7122.
9.79402000000000 6866.
9.79405000000000 6972.
9.79405000000000 7137.
9.79405000000000 7177.
9.79405000000000 7045.
9.79402000000000 7258.
9.79405000000000 7137.
9.79405000000000 7050.
9.79402000000000 7255.
9.79411000000000 7155.
9.79402000000000 7052.
9.79405000000000 7074.
9.79402000000000 7039.
9.79405000000000 7298.
9.79405000000000 7082.
9.79402000000000 7082.
9.79405000000000 7167.
9.79405000000000 7255.
9.79402000000000 6887.
9.79405000000000 7157.
9.79405000000000 7136.
9.79405000000000 7149.
9.79405000000000 6968.
9.79405000000000 7203.
9.79405000000000 7036.
9.79405000000000 7080.
9.79405000000000 6966.
9.79402000000000 7207.
9.79405000000000 7089.
9.79405000000000 7136.
9.79405000000000 6965.
9.79405000000000 7084.
9.79405000000000 7241.
9.79402000000000 7135.
9.79405000000000 6998.
9.79405000000000 7083.
9.79402000000000 7107.
9.79405000000000 7064.
9.79405000000000 7291.
9.79405000000000 7257.
9.79405000000000 6919.
9.79405000000000 7073.
9.79402000000000 7142.
9.79405000000000 6933.
9.79405000000000 7085.
9.79405000000000 6911.
9.79405000000000 7125.
9.79400000000000 7131.
9.79405000000000 7196.
9.79402000000000 7262.
9.79405000000000 6970.
9.79405000000000 7137.
9.79402000000000 7085.
9.79405000000000 7121.
9.79405000000000 7062.
9.79405000000000 7101.
9.79405000000000 7190.
9.79402000000000 7198.
9.79405000000000 7086.
9.79405000000000 7191.
9.79405000000000 6921.
9.79399000000000 7107.
9.79405000000000 6847.
9.79405000000000 7067.
9.79405000000000 7176.
9.79405000000000 7069.
9.79405000000000 7065.
9.79405000000000 7031.
9.79405000000000 7011.
9.79405000000000 7105.
9.79402000000000 7046.
9.79405000000000 7069.
9.79405000000000 7079.
9.79405000000000 7114.
9.79402000000000 7169.
9.79405000000000 7309.
9.79405000000000 6990.
9.79402000000000 7237.
9.79414000000000 7128.
9.79405000000000 7044.
9.79411000000000 7049.
9.79405000000000 7135.
9.79405000000000 7176.
9.79405000000000 7137.
9.79414000000000 7263.
9.79402000000000 7084.
9.79402000000000 6949.
9.79405000000000 7032.
9.79405000000000 6960.
9.79405000000000 6992.
9.79411000000000 6971.
9.79402000000000 7143.
9.79402000000000 7248.
9.79405000000000 7079.
9.79405000000000 7135.
9.79405000000000 7273.
9.79405000000000 7072.
9.79405000000000 6840.
9.79405000000000 7201.
9.79405000000000 7240.
9.79411000000000 7060.
9.79402000000000 7118.
9.79402000000000 7035.
9.79405000000000 6998.
9.79405000000000 7094.
9.79394000000000 7042.
9.79405000000000 7057.
9.79405000000000 7086.
9.79405000000000 7146.
9.79405000000000 7060.
9.79405000000000 6962.
9.79405000000000 6986.
9.79405000000000 7232.
9.79405000000000 6980.
9.79405000000000 7147.
9.79405000000000 7173.
9.79402000000000 7058.
9.79405000000000 7111.
9.79405000000000 7084.
9.79405000000000 7117.
9.79405000000000 7174.
9.79405000000000 7258.
9.79402000000000 7293.
9.79405000000000 7156.
9.79405000000000 7136.
9.79405000000000 7103.
9.79405000000000 7184.
9.79405000000000 7223.
9.79405000000000 7120.
9.79405000000000 7101.
9.79402000000000 7155.
9.79405000000000 7207.
9.79405000000000 7023.
9.79405000000000 7189.
9.79405000000000 7174.
9.79405000000000 7177.
9.79400000000000 7116.
9.79405000000000 7124.
9.79405000000000 7068.
9.79405000000000 7314.
9.79405000000000 7034.
9.79402000000000 7034.
9.79402000000000 7088.
9.79405000000000 7197.
9.79405000000000 7180.
9.79405000000000 7183.
9.79396000000000 7184.
9.79405000000000 7146.
9.79405000000000 7079.
9.79405000000000 7050.
9.79402000000000 6998.
9.79405000000000 7174.
9.79402000000000 7185.
9.79405000000000 6998.
9.79405000000000 7082.
9.79402000000000 6980.
9.79414000000000 7254.
9.79405000000000 7015.
9.79405000000000 7269.
9.79405000000000 7228.
9.79405000000000 7182.
9.79405000000000 7078.
9.79405000000000 7008.
9.79405000000000 7181.
9.79405000000000 7121.
9.79405000000000 7168.
9.79405000000000 7116.
9.79405000000000 7202.
9.79405000000000 6950.
9.79405000000000 7005.
9.79405000000000 6926.
9.79405000000000 7188.
9.79405000000000 7063.
9.79405000000000 7098.
9.79405000000000 7216.
9.79396000000000 7070.
9.79405000000000 7232.
9.79405000000000 7131.
9.79405000000000 7274.
9.79402000000000 7044.
9.79405000000000 7001.
9.79402000000000 7076.
9.79405000000000 7042.
9.79405000000000 7134.
9.79405000000000 7059.
9.79405000000000 7076.
9.79402000000000 6978.
9.79405000000000 7055.
9.79405000000000 7076.
9.79405000000000 7071.
9.79405000000000 6962.
9.79402000000000 7047.
9.79411000000000 7150.
9.79405000000000 6972.
9.79405000000000 7049.
9.79405000000000 7069.
9.79405000000000 7083.
9.79405000000000 7112.
9.79405000000000 7092.
9.79405000000000 7058.
9.79402000000000 7174.
9.79402000000000 7014.
9.79405000000000 7246.
9.79405000000000 7213.
9.79405000000000 6944.
9.79405000000000 6963.
9.79405000000000 7163.
9.79405000000000 7097.
9.79402000000000 7221.
9.79405000000000 7205.
9.79405000000000 7145.
9.79405000000000 7313.
9.79405000000000 7307.
9.79405000000000 7071.
9.79405000000000 7132.
9.79402000000000 7225.
9.79405000000000 7148.
9.79414000000000 7034.
9.79405000000000 6943.
9.79405000000000 7012.
9.79405000000000 7099.
9.79405000000000 7079.
9.79405000000000 6884.
9.79405000000000 7198.
9.79405000000000 7116.
9.79405000000000 7308.
9.79405000000000 6983.
9.79402000000000 7258.
9.79405000000000 7137.
9.79405000000000 7130.
9.79411000000000 7141.
9.79405000000000 7134.
9.79405000000000 7108.
9.79405000000000 7114.
9.79411000000000 7052.
9.79405000000000 7085.
9.79405000000000 6800.
9.79405000000000 7088.
9.79405000000000 7086.
9.79402000000000 7045.
9.79411000000000 7049.
9.79402000000000 7045.
9.79405000000000 7219.
9.79399000000000 7225.
9.79405000000000 6938.
9.79405000000000 7001.
9.79399000000000 7084.
9.79402000000000 7144.
9.79405000000000 7136.
9.79405000000000 7203.
9.79405000000000 7070.
9.79405000000000 7050.
9.79405000000000 7239.
9.79405000000000 7116.
9.79405000000000 7162.
9.79402000000000 7189.
9.79405000000000 7290.
9.79405000000000 7089.
9.79405000000000 7005.
9.79405000000000 7161.
9.79402000000000 7025.
9.79405000000000 7184.
9.79405000000000 7055.
9.79402000000000 7138.
9.79405000000000 7121.
9.79405000000000 7019.
9.79405000000000 7084.
9.79405000000000 7022.
9.79402000000000 7162.
9.79405000000000 7125.
9.79402000000000 7003.
9.79405000000000 7002.
9.79405000000000 7042.
9.79405000000000 7191.
9.79405000000000 7066.
9.79402000000000 7169.
9.79405000000000 7010.
9.79399000000000 7143.
9.79405000000000 7132.
9.79405000000000 7168.
9.79405000000000 6992.
9.79405000000000 7167.
9.79405000000000 6972.
9.79402000000000 7200.
9.79405000000000 7048.
9.79405000000000 7241.
9.79405000000000 7165.
9.79405000000000 7103.
9.79405000000000 7172.
9.79405000000000 7203.
9.79405000000000 6944.
9.79405000000000 6892.
9.79405000000000 7059.
9.79399000000000 7181.
9.79405000000000 7142.
9.79405000000000 6949.
9.79405000000000 6988.
9.79405000000000 7179.
9.79405000000000 7124.
9.79405000000000 6853.
9.79405000000000 7093.
9.79405000000000 6998.
9.79405000000000 7140.
9.79405000000000 7158.
9.79405000000000 7051.
9.79405000000000 7218.
9.79405000000000 7183.
9.79405000000000 7077.
9.79405000000000 7110.
9.79405000000000 7122.
9.79405000000000 7115.
9.79405000000000 6907.
9.79405000000000 7089.
9.79405000000000 7025.
9.79405000000000 7030.
9.79405000000000 7008.
9.79405000000000 6970.
9.79405000000000 6852.
9.79405000000000 7133.
9.79405000000000 7271.
9.79405000000000 7189.
9.79402000000000 7065.
9.79411000000000 7165.
9.79405000000000 6912.
9.79405000000000 6929.
9.79405000000000 7355.
9.79405000000000 7234.
9.79405000000000 7333.
9.79405000000000 7076.
9.79405000000000 7294.
9.79405000000000 7018.
9.79405000000000 6971.
9.79405000000000 7181.
9.79405000000000 7126.
9.79405000000000 7227.
9.79405000000000 7002.
9.79399000000000 7285.
9.79405000000000 7154.
9.79405000000000 6920.
9.79402000000000 7269.
9.79405000000000 7097.
9.79405000000000 7177.
9.79405000000000 6979.
9.79402000000000 6998.
9.79402000000000 7231.
9.79405000000000 7101.
9.79405000000000 7141.
9.79405000000000 7177.
9.79402000000000 7116.
9.79405000000000 7127.
9.79405000000000 7156.
9.79405000000000 7160.
9.79405000000000 7081.
9.79405000000000 7115.
9.79402000000000 7017.
9.79405000000000 7121.
9.79405000000000 7150.
9.79405000000000 7152.
