9.79338000000000 6976.
9.79394000000000 6978.
9.79338000000000 6889.
9.79336000000000 6905.
9.79367000000000 6979.
9.79394000000000 6807.
9.79336000000000 6855.
9.79338000000000 6962.
9.79400000000000 7071.
9.79367000000000 7022.
9.79338000000000 7037.
9.79338000000000 7126.
9.79340000000000 6973.
9.79340000000000 6841.
9.79353000000000 7032.
9.79340000000000 6789.
9.79338000000000 6886.
9.79336000000000 7141.
9.79340000000000 6989.
9.79404000000000 7051.
9.79340000000000 7116.
9.79342000000000 6929.
9.79338000000000 6928.
9.79367000000000 7205.
9.79336000000000 7031.
9.79387000000000 6939.
9.79338000000000 6936.
9.79340000000000 6967.
9.79338000000000 7001.
9.79340000000000 7054.
9.79338000000000 6947.
9.79338000000000 6906.
9.79340000000000 6922.
9.79336000000000 6925.
9.79340000000000 6994.
9.79338000000000 6951.
9.79338000000000 6837.
9.79367000000000 6833.
9.79367000000000 7031.
9.79396000000000 7021.
9.79338000000000 6742.
9.79342000000000 6926.
9.79340000000000 7095.
9.79405000000000 6881.
9.79338000000000 6981.
9.79338000000000 7100.
9.79336000000000 6901.
9.79338000000000 7096.
9.79338000000000 7084.
9.79340000000000 6848.
9.79336000000000 6945.
9.79338000000000 7008.
9.79400000000000 7128.
9.79338000000000 6880.
9.79402000000000 6971.
9.79338000000000 6831.
9.79338000000000 7017.
9.79336000000000 6954.
9.79338000000000 6839.
9.79342000000000 6919.
9.79367000000000 6800.
9.79402000000000 6980.
9.79353000000000 6972.
9.79400000000000 6926.
9.79357000000000 6825.
9.79338000000000 7001.
9.79340000000000 6800.
9.79336000000000 6927.
9.79336000000000 6917.
9.79404000000000 6968.
9.79340000000000 6885.
9.79338000000000 6896.
9.79338000000000 6955.
9.79338000000000 6926.
9.79338000000000 7023.
9.79338000000000 7057.
9.79400000000000 7022.
9.79338000000000 6868.
9.79338000000000 6904.
9.79340000000000 7097.
9.79340000000000 6865.
9.79367000000000 6945.
9.79402000000000 6961.
9.79353000000000 6915.
9.79340000000000 6795.
9.79355000000000 6897.
9.79338000000000 6909.
9.79340000000000 6967.
9.79367000000000 6769.
9.79400000000000 7049.
9.79400000000000 6807.
9.79338000000000 6823.
9.79400000000000 7129.
9.79336000000000 7063.
9.79336000000000 6955.
9.79338000000000 6856.
9.79338000000000 7132.
9.79338000000000 7048.
9.79338000000000 7018.
9.79338000000000 6867.
9.79336000000000 6893.
9.79367000000000 7021.
9.79338000000000 6897.
9.79400000000000 7037.
9.79340000000000 7143.
9.79338000000000 6993.
9.79362000000000 7047.
9.79355000000000 6911.
9.79355000000000 7022.
9.79342000000000 6924.
9.79353000000000 6821.
9.79336000000000 6842.
9.79338000000000 6940.
9.79394000000000 6875.
9.79338000000000 6960.
9.79338000000000 6934.
9.79336000000000 7090.
9.79338000000000 6992.
9.79338000000000 6971.
9.79367000000000 7141.
9.79400000000000 6815.
9.79338000000000 6785.
9.79340000000000 6952.
9.79405000000000 6859.
9.79404000000000 7099.
9.79400000000000 7038.
9.79338000000000 6993.
9.79336000000000 7092.
9.79336000000000 7025.
9.79338000000000 6959.
9.79336000000000 6811.
9.79425000000000 6800.
9.79338000000000 7040.
9.79334000000000 7167.
9.79405000000000 7025.
9.79336000000000 6876.
9.79338000000000 6917.
9.79342000000000 6852.
9.79336000000000 7070.
9.79340000000000 7051.
9.79338000000000 7115.
9.79336000000000 6915.
9.79396000000000 6787.
9.79400000000000 6944.
9.79338000000000 6992.
9.79340000000000 7053.
9.79396000000000 7055.
9.79336000000000 7050.
9.79400000000000 7119.
9.79338000000000 6851.
9.79340000000000 6909.
9.79400000000000 7017.
9.79336000000000 7016.
9.79340000000000 6833.
9.79367000000000 6750.
9.79357000000000 6895.
9.79336000000000 6710.
9.79338000000000 6966.
9.79404000000000 6951.
9.79338000000000 6993.
9.79338000000000 6821.
9.79367000000000 6933.
9.79402000000000 7018.
9.79367000000000 6770.
9.79338000000000 6925.
9.79398000000000 6939.
9.79398000000000 7069.
9.79338000000000 6913.
9.79396000000000 7064.
9.79338000000000 7092.
9.79425000000000 6938.
9.79338000000000 7051.
9.79338000000000 6870.
9.79359000000000 6822.
9.79367000000000 6913.
9.79336000000000 6690.
9.79338000000000 6984.
9.79355000000000 7016.
9.79336000000000 6839.
9.79338000000000 6928.
9.79402000000000 7111.
9.79396000000000 6908.
9.79394000000000 7032.
9.79367000000000 7053.
9.79338000000000 6859.
9.79338000000000 7117.
9.79336000000000 6884.
9.79338000000000 6965.
9.79367000000000 6920.
9.79367000000000 7142.
9.79338000000000 6957.
9.79342000000000 6921.
9.79340000000000 7065.
9.79336000000000 6991.
9.79338000000000 7048.
9.79336000000000 7043.
9.79367000000000 6883.
9.79338000000000 6974.
9.79353000000000 6958.
9.79400000000000 7025.
9.79336000000000 6944.
9.79338000000000 6996.
9.79342000000000 6979.
9.79402000000000 6861.
9.79338000000000 6822.
9.79336000000000 6884.
9.79338000000000 6923.
9.79340000000000 7044.
9.79338000000000 7000.
9.79338000000000 7004.
9.79338000000000 6633.
9.79342000000000 7117.
9.79340000000000 6988.
9.79336000000000 6788.
9.79338000000000 6971.
9.79402000000000 6900.
9.79336000000000 6917.
9.79353000000000 6758.
9.79338000000000 6852.
9.79355000000000 6935.
9.79396000000000 6952.
9.79336000000000 7056.
9.79338000000000 7117.
9.79367000000000 6911.
9.79374000000000 6753.
9.79338000000000 6930.
9.79355000000000 6768.
9.79336000000000 7086.
9.79336000000000 6928.
9.79367000000000 7049.
9.79402000000000 6978.
9.79338000000000 6882.
9.79342000000000 7067.
9.79336000000000 6832.
9.79338000000000 6949.
9.79367000000000 6919.
9.79338000000000 6805.
9.79338000000000 7051.
9.79404000000000 6928.
9.79342000000000 7133.
9.79336000000000 6936.
9.79338000000000 6930.
9.79342000000000 6985.
9.79336000000000 7023.
9.79338000000000 6866.
9.79367000000000 6999.
9.79402000000000 7156.
9.79338000000000 7076.
9.79340000000000 6862.
9.79338000000000 6952.
9.79338000000000 7045.
9.79367000000000 6855.
9.79336000000000 6963.
9.79400000000000 7079.
9.79336000000000 6955.
9.79396000000000 7006.
9.79338000000000 7067.
9.79342000000000 6924.
9.79338000000000 6932.
9.79353000000000 7015.
9.79336000000000 7041.
9.79402000000000 6895.
9.79367000000000 7078.
9.79340000000000 6913.
9.79338000000000 7006.
9.79338000000000 7054.
9.79398000000000 6849.
9.79340000000000 6795.
9.79367000000000 6936.
9.79342000000000 7057.
9.79338000000000 6961.
9.79340000000000 6963.
9.79336000000000 6893.
9.79336000000000 6787.
9.79336000000000 6896.
9.79336000000000 6911.
9.79394000000000 7132.
9.79355000000000 6945.
9.79367000000000 6915.
9.79338000000000 7002.
9.79394000000000 6853.
9.79404000000000 6992.
9.79340000000000 6969.
9.79336000000000 6972.
9.79355000000000 6971.
9.79338000000000 6892.
9.79338000000000 6958.
9.79353000000000 6899.
9.79338000000000 6780.
9.79342000000000 6986.
9.79336000000000 6925.
9.79336000000000 7096.
9.79342000000000 7148.
9.79338000000000 6855.
9.79338000000000 7080.
9.79367000000000 7102.
9.79402000000000 6908.
9.79338000000000 6865.
9.79338000000000 7068.
9.79425000000000 6978.
9.79387000000000 7068.
9.79338000000000 6853.
9.79338000000000 7001.
9.79367000000000 6928.
9.79336000000000 6991.
9.79387000000000 6880.
9.79338000000000 6855.
9.79340000000000 6980.
9.79340000000000 6874.
9.79338000000000 6921.
9.79338000000000 6833.
9.79340000000000 7022.
9.79353000000000 6866.
9.79338000000000 7013.
9.79405000000000 6917.
9.79387000000000 6882.
9.79338000000000 6915.
9.79338000000000 6743.
9.79367000000000 7021.
9.79338000000000 6890.
9.79338000000000 6880.
9.79336000000000 6973.
9.79336000000000 6912.
9.79338000000000 6919.
9.79338000000000 7013.
9.79338000000000 6924.
9.79340000000000 6980.
9.79402000000000 7064.
9.79336000000000 7095.
9.79336000000000 6925.
9.79336000000000 6908.
9.79338000000000 6987.
9.79338000000000 6728.
9.79338000000000 6948.
9.79338000000000 6899.
9.79402000000000 7044.
9.79340000000000 7008.
9.79340000000000 6991.
9.79338000000000 6866.
9.79338000000000 6969.
9.79342000000000 6610.
9.79338000000000 6845.
9.79340000000000 6808.
9.79355000000000 7100.
9.79336000000000 7037.
9.79338000000000 6891.
9.79340000000000 7028.
9.79336000000000 7006.
9.79338000000000 6914.
9.79338000000000 7093.
9.79364000000000 6772.
9.79355000000000 7053.
9.79340000000000 6873.
9.79338000000000 6921.
9.79400000000000 7110.
9.79342000000000 7154.
9.79340000000000 6979.
9.79340000000000 6867.
9.79338000000000 6884.
9.79336000000000 6982.
9.79336000000000 6839.
9.79336000000000 6969.
9.79340000000000 7200.
9.79394000000000 6970.
9.79338000000000 6858.
9.79338000000000 6801.
9.79338000000000 6884.
9.79355000000000 7054.
9.79340000000000 6956.
9.79336000000000 6944.
9.79338000000000 6850.
9.79338000000000 7016.
9.79336000000000 6843.
9.79340000000000 6895.
9.79338000000000 6995.
9.79367000000000 6981.
9.79400000000000 6900.
9.79336000000000 6816.
9.79367000000000 6974.
9.79353000000000 6920.
9.79334000000000 7058.
9.79336000000000 6890.
9.79336000000000 6938.
9.79373000000000 7029.
9.79338000000000 7091.
9.79405000000000 6924.
9.79367000000000 6828.
9.79338000000000 6851.
9.79338000000000 7143.
9.79338000000000 6843.
9.79342000000000 6885.
9.79402000000000 7102.
9.79425000000000 6893.
9.79338000000000 6989.
9.79336000000000 7033.
9.79355000000000 6805.
9.79342000000000 7146.
9.79405000000000 7081.
9.79353000000000 6826.
9.79338000000000 6952.
9.79400000000000 6958.
9.79340000000000 6936.
9.79367000000000 7141.
9.79338000000000 6872.
9.79338000000000 6875.
9.79313000000000 7076.
9.79338000000000 6845.
9.79400000000000 6811.
9.79338000000000 7079.
9.79336000000000 6842.
9.79400000000000 6859.
9.79405000000000 6983.
9.79367000000000 6840.
9.79340000000000 6880.
9.79396000000000 7064.
9.79338000000000 6910.
9.79338000000000 6752.
9.79338000000000 7074.
9.79367000000000 6763.
9.79338000000000 6882.
9.79338000000000 6809.
9.79340000000000 6893.
9.79367000000000 7051.
9.79338000000000 6976.
9.79336000000000 6842.
9.79367000000000 7117.
9.79338000000000 7079.
9.79367000000000 7076.
9.79342000000000 6986.
9.79338000000000 7111.
9.79338000000000 7146.
9.79336000000000 6963.
9.79338000000000 6880.
9.79338000000000 6896.
9.79338000000000 7096.
9.79338000000000 6858.
9.79367000000000 6998.
9.79340000000000 6764.
9.79336000000000 7044.
9.79338000000000 6958.
9.79336000000000 6859.
9.79336000000000 6862.
9.79400000000000 6852.
9.79398000000000 7026.
9.79338000000000 6954.
9.79338000000000 7100.
9.79338000000000 6849.
9.79342000000000 7037.
9.79398000000000 6924.
9.79404000000000 6961.
9.79336000000000 7021.
9.79338000000000 6866.
9.79336000000000 6811.
9.79340000000000 6925.
9.79367000000000 6914.
9.79336000000000 6946.
9.79336000000000 6885.
9.79338000000000 6907.
9.79336000000000 6938.
9.79367000000000 7137.
9.79425000000000 6889.
9.79338000000000 6858.
9.79338000000000 7049.
9.79338000000000 6989.
9.79338000000000 6978.
9.79336000000000 6941.
9.79338000000000 6929.
9.79338000000000 6770.
9.79342000000000 7093.
9.79394000000000 7018.
9.79340000000000 6910.
9.79321000000000 6999.
9.79404000000000 7044.
9.79355000000000 6923.
9.79336000000000 6890.
9.79402000000000 6901.
9.79338000000000 6987.
9.79367000000000 6919.
9.79336000000000 7050.
9.79367000000000 7003.
9.79338000000000 6991.
9.79336000000000 6858.
9.79338000000000 6794.
9.79373000000000 6866.
9.79336000000000 7091.
9.79338000000000 7005.
9.79338000000000 7056.
9.79338000000000 6884.
9.79355000000000 6991.
9.79400000000000 6898.
9.79338000000000 7098.
9.79336000000000 6858.
9.79420000000000 6763.
9.79402000000000 7165.
9.79338000000000 6863.
9.79396000000000 6893.
9.79340000000000 7007.
9.79336000000000 6892.
9.79338000000000 7028.
9.79404000000000 6962.
